100
100
42 21 97 62 18 25 70 80 78 21 52 63 36 53 92 32 8 40 80 28 63 86 76 39 7 4 82 92 69 88 89 54 50 3 62 14 10 34 91 17 54 64 56 56 25 72 51 32 62 53 79 7 32 11 36 92 53 28 25 21 47 20 46 79 20 85 8 30 84 90 90 59 93 13 29 58 54 91 23 68 89 10 11 85 82 18 4 65 11 57 4 7 13 40 83 63 78 63 92 92 
100
29 55 51 93 63 5 32 18 88 97 7 17 65 65 69 30 22 99 17 62 39 38 90 35 51 72 12 52 54 35 82 62 80 49 27 44 24 81 75 47 73 100 24 49 66 72 100 51 17 14 46 72 99 14 16 15 46 39 67 36 58 68 65 96 12 66 42 63 32 86 30 9 70 54 9 19 64 40 45 78 66 75 60 14 2 36 46 45 68 42 45 82 16 29 53 16 7 40 87 90 
100
96 87 92 93 84 32 31 59 19 100 91 6 20 1 82 100 43 77 51 21 51 73 73 91 95 95 95 48 40 81 83 1 62 51 26 74 5 18 22 94 52 38 15 72 25 73 82 70 80 53 39 93 57 100 49 6 3 6 39 39 22 47 65 53 35 57 71 60 87 48 85 75 17 44 17 86 28 91 56 49 4 4 39 23 12 39 81 43 48 14 17 26 83 11 98 45 8 90 40 100 
100
12 18 57 91 76 71 4 67 73 99 34 100 67 17 87 51 78 17 70 15 38 22 27 28 34 96 61 45 19 6 61 21 30 43 81 16 79 35 12 32 40 60 1 16 1 50 11 87 69 72 72 4 73 51 100 97 87 56 59 26 18 53 85 83 68 84 38 60 84 56 63 76 69 48 27 24 46 61 93 45 96 2 18 93 57 26 74 73 98 81 68 75 31 3 49 87 66 21 11 14 
100
29 66 74 27 44 85 100 40 42 75 52 60 63 12 16 87 82 33 69 37 71 84 39 72 96 79 40 63 96 90 21 7 64 52 60 5 89 12 32 8 66 68 14 57 22 18 96 84 44 68 83 36 15 81 84 94 92 14 31 82 90 87 60 94 84 15 39 59 80 77 94 69 48 32 87 47 73 47 51 59 88 33 9 19 20 52 4 75 43 8 65 85 16 15 83 27 21 19 11 20 
100
94 92 42 82 61 14 4 70 64 84 8 76 88 46 46 56 87 33 59 62 28 65 55 66 2 92 75 35 62 28 93 9 97 68 5 99 78 75 9 54 91 78 53 80 85 29 39 13 12 67 37 12 65 93 84 40 8 92 35 77 45 22 25 76 58 82 79 57 17 31 69 64 86 71 2 54 16 16 19 38 80 63 40 87 21 20 13 12 50 92 92 9 41 40 70 63 86 75 27 23 
100
100 14 37 39 45 83 44 66 47 96 36 2 77 41 55 18 8 25 18 16 92 39 93 3 35 23 65 94 95 85 50 53 29 56 77 12 100 84 39 65 60 68 2 72 45 69 28 82 95 97 98 78 87 87 7 40 45 83 13 63 39 20 47 88 26 5 15 49 84 61 14 30 74 98 70 99 3 83 31 25 84 88 30 10 93 42 25 15 36 36 95 72 77 42 59 99 42 64 18 100 
100
19 49 22 37 4 56 100 12 30 22 62 41 28 66 57 94 59 29 56 12 32 2 58 36 100 73 45 42 24 50 68 97 87 49 34 39 24 71 75 81 8 48 86 62 31 38 96 8 86 76 96 4 41 68 27 76 14 46 74 58 78 35 62 50 2 73 51 66 37 35 56 58 100 67 94 91 46 90 34 20 17 75 88 98 32 84 50 79 10 9 6 26 55 7 75 77 38 36 41 53 
100
7 40 70 73 78 47 95 16 63 12 32 60 43 70 21 31 3 88 82 69 80 54 56 2 47 5 60 54 9 72 35 45 90 45 22 52 58 30 24 73 80 45 74 66 58 24 90 21 64 9 68 19 60 49 16 82 38 35 28 51 77 67 49 84 34 76 83 46 96 47 79 71 79 1 59 1 41 50 16 38 9 7 11 11 42 57 8 47 24 7 68 26 5 14 68 1 91 47 2 96 
100
4 97 92 53 54 47 68 14 27 80 50 66 48 17 100 92 50 7 13 12 85 90 47 70 45 29 52 57 9 51 43 72 38 45 60 51 32 5 44 32 50 98 53 31 16 33 82 63 64 47 42 22 58 16 94 60 1 68 16 82 85 32 97 36 98 55 55 33 40 13 59 19 33 48 65 99 9 49 90 86 12 69 81 7 13 72 73 47 21 63 17 70 45 97 21 28 36 59 12 44 
100
68 64 55 84 96 85 93 13 58 30 11 36 19 29 22 37 79 12 51 23 5 45 22 25 90 4 54 23 97 84 4 75 27 14 50 53 19 79 70 54 57 92 22 33 99 94 46 12 81 90 85 72 97 7 28 97 1 31 97 33 19 92 10 39 93 74 16 5 6 48 51 37 37 10 7 38 73 46 5 66 85 31 86 3 81 57 99 64 100 11 25 54 47 77 39 87 34 18 74 81 
100
86 29 13 54 78 30 85 78 98 15 6 73 61 7 59 11 1 59 70 50 29 36 91 15 70 56 71 59 14 24 48 83 53 5 47 45 52 90 37 29 40 46 98 37 63 2 63 77 94 29 45 97 98 53 63 27 66 57 57 23 89 41 85 22 24 94 78 27 31 3 18 96 5 95 40 88 61 67 35 15 82 98 58 91 37 80 32 42 69 64 17 40 23 65 14 62 60 46 41 47 
100
44 29 61 74 96 21 17 8 54 8 82 23 98 67 14 56 13 31 10 45 2 64 52 93 25 4 22 92 99 30 9 98 45 44 61 83 60 53 32 48 49 35 93 89 19 24 32 38 89 87 95 95 40 18 26 15 33 86 86 87 47 34 10 42 55 87 91 80 51 76 14 5 96 25 60 71 11 41 10 31 83 92 80 96 61 82 78 8 56 78 33 59 46 98 51 89 87 95 51 16 
100
8 72 67 2 90 14 10 35 100 26 64 2 46 90 56 36 24 80 65 14 91 73 80 49 90 14 61 83 91 29 44 63 75 97 58 51 79 89 44 5 97 14 87 60 86 88 17 36 97 96 31 21 72 27 59 88 70 89 91 86 25 42 71 81 40 65 84 45 99 12 25 7 57 43 39 48 7 60 35 95 92 13 10 27 49 84 25 40 17 96 14 16 39 13 83 75 35 42 56 58 
100
90 33 94 47 54 7 51 86 9 72 15 10 69 37 49 86 48 20 46 45 69 11 25 9 83 25 17 20 48 58 15 12 88 81 19 64 35 15 27 34 41 69 69 52 28 22 38 82 7 54 80 96 53 70 37 47 52 61 68 85 3 99 16 55 74 32 71 83 56 83 1 45 89 39 36 21 29 41 42 17 5 27 88 5 93 69 38 36 33 22 17 64 76 70 44 14 74 25 66 11 
100
17 30 66 86 94 41 72 13 17 70 60 57 70 27 17 66 65 11 91 75 72 76 11 4 44 18 98 5 65 70 25 88 62 49 45 21 48 93 23 61 34 88 5 21 26 66 29 73 85 14 77 93 48 83 67 6 69 21 3 84 20 61 4 46 87 85 28 7 88 9 83 68 29 9 4 90 93 52 60 41 29 48 95 57 93 23 29 32 24 97 63 84 57 75 70 42 32 84 35 15 
100
80 74 28 82 91 75 26 59 87 56 63 22 5 98 78 7 43 35 56 73 18 87 37 72 94 36 64 27 81 62 47 13 18 36 63 80 98 51 46 12 24 16 22 9 22 3 65 35 14 17 85 41 61 31 18 4 37 84 5 30 27 93 24 54 21 94 51 29 100 21 65 77 12 66 36 73 94 25 33 6 38 71 19 1 15 37 21 21 4 6 78 9 44 60 97 21 4 6 45 25 
100
59 60 55 59 63 15 25 71 18 62 65 19 31 13 39 88 74 16 79 94 46 72 95 22 62 98 19 82 41 46 97 5 17 70 63 93 77 62 91 85 51 43 82 11 62 77 92 82 100 94 100 79 18 36 79 1 51 12 57 94 47 43 2 84 93 93 54 60 62 89 96 5 39 100 68 4 41 38 3 31 36 53 55 68 26 23 86 56 41 10 16 40 82 81 17 6 3 98 15 10 
100
67 66 72 83 80 17 74 52 29 87 20 44 26 82 96 38 5 21 46 97 94 11 11 96 10 68 65 15 70 57 63 45 82 38 88 65 8 42 85 47 87 37 98 88 58 81 48 100 59 69 96 55 32 45 79 62 79 4 51 80 8 98 25 89 5 97 75 77 21 38 92 7 13 44 82 28 72 65 3 95 76 73 63 59 66 2 32 35 45 56 3 5 28 60 58 100 18 51 83 86 
100
6 18 28 94 17 84 79 15 56 56 24 10 44 43 28 4 47 71 53 42 60 5 64 72 42 1 90 84 15 20 93 37 35 14 32 100 38 80 74 21 42 24 4 97 47 44 58 38 37 68 51 36 68 83 94 67 51 19 12 12 27 75 95 65 48 10 73 47 23 34 14 18 6 62 46 64 18 20 39 30 95 53 49 63 9 42 94 89 57 35 96 1 77 58 69 34 13 50 87 5 
100
66 36 28 7 72 74 83 88 31 46 19 43 61 58 96 1 31 73 68 78 61 32 44 6 55 3 51 88 62 89 81 13 6 55 11 67 16 59 19 84 11 80 32 65 35 6 63 70 19 58 47 19 55 92 5 55 72 70 47 24 59 93 92 56 23 99 89 71 7 39 29 56 91 80 23 72 65 2 47 57 99 55 44 67 40 65 78 69 4 25 8 5 20 88 67 41 9 55 87 17 
100
11 88 53 93 29 63 66 81 35 42 8 46 9 9 79 14 98 57 9 46 23 87 80 88 13 3 87 68 32 57 83 95 42 91 20 10 95 5 5 87 38 98 81 57 75 100 50 1 71 30 86 85 85 87 91 4 50 29 51 77 76 47 9 81 58 44 10 7 47 94 56 14 52 86 78 83 23 40 80 27 37 4 54 91 54 70 51 33 36 76 72 77 13 42 12 21 65 3 47 81 
100
55 73 46 35 62 33 29 14 20 84 11 52 34 77 41 78 90 32 73 23 73 98 93 27 7 98 29 65 21 76 53 51 18 56 43 93 1 40 31 21 37 5 8 53 28 32 38 37 98 89 60 79 66 68 79 8 83 99 8 37 24 90 39 25 35 49 24 29 83 99 19 1 88 31 6 97 57 24 13 40 28 4 69 64 64 66 66 90 99 68 20 39 73 30 87 92 68 29 97 97 
100
86 78 26 48 40 2 10 88 32 62 60 48 77 15 51 90 9 32 57 83 64 7 57 69 60 84 89 79 8 75 77 63 28 89 27 25 97 66 3 63 73 74 85 48 46 48 56 6 99 66 85 23 95 18 40 54 25 4 18 98 95 41 69 6 75 63 60 49 63 83 38 33 44 83 16 28 73 12 16 39 13 71 93 84 34 58 1 11 64 49 26 93 77 69 36 99 90 42 81 55 
100
46 64 34 62 61 39 66 41 100 55 88 49 47 20 62 72 39 6 3 27 1 93 16 93 90 33 15 97 80 12 84 71 42 42 92 82 76 32 54 86 10 100 52 88 76 89 79 35 52 92 75 42 28 58 33 61 62 87 25 88 51 94 18 49 47 97 28 74 97 75 33 43 90 21 99 33 86 14 65 39 27 50 24 64 69 93 36 98 86 23 47 1 10 92 62 42 53 33 77 89 
100
80 88 23 81 66 100 2 55 48 87 8 6 51 42 19 54 96 38 2 78 80 27 85 43 53 37 9 25 9 46 52 23 17 51 11 99 17 86 100 3 38 19 63 27 60 18 64 35 37 1 87 23 25 50 66 50 28 10 86 62 89 3 36 1 13 92 14 73 71 79 10 12 76 20 15 35 94 42 74 75 13 1 14 89 94 51 95 54 27 64 87 98 34 81 86 30 54 66 71 23 
100
40 99 64 50 30 68 71 89 81 8 85 87 38 68 32 54 1 95 35 20 43 45 16 12 77 8 25 15 82 74 35 62 44 5 21 69 65 40 48 37 53 43 66 54 74 80 4 40 68 10 35 87 62 61 74 76 45 28 54 74 83 32 34 17 3 94 57 62 35 83 1 67 38 94 5 92 27 34 74 99 1 40 6 39 69 98 9 35 53 93 93 25 91 16 75 61 21 98 77 96 
100
1 47 95 48 52 18 97 62 63 85 8 21 14 68 37 89 44 31 56 76 87 10 81 72 84 58 26 1 10 73 5 83 72 46 25 75 19 31 31 7 76 99 84 32 62 7 83 40 68 95 64 67 54 57 86 85 92 5 85 29 74 79 80 60 46 97 100 89 55 4 3 95 28 94 10 35 100 74 85 20 11 99 8 65 69 8 93 42 38 7 17 61 70 80 19 58 73 36 8 8 
100
29 83 32 43 58 11 63 75 26 39 83 2 99 47 85 53 2 4 14 42 93 74 60 18 84 11 66 29 43 43 100 39 43 2 66 38 14 82 95 27 91 86 60 33 94 58 10 3 60 88 25 70 23 31 78 35 73 5 80 74 6 78 61 15 58 66 66 8 84 15 25 47 83 9 57 5 22 70 24 19 91 78 68 97 99 57 51 40 78 62 33 68 44 88 90 70 31 39 24 65 
100
55 66 49 31 98 10 93 35 90 57 43 2 55 84 34 23 77 46 34 46 81 94 42 27 95 98 8 7 9 89 51 66 74 6 81 64 20 3 57 26 6 28 42 71 100 83 9 40 65 40 51 100 76 9 27 96 94 36 58 14 39 4 24 26 6 64 2 53 90 6 65 22 26 83 30 83 74 11 61 73 23 4 7 34 94 86 31 6 69 82 9 19 19 19 94 78 92 84 35 55 
100
86 47 48 100 5 90 34 37 66 16 32 29 100 6 62 61 62 10 87 29 100 88 1 39 92 83 94 5 52 58 50 41 29 72 62 54 93 73 3 5 18 54 75 97 46 74 67 28 62 29 74 5 99 1 37 70 42 8 64 51 62 46 51 79 3 27 80 47 33 67 8 3 19 32 33 3 6 92 83 71 13 91 57 31 50 95 50 34 4 18 75 28 91 11 15 77 33 70 10 92 
100
26 69 42 32 50 79 3 61 73 59 89 58 87 64 32 66 61 88 99 97 64 33 19 97 1 35 90 16 77 71 67 55 54 79 69 15 41 75 68 67 37 28 2 46 52 67 90 75 100 13 57 14 49 40 9 93 57 48 91 15 13 59 48 27 10 61 24 76 26 16 22 99 83 67 45 14 76 90 71 32 28 61 19 66 39 40 77 80 72 99 63 78 91 61 12 48 78 39 15 12 
100
19 98 37 19 48 100 28 91 11 11 24 72 95 42 6 11 55 42 78 75 1 40 61 98 81 83 100 75 39 40 80 54 50 88 2 75 11 11 12 75 74 91 17 92 66 10 57 59 63 55 45 61 47 34 74 41 86 27 72 59 63 61 8 26 86 4 41 1 95 87 47 65 15 38 53 42 42 38 41 50 84 6 30 66 12 6 5 70 58 62 3 84 35 98 34 80 39 72 77 15 
100
34 93 1 74 39 15 89 93 13 6 86 99 78 34 96 94 91 41 87 74 100 4 1 67 76 15 95 53 25 81 27 21 39 81 13 20 90 11 25 53 29 54 3 10 62 74 39 98 84 25 16 27 54 93 40 11 53 24 66 16 95 34 66 97 34 79 48 94 69 11 60 71 84 82 21 23 82 87 80 50 74 10 63 92 23 69 9 52 73 60 81 82 63 93 51 17 79 67 77 72 
100
14 61 26 17 12 93 83 63 8 85 55 8 55 14 25 66 39 35 87 59 62 61 4 82 80 12 97 88 86 28 13 15 71 13 88 18 56 56 70 85 74 84 23 30 14 95 13 76 46 4 3 91 23 17 25 44 99 28 9 95 19 72 32 22 19 45 14 59 40 51 73 37 38 67 13 87 80 95 64 34 25 44 80 36 60 45 85 32 6 25 99 64 78 53 77 73 41 23 99 82 
100
52 18 9 87 95 80 28 48 79 92 41 84 10 39 40 15 33 53 71 83 50 95 2 97 19 36 25 80 71 41 20 42 12 45 66 4 81 65 45 11 40 87 21 67 74 81 99 90 34 64 80 84 19 46 39 98 34 1 59 44 84 81 16 100 96 35 99 36 87 39 64 66 83 39 11 46 45 9 27 56 11 24 31 44 54 37 85 82 32 39 4 57 8 8 96 83 24 14 97 53 
100
55 66 100 77 80 14 32 69 4 41 25 82 60 19 18 53 37 49 1 13 91 44 83 21 55 81 51 63 60 48 59 73 56 73 89 94 100 38 84 73 57 95 72 86 21 54 57 53 50 10 6 35 8 66 65 2 49 22 34 96 24 18 14 99 30 54 57 59 97 48 30 29 26 40 97 15 82 41 29 4 67 64 5 29 24 78 21 31 2 65 29 71 72 71 1 60 93 99 25 96 
100
89 88 67 93 21 67 23 41 75 3 98 8 70 59 18 62 65 56 56 81 26 99 31 51 69 57 1 70 73 69 8 3 30 66 2 98 56 26 88 89 37 74 91 99 17 10 80 22 13 75 46 2 29 76 17 56 57 90 97 87 47 76 75 74 26 85 72 23 86 71 96 54 90 44 65 96 90 87 63 58 51 33 30 96 15 60 26 19 97 87 6 95 17 48 85 89 76 79 32 20 
100
15 11 84 64 12 10 87 52 96 68 1 20 94 84 77 79 41 62 83 67 86 80 8 65 52 64 8 98 76 26 59 34 86 30 100 92 21 84 54 54 3 94 47 19 68 93 78 58 97 68 67 56 14 61 66 53 21 78 84 51 21 15 5 83 5 4 15 93 91 81 89 74 63 61 40 40 88 24 38 33 32 64 47 91 31 74 57 39 22 32 82 27 5 54 85 94 15 25 82 47 
100
28 43 25 73 36 24 26 1 74 13 96 24 91 95 99 43 72 78 76 12 61 43 94 83 15 42 52 92 100 52 16 79 10 40 78 85 70 56 29 57 86 95 5 52 60 73 30 24 73 90 52 67 36 30 19 66 31 17 65 23 56 38 6 92 80 81 31 41 21 34 94 49 28 28 89 99 29 61 17 87 61 42 24 4 53 83 46 64 93 41 13 86 16 15 15 26 6 70 85 98 
100
33 88 89 96 60 14 47 64 33 85 99 59 74 18 61 96 55 84 22 33 30 11 7 89 58 3 76 58 84 75 71 98 46 66 1 58 78 74 51 48 44 83 9 4 35 62 3 5 77 39 80 78 56 23 72 13 11 50 49 90 66 16 38 72 57 26 42 75 91 83 91 57 89 44 26 78 72 25 57 78 13 50 64 82 4 37 20 69 51 51 1 73 52 28 53 28 96 26 2 28 
100
89 35 24 70 46 28 23 66 45 81 52 88 94 41 41 65 90 12 14 18 7 64 93 28 78 8 13 71 52 48 27 72 65 64 53 12 38 95 31 35 78 48 47 13 12 42 52 80 35 85 10 82 33 59 36 21 40 64 82 28 2 66 45 7 60 92 67 30 29 68 55 42 88 59 15 88 35 83 8 62 45 84 21 39 11 8 31 43 78 52 95 11 76 72 5 62 4 73 5 60 
100
87 29 31 69 81 5 55 2 43 18 45 83 86 5 43 97 91 5 41 22 21 96 56 29 96 76 30 48 91 31 69 74 64 68 2 90 62 96 80 21 12 1 73 52 56 8 35 82 39 97 99 35 99 23 50 9 37 37 9 13 47 56 28 33 81 38 93 69 92 86 37 100 6 45 66 52 21 1 78 76 62 31 16 17 45 34 33 75 62 18 58 42 50 43 77 24 80 98 3 36 
100
17 44 91 20 50 77 76 19 20 7 36 38 12 76 73 60 36 21 73 28 89 4 12 2 71 35 84 72 70 70 93 25 43 58 74 59 2 83 72 2 13 7 28 53 88 60 74 81 34 48 64 50 85 31 80 89 82 49 43 79 52 76 2 48 4 64 89 60 67 53 97 52 31 97 54 48 36 11 42 79 65 35 81 28 50 55 41 95 3 9 3 95 64 13 43 87 98 58 73 71 
100
66 44 25 41 24 29 91 39 55 77 70 90 44 5 58 51 96 71 48 41 45 42 59 100 3 21 48 32 67 47 65 17 41 64 37 33 27 11 83 62 85 53 29 91 26 4 59 21 23 61 73 26 22 90 61 96 62 64 68 43 93 4 46 53 50 41 39 29 76 58 41 54 58 56 60 29 81 22 66 9 27 91 11 47 98 55 77 41 20 6 79 66 59 5 7 15 88 3 23 4 
100
55 55 2 74 67 58 27 100 60 68 32 28 12 98 82 67 71 42 68 7 60 70 35 31 45 82 69 40 46 37 37 31 41 94 29 23 38 39 5 72 19 62 83 68 19 29 19 98 42 71 46 12 20 89 93 9 79 35 12 87 74 48 52 49 8 15 99 28 48 83 6 58 50 19 79 59 34 90 90 32 11 22 2 6 71 20 12 49 29 67 3 96 59 96 64 50 25 34 72 13 
100
25 45 55 53 9 85 80 65 98 95 74 98 30 27 57 20 41 100 42 86 23 96 19 47 29 45 2 98 72 58 63 22 42 86 4 30 84 46 29 76 44 66 28 3 40 33 42 27 42 4 19 88 21 88 63 13 24 79 98 2 10 21 68 92 17 14 20 52 15 11 46 34 46 37 28 91 75 53 14 26 2 3 4 7 39 36 68 85 68 25 19 45 97 1 21 98 68 69 52 11 
100
94 92 12 99 98 97 20 47 29 91 5 5 25 76 77 36 94 71 69 100 93 40 94 47 51 3 91 84 1 79 11 91 6 8 91 73 54 49 79 30 28 35 10 84 27 12 37 42 84 55 47 21 15 28 34 69 26 70 9 99 30 92 82 9 25 93 6 86 4 59 91 40 58 9 9 68 20 71 57 33 22 98 85 4 58 5 20 46 24 80 45 57 18 11 77 60 85 37 18 14 
100
55 89 77 10 94 56 43 100 4 5 80 58 53 13 100 29 38 95 95 54 48 39 15 73 57 57 27 76 56 45 90 55 75 76 16 59 59 34 32 100 32 33 23 32 27 40 80 77 20 81 84 10 41 92 88 84 2 98 80 30 64 17 31 47 71 4 73 31 79 53 63 85 2 41 73 19 42 63 72 43 10 9 31 44 57 75 71 16 55 22 66 69 75 80 44 17 13 73 71 23 
100
65 34 45 90 16 11 95 16 36 30 65 19 22 29 3 47 27 92 34 84 51 68 26 85 7 60 78 18 100 38 19 94 37 56 66 43 52 92 73 98 99 4 54 82 50 54 84 72 95 3 14 25 86 46 83 95 71 47 45 37 84 25 84 56 55 17 77 61 16 96 2 77 22 94 60 35 8 60 40 21 45 75 37 26 1 54 75 2 22 34 24 54 17 52 15 89 23 55 98 87 
100
82 78 10 6 81 36 30 74 82 70 44 21 5 41 31 43 78 77 10 50 26 33 20 77 96 8 76 26 5 39 34 53 40 76 99 59 12 14 29 76 78 86 55 89 59 41 64 76 42 39 25 63 30 8 64 99 55 37 62 74 97 29 61 72 17 20 86 63 83 72 97 48 27 2 47 75 84 67 59 10 77 80 76 94 82 83 1 51 95 42 30 65 100 61 6 95 36 3 66 7 
100
22 61 41 90 25 75 64 17 46 79 20 60 12 99 42 94 82 89 2 45 5 93 11 88 8 19 46 54 79 81 45 37 1 55 94 26 52 25 79 27 18 97 20 30 13 5 15 88 74 27 64 78 7 60 10 94 18 94 56 74 61 61 15 12 32 72 11 77 96 31 80 64 21 40 15 1 1 70 77 79 46 97 51 81 86 76 6 36 67 47 53 45 54 29 81 93 83 45 65 90 
100
33 35 82 8 57 1 16 92 93 66 9 23 87 63 90 66 27 29 52 84 89 46 60 66 18 55 71 62 66 65 55 46 35 75 66 35 96 72 64 11 100 81 86 44 79 49 1 38 1 78 12 12 74 11 30 46 13 88 36 97 86 38 98 64 82 64 91 1 36 9 18 43 33 58 90 11 7 78 57 32 71 29 77 64 44 26 91 3 56 24 48 54 45 22 37 44 42 66 86 99 
100
39 71 71 15 46 11 81 71 96 55 14 64 63 4 63 66 85 82 26 20 89 75 57 67 48 90 33 22 79 53 46 49 56 83 18 27 50 46 40 8 72 68 91 39 44 84 11 44 68 40 64 73 21 61 73 70 48 22 26 19 10 64 48 61 74 30 96 80 85 44 67 39 9 85 41 92 22 5 73 49 61 56 40 23 57 57 88 75 79 58 15 94 93 36 84 33 99 2 1 40 
100
50 33 89 67 17 18 76 51 5 15 81 10 31 50 11 61 27 56 7 64 43 94 37 79 33 34 69 84 18 47 4 78 99 8 99 24 74 2 91 64 1 25 33 54 48 10 64 63 89 2 21 27 27 41 35 3 43 56 39 39 19 83 49 79 11 23 68 91 35 75 38 80 14 1 60 33 71 72 100 94 73 55 28 75 11 64 90 21 14 34 12 85 38 72 6 29 83 36 37 11 
100
7 27 58 66 36 17 100 83 60 83 99 45 17 83 53 1 78 43 85 77 49 94 9 54 51 52 100 91 41 72 13 84 4 67 55 43 75 14 77 81 19 52 4 4 55 5 46 92 18 10 41 96 90 82 41 62 98 1 2 5 74 11 85 74 21 19 4 93 15 84 73 82 49 3 39 32 17 58 27 60 98 65 54 41 36 91 26 62 96 28 38 12 2 88 57 98 62 98 6 50 
100
48 82 5 31 52 8 46 28 82 42 35 58 94 11 71 56 62 85 64 81 67 80 60 75 14 13 52 47 75 46 29 78 15 22 52 2 17 58 34 76 66 61 87 68 26 62 28 25 18 32 76 52 36 31 97 95 16 80 75 98 48 49 20 20 94 26 67 53 1 47 46 92 1 19 19 17 58 92 87 5 75 12 2 9 68 3 41 54 85 66 93 10 82 20 87 8 75 79 85 40 
100
26 33 88 85 95 95 82 98 63 86 57 99 69 56 1 2 21 33 63 82 90 99 51 79 51 67 23 10 24 25 48 77 94 77 80 86 64 27 56 57 95 83 1 44 28 70 14 51 13 69 52 23 90 15 64 85 48 9 88 26 23 12 76 90 27 59 35 72 24 45 99 61 7 41 33 99 17 52 40 58 94 11 19 67 40 5 21 45 49 88 1 41 91 51 14 75 11 58 21 42 
100
79 54 76 18 16 62 89 20 62 71 60 13 70 74 1 40 54 31 73 58 39 82 23 23 43 63 26 6 72 72 81 88 33 61 38 77 12 75 86 95 24 2 25 47 91 84 53 49 87 51 14 56 88 100 25 74 53 28 95 61 88 51 88 38 47 44 94 53 49 8 12 89 23 79 60 69 59 19 52 35 31 94 33 8 22 54 4 32 24 34 82 35 26 56 21 97 3 77 39 10 
100
21 49 22 13 16 48 1 62 65 72 46 73 33 44 60 65 99 51 79 24 20 81 14 17 54 63 1 8 15 50 79 45 70 50 89 51 9 6 23 66 97 43 62 23 95 40 91 15 45 33 87 99 93 81 96 74 84 100 55 99 61 53 98 33 86 62 20 80 8 25 55 38 99 43 41 77 56 88 41 79 71 78 40 52 3 89 99 14 84 2 40 87 35 2 97 86 3 10 32 7 
100
15 69 8 72 55 98 42 24 53 98 7 56 85 87 17 55 90 90 72 74 58 31 80 11 27 11 12 8 56 18 76 20 28 69 71 7 93 78 62 67 68 43 97 94 90 68 35 20 2 24 79 24 62 81 74 3 15 2 78 24 73 70 13 8 90 23 87 48 93 76 4 59 30 51 42 9 92 89 9 44 91 27 7 26 96 85 90 84 34 21 20 6 30 18 83 70 40 21 85 53 
100
83 92 97 83 27 13 98 70 90 70 92 50 38 6 21 24 16 6 69 44 56 98 29 96 51 9 93 2 76 32 64 1 88 82 100 99 76 79 46 12 80 46 55 54 85 31 52 89 63 46 35 78 4 46 70 36 4 17 23 40 21 68 93 12 22 9 39 15 51 3 82 64 63 14 95 49 62 68 9 33 83 39 12 91 52 72 31 93 9 56 87 97 67 61 60 43 98 2 3 16 
100
73 10 29 37 17 78 68 74 3 54 59 52 9 99 58 97 19 58 11 71 30 63 50 20 90 94 80 29 93 97 62 17 55 72 80 75 39 98 17 33 34 81 59 75 34 88 12 75 69 78 38 11 32 33 19 94 66 68 34 38 53 90 12 22 16 81 98 10 5 2 46 39 77 49 77 17 36 30 68 54 11 73 73 32 61 64 52 34 67 39 81 79 92 37 12 75 55 76 24 11 
100
8 9 36 19 58 21 8 22 53 11 46 32 99 51 84 43 78 22 45 40 14 71 50 43 13 46 43 93 38 67 14 21 14 24 47 93 44 62 56 83 8 22 4 4 42 16 66 78 88 72 63 48 73 40 40 54 59 40 65 92 68 68 47 24 4 39 90 66 98 61 23 2 25 18 43 91 96 39 84 71 81 98 42 87 57 77 20 73 92 4 5 2 89 52 80 41 99 18 18 73 
100
34 95 2 46 23 8 10 3 54 50 30 34 15 40 85 100 79 84 90 39 43 34 59 9 53 2 28 71 70 77 51 38 11 71 80 36 24 16 62 35 62 87 7 49 68 94 21 35 93 55 61 32 64 74 100 64 47 68 47 54 24 47 72 17 33 100 59 54 39 22 90 59 70 47 51 6 86 71 97 13 57 55 22 16 35 40 80 72 74 92 51 59 83 66 45 51 4 89 11 99 
100
80 17 40 48 4 86 19 12 8 36 94 93 17 12 32 84 96 47 2 56 15 44 34 84 54 28 3 15 20 71 29 60 11 46 88 85 10 19 83 72 58 65 99 15 23 97 20 23 27 76 11 28 51 90 48 84 37 42 54 22 85 30 37 12 28 30 87 58 67 28 42 57 24 98 33 4 21 60 93 94 52 15 58 36 18 63 86 72 92 24 73 7 36 62 66 59 44 22 57 83 
100
58 95 65 91 26 31 84 27 53 43 28 95 55 16 36 17 44 98 52 6 19 97 61 6 67 71 80 93 49 61 85 53 9 61 95 70 40 63 3 24 10 59 64 69 9 83 89 38 6 5 69 85 58 3 86 79 7 20 17 47 44 30 88 64 91 34 45 35 86 16 30 32 20 80 26 25 72 31 44 39 22 78 89 82 9 28 34 75 1 82 75 24 17 76 97 18 28 26 47 97 
100
32 60 23 53 19 29 58 17 21 94 97 69 14 98 34 7 8 77 84 73 23 97 30 72 65 100 77 81 36 8 64 69 90 76 91 98 39 96 15 36 69 46 70 91 96 85 45 15 47 66 62 37 55 97 87 72 66 26 56 80 27 61 68 34 20 7 1 92 4 79 34 2 18 92 44 57 82 79 41 23 58 10 85 24 63 42 13 87 62 22 33 43 17 86 64 12 87 11 59 57 
100
34 31 18 72 34 79 42 12 82 71 52 5 70 55 72 13 25 39 49 17 76 28 76 75 10 72 80 11 37 94 9 92 53 68 52 89 64 77 93 23 2 70 94 56 17 79 84 76 60 58 63 91 91 79 38 11 63 34 51 80 23 77 64 85 26 18 83 17 11 4 52 50 97 97 92 8 69 83 88 9 32 77 34 28 77 37 35 32 78 95 98 34 50 92 12 9 67 60 32 24 
100
73 97 49 34 63 18 2 34 44 87 85 9 1 37 31 76 9 4 50 92 100 78 57 37 4 27 8 59 33 95 47 7 45 92 32 97 100 13 95 85 20 94 90 95 74 89 73 75 51 9 100 85 82 24 38 82 35 30 29 35 89 71 87 33 15 93 26 62 4 88 24 41 3 50 44 24 13 39 65 94 19 31 16 43 10 29 80 52 78 60 78 6 29 52 97 79 27 64 19 58 
100
59 33 96 31 67 33 59 83 17 97 35 84 73 60 51 20 78 1 33 55 65 38 72 79 63 10 76 76 61 68 82 23 61 70 12 5 63 40 18 52 87 52 18 94 25 42 29 18 64 60 70 91 35 84 62 50 38 25 17 12 53 42 96 68 90 13 23 58 47 79 26 35 69 32 90 35 27 42 53 65 62 73 38 93 14 90 9 92 89 40 67 55 75 71 29 89 30 90 74 55 
100
23 22 6 29 52 85 40 71 87 24 40 27 95 33 62 72 29 100 57 20 22 100 51 2 59 96 51 71 57 47 13 14 43 85 11 65 80 67 80 38 45 20 33 6 43 80 29 37 8 69 9 22 64 21 64 36 26 36 21 33 100 83 19 70 99 3 12 4 42 89 33 25 5 14 97 81 25 74 4 67 15 63 49 87 7 19 36 26 94 54 65 24 21 5 45 60 39 77 98 88 
100
68 72 16 79 56 1 11 73 15 71 22 82 70 100 83 69 31 18 92 78 80 69 76 74 6 30 2 34 55 11 88 7 92 4 49 4 88 42 92 33 32 98 92 86 86 21 80 31 16 13 2 74 49 78 73 57 5 34 95 95 79 61 72 73 36 77 30 25 39 97 59 1 40 37 42 20 73 9 51 42 38 46 6 94 59 69 48 81 88 9 83 20 52 51 95 32 34 91 82 57 
100
91 94 73 41 48 74 23 99 40 78 50 80 65 75 47 84 20 98 15 80 13 94 3 27 96 16 99 74 96 5 47 48 74 13 54 18 14 66 56 87 44 82 73 88 73 60 70 90 31 24 100 24 38 50 15 63 48 41 32 62 48 41 90 83 19 49 97 19 43 25 32 73 27 90 89 6 30 83 11 83 39 29 67 76 70 42 2 8 77 34 13 9 53 29 42 25 93 59 15 65 
100
87 10 28 28 99 86 26 55 45 79 49 32 6 39 41 25 49 35 56 87 57 51 99 46 23 62 20 78 74 99 51 66 51 59 75 72 98 10 91 90 80 87 72 68 63 99 26 98 31 28 10 99 6 8 2 93 66 27 91 79 25 93 66 64 69 10 82 42 22 58 17 100 93 60 1 79 58 4 85 3 56 4 12 76 43 93 9 63 90 94 20 90 14 25 35 43 91 56 89 65 
100
1 37 51 55 34 14 76 70 75 72 62 84 68 66 25 42 23 81 80 42 95 21 18 30 53 31 75 9 55 4 39 9 33 16 66 69 57 69 48 87 54 69 35 74 99 27 94 58 12 29 52 56 85 94 94 72 98 62 54 8 99 24 69 71 89 75 57 29 12 4 58 21 71 29 25 36 89 55 75 8 65 89 33 65 48 38 56 50 53 23 19 75 2 43 66 30 53 50 41 68 
100
45 69 97 29 58 34 3 67 70 38 55 62 30 81 98 16 84 8 43 19 74 38 94 71 43 92 11 6 53 33 2 41 43 2 54 13 91 89 95 45 66 60 38 86 11 24 44 29 34 51 68 67 10 87 21 95 56 16 35 91 61 27 3 96 42 16 17 4 94 41 49 45 54 68 49 67 56 60 90 76 80 38 14 27 3 45 9 35 8 19 55 34 97 58 72 62 86 83 5 74 
100
84 68 98 60 60 80 44 90 57 79 81 98 59 87 38 2 98 22 97 56 23 68 58 42 29 84 71 6 50 30 62 24 75 88 38 80 98 2 90 53 54 82 33 78 100 36 63 97 84 68 95 61 21 81 1 24 69 2 17 72 21 43 49 45 37 38 32 72 82 23 32 66 35 89 33 84 81 17 90 30 51 44 27 34 10 92 60 18 30 43 65 44 68 20 50 57 76 70 73 92 
100
34 18 81 5 85 11 86 61 80 96 39 23 29 34 98 3 2 94 42 95 18 69 25 95 64 14 72 13 46 80 72 24 52 41 26 81 82 94 19 100 16 72 49 76 100 13 84 69 9 35 12 12 38 82 45 20 33 49 96 56 53 83 70 49 54 46 79 46 7 20 93 65 4 72 88 59 90 83 20 71 88 75 21 63 47 11 34 7 87 41 18 62 51 9 10 23 87 46 67 28 
100
85 90 79 13 10 21 37 54 26 86 30 37 29 86 82 67 79 84 80 29 99 77 61 36 87 32 81 28 51 17 91 4 87 16 66 78 53 11 16 52 24 91 56 72 93 95 82 92 44 89 38 89 67 3 65 77 1 45 31 98 46 43 30 17 28 66 81 87 85 42 93 46 3 74 52 23 25 39 82 27 76 74 85 28 52 69 3 9 85 56 75 44 64 16 72 59 34 19 57 89 
100
62 65 18 3 85 55 2 14 7 18 70 98 69 94 24 64 15 92 63 44 79 64 62 7 93 83 95 2 4 12 10 30 36 53 74 23 73 81 59 62 37 40 45 80 6 74 76 59 50 83 44 31 67 99 55 70 29 17 33 47 5 89 19 37 63 87 51 98 75 2 2 10 1 68 31 6 71 38 88 56 55 40 39 97 85 35 43 89 48 30 98 38 91 66 93 63 79 93 17 57 
100
8 20 32 86 81 32 30 70 88 70 21 32 81 41 95 63 5 65 37 68 34 54 27 93 17 99 55 58 89 19 14 99 58 64 13 7 4 62 55 79 41 22 23 98 16 92 37 28 55 81 62 88 67 37 72 26 31 24 58 96 27 23 99 25 34 54 92 28 50 59 9 38 46 41 89 46 91 95 17 20 11 47 73 68 76 62 12 76 33 60 69 97 74 67 7 49 32 25 26 73 
100
91 67 94 34 83 97 11 57 4 74 98 63 42 26 47 4 27 7 47 76 59 16 85 95 27 25 35 89 41 82 6 14 3 62 98 79 60 8 91 50 82 63 68 14 10 43 32 85 94 22 47 76 9 88 13 84 4 79 74 45 51 78 41 4 42 55 34 81 41 15 2 21 1 41 5 100 33 34 39 26 35 48 1 34 64 44 98 76 43 74 14 87 4 75 7 34 84 36 26 81 
100
46 1 47 98 45 3 74 97 65 95 17 39 20 8 84 74 10 100 48 13 62 53 27 85 78 50 55 21 81 91 25 98 76 80 88 6 31 62 42 14 20 86 25 5 3 12 78 63 28 91 34 93 87 38 2 87 7 34 5 20 97 73 56 88 33 2 17 92 25 82 34 38 44 11 44 55 46 58 35 1 47 10 69 28 81 43 59 23 61 73 62 71 88 41 6 48 22 44 99 45 
100
52 86 57 93 43 97 34 85 52 15 44 64 93 53 68 68 60 49 29 11 74 69 86 50 2 21 52 45 96 86 74 27 68 60 25 91 16 25 18 43 69 3 5 81 32 80 84 11 87 92 21 98 61 35 12 14 40 31 29 91 89 64 41 56 94 94 30 77 55 91 100 58 45 54 41 43 86 15 29 16 76 28 18 29 38 91 9 62 44 68 42 39 3 78 33 68 76 49 93 27 
100
100 43 49 38 20 20 49 94 25 34 98 100 74 56 65 19 77 21 9 62 60 76 31 8 25 39 93 25 76 29 54 99 39 89 9 21 42 92 96 50 8 24 43 98 89 54 93 20 86 12 7 83 26 11 43 62 39 12 6 49 36 62 68 43 8 52 99 97 43 87 27 72 38 30 5 38 21 84 95 25 17 13 87 20 80 45 58 2 24 73 55 80 18 76 68 42 91 13 52 21 
100
63 77 45 95 29 12 92 76 15 95 87 52 86 37 94 49 5 93 73 11 66 62 61 84 5 58 53 12 12 60 27 41 26 42 39 48 84 86 75 61 61 75 8 15 41 45 52 43 72 53 8 1 36 71 12 83 88 17 4 98 51 37 9 98 68 74 17 34 99 75 51 68 4 79 67 6 78 72 52 97 23 11 55 72 14 3 67 68 17 5 17 39 28 56 46 51 62 16 2 97 
100
22 17 47 61 81 29 51 48 98 5 3 91 21 71 72 65 16 84 58 76 67 98 7 52 68 28 65 1 30 29 99 61 49 2 4 85 70 35 17 97 87 87 44 49 90 51 50 91 6 72 39 58 74 64 14 83 81 87 58 38 90 86 67 95 69 35 34 23 4 90 84 5 95 23 32 72 50 22 95 63 57 60 35 74 66 50 60 82 33 15 2 76 56 56 63 42 68 36 28 43 
100
16 34 53 53 96 29 46 99 9 63 36 7 19 87 93 100 67 93 70 61 30 5 33 22 42 34 94 31 27 12 87 90 25 66 48 100 36 85 40 95 83 67 72 57 57 11 31 9 9 9 55 30 34 8 62 13 58 11 45 24 34 9 46 55 54 52 8 42 85 19 31 71 80 86 27 21 72 34 93 100 53 10 88 79 43 98 26 28 14 94 36 75 66 13 58 98 73 54 97 20 
100
81 74 21 15 53 80 95 30 66 85 92 10 17 20 24 84 15 89 29 15 61 96 86 20 97 21 94 84 97 9 57 92 35 8 26 51 4 64 46 7 93 88 8 53 66 79 37 99 97 22 50 23 99 93 47 65 45 49 51 88 82 5 37 69 26 27 29 92 82 24 12 79 39 35 4 95 65 66 63 70 25 29 33 23 24 69 100 20 80 61 48 90 92 38 72 28 24 56 43 73 
100
32 46 58 27 54 78 57 20 8 98 71 80 46 18 7 75 32 63 41 77 24 36 22 94 83 67 12 95 88 70 3 26 48 75 15 81 16 64 62 46 60 35 53 86 2 45 60 79 11 85 85 94 84 11 85 93 7 10 81 21 82 71 62 68 20 19 88 61 75 26 48 39 74 45 16 35 20 85 63 8 53 41 21 33 68 38 24 10 12 89 24 47 18 1 52 38 83 45 1 57 
100
58 80 54 91 93 59 37 11 89 12 1 81 38 100 69 85 79 25 87 10 46 97 9 92 44 17 56 68 68 83 1 51 89 14 53 24 60 75 28 74 83 68 77 43 46 98 48 27 31 28 60 27 53 74 23 20 17 91 11 75 57 59 9 66 52 80 77 4 69 87 51 29 79 49 32 24 65 75 26 6 15 83 33 43 69 23 78 67 87 51 48 53 77 74 16 95 63 21 37 70 
100
59 52 17 55 49 13 62 94 16 22 72 26 31 17 30 78 87 18 60 14 95 85 32 97 4 80 87 29 2 15 13 11 18 94 36 76 62 31 42 57 65 56 94 55 76 27 48 19 33 21 23 16 85 84 54 16 2 41 10 84 77 76 15 34 22 88 53 45 88 22 20 92 86 41 7 14 32 17 94 54 49 73 87 73 6 5 15 12 47 76 80 60 56 45 12 35 55 76 75 97 
100
84 75 70 67 45 57 4 94 92 51 9 91 49 62 9 18 80 20 46 76 95 22 37 2 100 5 7 54 93 96 42 100 67 86 21 94 8 92 5 72 36 53 1 90 71 35 4 58 1 45 4 33 10 71 83 29 63 66 62 8 4 61 60 67 92 7 44 5 25 38 92 66 57 46 53 80 78 14 69 41 48 72 9 77 52 19 31 97 6 86 73 48 64 39 3 85 58 1 69 25 
100
62 46 76 78 17 27 62 81 37 13 12 52 40 88 52 54 77 78 88 3 26 34 5 59 86 98 27 74 71 46 52 66 18 93 83 88 97 96 51 47 66 9 76 58 15 46 54 44 86 72 7 14 21 94 86 7 36 73 97 3 26 68 26 62 45 91 74 62 26 13 69 64 32 46 62 63 80 14 50 98 25 72 39 46 37 6 27 2 19 66 60 11 19 16 83 91 87 84 64 54 
100
63 98 36 3 35 72 53 43 63 8 5 64 87 67 34 44 68 62 61 84 52 71 90 70 33 81 98 16 92 59 54 4 27 27 39 77 87 47 2 31 24 8 98 14 73 13 28 31 52 77 27 23 81 57 60 52 70 85 15 30 100 70 11 26 32 87 34 21 88 78 81 26 75 62 34 17 17 62 78 71 24 16 6 33 60 87 84 50 9 43 100 11 47 75 76 34 85 27 62 59 
100
34 98 85 13 76 9 93 11 57 78 56 69 16 55 93 54 31 3 50 39 30 30 86 26 69 99 60 55 94 7 27 55 29 95 30 71 31 66 22 35 76 88 61 47 8 34 97 52 52 35 10 96 14 91 40 68 94 26 48 26 7 39 4 50 61 65 57 4 92 49 33 50 49 29 62 76 28 45 14 53 2 92 31 64 35 70 84 23 7 87 44 50 32 46 90 23 75 55 30 4 
100
59 34 80 6 10 93 2 9 48 91 99 48 29 83 17 27 66 22 74 54 30 88 75 67 9 70 12 38 53 87 28 4 29 8 68 34 30 88 94 24 88 94 80 66 61 17 81 49 75 25 39 13 32 35 89 5 34 1 7 40 81 83 4 3 88 69 36 7 29 26 74 48 16 24 23 66 34 33 71 47 31 93 71 41 86 97 16 33 47 40 91 12 33 20 42 53 37 75 37 24 
100
23 74 97 82 44 62 41 4 76 13 46 92 96 67 37 1 6 98 38 86 40 3 51 18 99 46 80 35 5 87 62 73 32 70 39 56 36 47 89 60 11 55 39 16 84 91 30 49 10 78 23 1 37 13 96 11 45 13 97 8 26 81 53 74 60 52 5 4 49 41 81 3 67 65 57 72 41 69 65 26 49 32 60 40 83 100 53 74 49 28 83 76 82 40 31 32 72 25 23 34 
100
33 50 57 32 60 12 81 3 85 16 71 3 86 22 4 53 92 54 26 71 22 12 51 68 52 62 47 94 66 49 28 24 45 95 38 88 6 63 58 77 7 54 7 32 19 98 92 76 50 76 41 67 79 45 84 99 55 93 13 29 95 35 41 60 82 4 8 81 78 60 9 11 7 65 46 9 3 97 72 23 71 78 40 37 86 19 47 25 17 98 75 91 63 20 2 98 34 69 14 34 
