100
100
48 11 7 92 64 95 36 42 28 83 50 25 74 35 22 94 58 2 74 6 57 12 82 81 9 2 76 70 71 86 75 60 64 65 60 68 76 36 57 67 36 18 70 70 15 14 9 6 68 35 13 65 98 17 94 74 39 70 83 99 49 26 8 45 46 15 2 12 74 28 64 97 11 63 59 24 92 89 13 54 55 12 85 15 20 8 18 83 85 43 30 85 11 54 25 93 16 61 78 98 
100
43 25 29 19 17 47 78 32 70 51 25 15 95 87 83 36 32 73 83 20 97 68 84 13 45 90 30 46 96 5 56 96 14 51 9 58 10 19 37 13 7 10 70 63 56 10 58 33 3 68 64 66 45 88 78 93 40 69 65 94 12 6 31 54 70 100 28 65 54 20 12 23 52 20 83 49 14 2 43 36 24 9 34 48 32 54 72 27 58 76 23 100 82 35 11 2 89 6 77 80 
100
54 13 90 59 10 58 33 1 29 82 29 40 50 19 12 74 57 39 45 99 37 15 31 77 69 69 41 58 42 79 77 79 56 73 40 92 79 100 56 48 22 40 97 82 27 75 64 80 78 59 1 75 43 50 83 56 89 52 77 73 48 77 63 23 65 75 1 30 9 86 51 41 47 62 39 72 6 73 94 99 90 54 61 5 98 97 95 53 42 32 47 88 33 69 100 99 74 4 82 22 
100
82 16 51 73 66 9 66 29 19 65 24 86 37 11 81 33 60 79 64 89 44 8 49 14 8 90 63 91 21 12 23 91 48 97 3 10 29 93 18 70 58 6 47 38 55 92 69 69 51 42 42 42 91 5 14 7 81 82 65 56 52 55 67 5 34 94 84 66 94 34 13 90 63 74 25 86 88 47 19 27 74 76 68 95 83 52 80 11 12 39 82 93 1 97 43 61 80 87 89 32 
100
95 64 64 17 6 95 54 42 68 5 42 46 37 94 46 53 20 31 67 99 9 70 53 82 2 69 50 89 58 12 31 41 94 66 94 71 27 2 34 50 80 42 72 47 96 12 6 14 94 30 69 26 77 99 6 92 30 100 61 56 96 69 98 44 74 53 13 97 90 51 52 47 42 50 9 37 43 45 37 49 46 67 91 33 6 2 26 61 21 90 7 11 74 53 49 89 71 73 25 34 
100
80 50 56 96 39 76 90 60 34 90 74 30 54 48 20 98 97 15 89 36 38 39 17 44 4 90 69 9 72 2 47 3 55 6 71 53 44 81 63 44 53 88 99 98 63 3 1 83 42 85 71 74 11 63 62 66 58 42 57 63 15 20 19 46 84 4 1 51 71 85 91 54 52 89 28 36 2 58 73 32 34 13 78 37 99 82 3 90 48 2 46 7 71 54 8 9 88 77 5 57 
100
38 8 27 29 7 9 50 12 45 6 82 20 55 19 93 56 26 79 28 46 38 5 75 17 25 57 43 12 69 71 76 23 51 98 31 6 58 18 25 71 66 50 40 14 39 79 70 8 49 47 24 60 81 9 17 66 95 37 35 57 85 86 29 98 32 91 33 39 38 3 76 4 92 52 100 69 21 25 77 39 70 34 72 40 35 20 63 53 46 10 57 42 95 88 97 45 32 94 8 90 
100
73 95 64 71 34 78 18 6 72 100 12 47 50 4 15 72 49 67 26 62 2 96 64 86 90 3 35 24 98 24 22 87 37 3 56 37 62 61 85 3 74 58 40 56 89 72 70 42 24 70 90 70 75 82 73 98 76 60 20 80 40 57 84 44 48 35 49 28 87 93 58 4 90 9 56 69 40 20 24 2 3 25 14 76 22 14 36 77 48 3 4 88 5 73 65 71 84 2 19 79 
100
69 70 64 47 92 21 57 86 93 34 38 94 73 80 75 25 53 42 8 43 90 32 10 100 77 15 14 48 51 46 93 31 60 47 8 50 92 32 90 27 42 63 96 52 36 90 72 27 74 79 34 69 46 7 22 20 56 89 46 49 19 49 87 38 12 42 61 68 54 81 53 13 77 15 97 35 71 72 30 56 83 97 21 37 96 95 70 25 26 5 54 24 43 4 86 15 81 85 72 46 
100
82 67 66 83 84 53 22 100 1 58 88 100 82 27 50 94 76 33 27 26 71 32 1 68 83 23 42 31 11 61 5 46 40 43 38 73 98 11 18 66 72 32 23 77 10 63 76 41 66 53 12 72 32 2 16 58 35 70 86 24 95 10 47 38 24 89 37 39 46 11 49 5 3 42 63 61 59 99 24 36 86 55 99 97 71 2 59 45 55 73 67 72 67 43 67 54 82 21 2 42 
100
6 58 61 22 18 39 19 87 72 100 85 66 65 99 96 67 21 90 1 25 35 59 52 91 20 22 88 77 67 82 94 61 1 100 72 39 85 89 28 40 31 82 36 39 17 48 76 82 11 12 3 74 23 33 38 27 39 17 23 15 13 22 4 13 3 52 58 43 20 14 37 35 71 20 69 16 63 80 87 72 99 97 72 5 7 87 89 58 50 65 43 60 61 39 37 49 80 92 28 71 
100
44 51 27 68 72 56 87 32 64 29 44 19 59 17 13 13 27 97 36 8 87 58 97 45 8 50 73 9 92 94 18 25 63 87 89 71 2 36 79 59 78 44 88 19 49 56 81 83 16 75 87 15 68 47 61 85 24 83 63 61 3 3 75 16 82 32 48 65 45 69 4 6 15 73 86 10 31 65 21 17 100 52 84 77 19 42 22 24 51 22 27 66 73 23 20 4 62 36 43 97 
100
18 15 87 56 78 83 15 66 8 50 36 29 16 25 16 2 7 65 92 51 8 54 66 11 7 58 44 86 49 80 39 64 79 50 27 41 14 95 82 46 87 25 7 95 33 90 14 48 91 93 69 29 70 40 44 21 55 32 24 33 45 44 68 20 49 9 1 18 77 2 24 43 18 59 42 81 21 15 72 5 93 66 46 54 11 36 100 98 10 20 87 53 92 60 41 83 41 41 97 26 
100
6 78 29 76 100 92 60 41 6 8 6 40 68 32 10 22 98 66 91 96 81 11 50 95 88 32 79 89 5 91 34 49 49 87 76 61 73 11 62 15 3 100 5 62 16 2 63 46 95 14 57 87 98 57 49 86 16 67 37 4 99 24 5 43 86 35 54 95 77 78 7 17 63 37 37 10 49 42 77 33 10 63 44 85 7 10 27 86 7 30 92 46 73 15 57 13 53 92 78 48 
100
56 43 44 57 56 9 29 12 63 22 45 76 11 19 87 32 42 42 64 43 7 5 27 55 81 47 31 34 38 92 93 38 38 35 33 74 37 25 81 24 3 87 91 38 94 36 76 16 37 68 14 46 35 20 67 5 6 3 22 75 65 17 46 21 8 30 53 97 54 97 35 95 59 29 50 35 15 87 88 39 71 37 38 3 23 75 100 10 47 84 15 30 14 68 26 16 92 71 12 21 
100
11 52 80 100 76 99 78 55 27 44 10 67 72 33 87 16 43 73 81 61 46 54 49 42 54 100 36 47 71 56 39 2 56 79 39 3 42 19 21 27 68 98 55 23 64 64 15 75 15 36 95 95 82 81 49 24 51 83 97 62 10 95 86 60 77 19 2 49 90 7 69 58 83 51 62 76 63 46 62 91 3 26 41 67 87 45 51 26 78 43 9 2 31 53 16 56 18 26 85 21 
100
94 44 6 100 65 45 88 33 93 42 81 24 27 32 52 33 97 73 18 39 44 13 35 26 52 58 78 41 67 12 73 83 44 74 33 26 100 57 12 78 62 98 60 63 96 97 71 73 32 75 91 87 59 41 72 98 83 50 83 48 9 51 30 88 55 100 13 99 22 59 31 27 86 44 86 75 12 71 67 56 16 49 65 23 85 31 31 55 34 20 24 27 22 22 83 19 46 84 95 23 
100
5 30 29 97 73 85 95 25 84 68 31 81 69 11 25 86 20 90 41 64 64 30 5 40 40 68 81 40 95 92 43 27 87 68 37 19 27 28 77 91 65 9 76 89 60 91 22 52 18 52 14 89 20 38 57 19 29 90 3 16 9 57 40 30 83 27 32 74 44 51 94 59 1 18 90 94 99 72 73 81 26 91 25 14 12 69 32 74 15 96 42 26 56 67 43 80 17 64 1 16 
100
85 20 90 93 86 91 24 58 47 45 30 66 88 100 18 24 79 11 60 15 68 5 13 42 92 22 83 13 8 55 53 35 36 84 22 23 66 76 63 65 65 11 52 86 92 83 26 22 17 3 74 77 2 47 57 76 73 26 65 2 66 28 15 71 95 39 21 87 27 28 2 37 51 38 76 6 82 47 33 61 18 51 9 77 32 8 94 13 51 50 5 55 10 22 52 70 44 89 49 44 
100
56 68 66 36 11 98 17 65 38 18 10 8 70 65 38 26 9 85 95 80 74 67 58 50 44 95 88 42 73 54 75 51 37 20 98 58 96 14 52 47 96 70 42 39 57 14 36 60 99 90 69 38 94 17 80 69 77 45 14 58 21 1 93 27 94 72 67 21 37 88 32 20 28 92 40 38 16 30 81 56 53 83 47 29 47 40 68 15 7 93 6 39 7 80 83 44 11 68 9 91 
100
44 10 86 85 70 84 29 2 13 4 29 69 19 92 74 31 77 47 34 32 31 22 54 28 17 21 81 54 4 63 35 11 44 49 13 21 86 53 21 38 81 82 10 91 89 48 17 60 73 100 9 97 49 14 19 65 70 80 97 38 49 27 74 66 21 13 31 1 53 13 83 50 45 26 69 98 15 52 81 11 65 69 94 73 58 19 96 71 38 31 74 71 58 78 77 63 67 85 73 19 
100
29 46 63 23 67 53 76 7 85 100 22 64 83 87 21 48 40 43 35 36 89 89 62 2 99 49 29 6 50 7 9 77 32 29 82 76 17 39 83 13 84 60 75 35 61 50 80 55 37 48 12 59 87 81 89 70 84 31 17 27 54 21 75 39 20 66 28 13 57 76 98 44 98 56 48 29 17 62 6 9 23 54 84 53 92 56 65 47 18 38 70 43 51 32 18 55 99 5 17 27 
100
49 99 56 65 4 11 79 24 26 74 29 58 40 59 75 32 64 18 3 93 3 16 19 5 5 8 79 75 27 62 75 37 96 26 17 23 39 22 61 95 51 63 14 87 62 46 80 79 8 67 6 97 44 42 33 2 45 29 98 19 2 60 17 47 1 63 66 59 21 93 25 35 14 57 4 59 11 70 59 66 70 78 35 30 90 96 52 96 17 18 54 97 23 80 17 54 18 87 7 31 
100
24 76 12 46 78 96 100 74 6 40 6 62 55 81 29 8 83 22 71 1 46 77 31 3 86 14 71 81 42 77 55 93 62 95 93 87 43 32 85 73 71 84 35 54 60 10 50 76 17 12 27 57 33 4 54 64 23 18 60 36 17 87 11 40 9 77 2 75 21 17 12 71 66 25 70 22 23 66 26 61 83 77 63 26 32 68 59 97 34 43 16 67 83 63 42 33 20 60 3 45 
100
12 70 100 24 3 13 24 23 82 9 18 23 65 82 60 30 97 32 1 93 47 71 62 7 80 67 89 31 6 42 86 21 16 16 50 72 42 38 16 56 32 46 94 10 38 7 5 5 74 38 17 80 42 20 35 15 40 69 67 26 77 24 96 63 33 43 74 88 87 13 99 5 44 59 57 7 96 88 23 25 9 20 2 82 55 35 90 88 48 45 53 39 32 34 20 20 51 47 15 31 
100
90 62 93 31 56 34 80 81 6 21 94 4 93 28 41 44 58 60 12 8 26 97 59 81 71 83 47 67 15 32 82 89 55 53 85 33 43 16 94 81 44 5 77 37 62 24 26 1 71 7 49 93 59 64 8 88 42 64 4 64 7 57 58 91 71 30 92 95 29 5 20 38 30 66 61 57 56 68 76 17 19 91 32 95 12 9 1 92 41 26 81 64 64 3 100 48 36 32 53 37 
100
34 17 90 28 32 70 41 23 3 54 31 5 16 38 2 96 3 97 9 58 57 11 94 42 15 98 27 57 84 72 17 60 78 19 67 95 11 2 50 87 35 5 56 48 24 30 30 22 54 60 73 25 72 39 28 70 91 90 48 40 9 62 24 3 69 100 19 40 29 97 31 33 76 76 35 62 49 68 52 21 71 30 12 77 75 80 43 93 11 23 79 19 37 78 69 39 23 100 55 26 
100
47 21 57 26 54 20 71 8 57 99 42 83 72 2 7 31 50 21 66 98 53 12 59 90 54 52 24 67 48 71 99 61 66 76 11 65 81 53 45 29 46 97 70 30 4 89 21 82 70 93 54 53 32 27 56 31 86 31 87 79 48 69 86 90 84 87 18 91 77 50 57 93 70 76 52 73 26 100 87 62 9 1 78 11 59 50 55 16 56 65 19 3 76 66 45 36 59 78 54 22 
100
11 45 26 13 72 73 57 49 36 9 53 48 97 57 35 63 100 14 64 40 31 64 66 48 26 89 8 59 77 45 74 69 85 84 100 84 100 24 45 37 85 100 94 79 92 76 36 77 66 66 67 96 85 57 88 53 51 79 34 56 88 36 67 61 60 68 44 30 42 41 27 97 65 67 59 51 16 96 30 57 13 28 6 47 81 11 69 46 88 32 7 2 74 6 24 28 93 57 46 67 
100
89 76 3 21 64 12 63 81 80 91 25 4 85 2 64 97 83 32 56 40 27 56 32 9 73 72 70 73 31 31 9 40 76 96 91 90 74 53 95 72 96 66 4 33 42 69 27 42 95 62 77 82 58 67 33 30 20 66 48 96 21 66 26 80 84 38 68 19 28 100 71 72 16 29 72 9 24 69 71 99 73 58 33 4 12 40 57 92 43 68 27 17 61 97 36 4 42 38 53 57 
100
8 85 18 46 87 44 56 27 28 42 30 79 78 92 96 19 16 56 25 63 18 30 47 49 94 81 76 7 74 92 20 79 39 54 96 4 75 35 5 59 88 48 69 75 44 88 5 74 48 71 28 95 69 3 15 92 4 26 90 29 56 64 77 61 97 53 82 97 15 37 86 21 97 98 19 5 24 42 21 9 35 29 31 69 64 53 60 68 26 56 45 82 57 9 97 95 11 44 80 42 
100
4 43 100 10 40 13 77 91 15 37 35 84 45 94 18 56 23 2 37 47 46 91 29 27 39 17 24 70 43 89 1 5 32 61 7 61 43 81 34 25 99 38 52 60 46 93 96 13 10 83 23 76 95 18 59 99 71 14 81 9 59 17 50 81 84 51 42 82 36 90 80 77 69 9 99 16 2 8 93 22 86 91 13 40 41 38 67 62 58 45 5 12 25 67 78 2 48 37 9 82 
100
41 44 87 25 58 74 82 81 77 25 62 14 5 28 28 1 21 60 12 33 59 70 55 68 99 33 34 29 5 46 54 88 84 98 44 9 45 17 70 53 76 1 75 86 20 52 11 65 89 89 19 95 77 44 24 47 92 21 70 13 29 71 58 24 28 86 71 59 53 29 9 31 49 40 23 88 44 40 19 68 70 64 44 72 14 100 11 16 48 100 69 38 97 16 64 38 93 22 3 1 
100
12 63 71 28 9 13 79 87 63 64 96 29 24 8 54 80 69 19 45 56 74 86 35 25 38 37 5 75 87 3 41 31 41 87 87 62 96 5 27 99 27 68 41 52 64 68 37 56 34 83 30 53 16 19 38 69 11 58 56 2 69 28 72 35 56 17 22 24 11 97 78 65 26 52 87 77 48 1 22 84 96 52 29 54 69 43 75 10 31 98 51 28 45 51 49 79 25 33 55 90 
100
88 43 64 63 6 19 81 33 30 15 37 22 53 36 43 68 69 53 21 21 16 7 54 96 74 42 87 74 56 30 95 21 81 91 42 16 94 42 96 67 56 38 45 16 80 97 83 14 60 66 1 53 73 71 51 22 1 26 87 9 9 6 18 16 65 15 84 9 30 97 27 31 84 37 75 49 22 77 94 8 27 50 46 94 10 3 91 70 16 95 69 2 92 15 67 55 19 89 85 80 
100
86 16 91 97 1 70 34 90 93 58 23 98 92 89 74 77 79 19 57 89 72 33 68 63 53 30 19 50 85 99 22 92 94 99 76 26 47 79 95 29 26 37 59 21 44 75 97 52 76 38 42 50 53 56 97 88 96 31 57 6 38 39 34 98 26 49 41 70 13 69 54 56 41 69 97 36 3 47 93 18 53 6 73 74 100 15 35 96 14 97 6 3 94 58 30 33 2 88 67 99 
100
37 16 30 43 10 28 74 99 42 27 59 48 2 5 40 47 91 95 39 55 97 34 89 59 77 23 1 65 86 74 57 35 2 43 63 36 2 36 78 43 83 21 66 52 59 48 55 7 16 28 36 1 38 92 75 28 7 60 100 50 98 4 40 73 32 44 71 77 75 26 80 39 36 14 59 81 16 43 7 26 41 50 27 23 74 36 35 45 96 95 11 73 94 13 59 46 59 9 79 90 
100
39 50 73 39 19 85 53 7 9 13 56 90 52 17 28 80 39 42 74 83 56 25 29 9 39 59 87 72 99 99 2 73 52 4 60 84 38 88 86 55 71 88 29 45 11 36 86 68 11 93 68 92 91 98 31 58 75 44 11 1 33 26 9 20 20 7 82 45 52 77 62 20 20 66 79 2 92 85 57 28 69 87 56 74 13 74 60 73 59 1 48 25 63 14 63 11 42 85 94 78 
100
65 61 14 30 38 36 81 26 10 34 87 14 32 70 7 45 71 72 33 73 96 50 82 7 58 54 30 96 18 12 77 32 24 24 94 62 43 18 28 92 25 28 25 41 30 7 8 16 63 74 33 14 72 87 68 7 87 84 46 25 35 85 75 21 27 42 77 63 13 27 39 76 97 63 10 86 74 70 76 75 34 62 29 97 37 60 87 9 48 58 88 73 91 4 15 68 21 11 12 17 
100
50 93 55 35 78 98 88 75 84 91 38 58 29 89 97 1 26 20 34 94 47 89 36 9 73 76 34 6 94 78 10 49 24 98 88 11 24 98 79 55 16 9 51 70 34 63 44 34 75 88 38 65 86 96 5 68 61 31 99 73 34 12 68 66 94 47 21 31 87 44 36 75 82 74 39 9 39 43 47 45 11 96 38 10 63 69 72 38 95 39 3 76 82 33 41 100 16 40 55 48 
100
7 70 23 46 34 92 1 62 75 63 49 69 72 28 7 18 21 90 92 83 4 89 49 19 8 65 70 32 94 53 21 12 32 16 27 36 80 84 5 30 22 53 75 66 81 28 77 39 3 65 90 4 6 85 70 79 45 56 7 64 76 2 64 50 55 48 60 77 17 21 53 27 3 10 8 92 62 51 59 24 99 96 14 84 26 79 70 75 73 1 27 51 54 22 59 70 2 16 12 58 
100
35 5 90 32 96 90 21 32 87 67 86 50 44 3 31 43 84 38 20 60 9 62 87 6 80 10 99 77 66 6 29 26 31 70 19 62 24 53 45 49 68 90 9 87 18 24 86 34 1 91 68 64 23 97 98 99 42 70 44 94 28 96 35 89 50 30 37 68 51 18 85 8 26 57 5 74 1 85 82 92 83 74 35 61 85 94 57 21 76 62 37 45 10 74 87 68 18 39 83 86 
100
41 75 77 83 63 63 73 4 73 40 63 89 96 79 9 55 49 35 31 4 15 14 78 23 42 46 4 78 29 33 47 88 54 6 64 60 92 10 30 35 98 39 31 34 38 62 53 80 85 71 57 13 93 53 52 71 91 75 75 71 5 90 14 35 3 72 75 87 74 52 15 30 56 7 68 14 75 35 52 10 92 49 42 99 35 68 11 97 28 24 16 24 28 5 67 14 38 24 97 6 
100
43 70 97 62 60 55 14 53 50 25 62 8 26 42 63 42 22 63 31 14 67 82 62 12 73 29 78 50 64 92 3 47 17 40 8 13 68 81 54 12 15 9 10 63 86 66 32 63 20 98 2 100 71 81 22 27 8 79 41 45 82 94 28 18 26 2 51 30 97 71 23 38 5 79 88 98 22 65 64 61 47 93 99 38 48 69 75 57 53 71 5 53 30 23 89 9 68 56 63 53 
100
56 82 91 3 70 91 81 25 25 75 60 72 22 67 52 25 2 57 70 27 15 32 65 42 1 27 10 2 81 1 87 11 91 22 43 71 45 57 25 88 39 95 87 73 4 74 29 59 37 15 87 40 16 16 67 30 96 66 46 65 55 14 96 59 60 19 89 43 70 84 39 16 100 42 86 15 59 100 16 11 53 13 17 85 16 9 91 59 90 100 73 40 73 71 85 37 58 1 13 94 
100
17 65 56 76 93 88 17 86 34 54 62 94 50 92 76 29 9 28 82 17 66 60 45 57 7 8 75 74 76 55 67 93 79 84 35 61 48 13 63 58 89 52 93 94 65 91 9 88 4 93 64 10 62 75 23 83 85 17 50 33 64 86 22 91 18 89 61 10 42 5 28 48 20 17 65 49 92 24 72 46 97 72 28 92 49 98 54 75 87 5 69 54 9 50 78 68 11 88 82 27 
100
3 11 45 39 75 91 46 19 64 97 48 36 36 13 87 94 51 74 100 64 25 90 13 21 39 19 56 92 26 96 29 76 8 92 58 20 50 60 79 94 22 40 90 69 70 51 72 89 88 74 93 14 71 42 89 99 94 73 96 68 36 39 90 86 67 68 42 42 77 29 72 16 36 79 82 85 29 99 48 76 80 65 98 85 41 46 18 83 98 39 53 87 99 7 95 28 2 63 42 1 
100
56 18 18 45 96 11 66 65 3 73 43 43 43 34 87 62 40 37 51 14 83 74 76 65 25 89 21 54 19 21 65 81 64 38 73 79 64 31 13 76 26 45 52 10 81 66 63 20 78 81 57 47 65 82 56 63 72 36 91 9 40 78 4 99 79 35 68 56 22 9 21 10 80 51 55 82 6 17 99 63 64 76 23 42 68 79 82 16 42 26 83 3 8 41 67 50 35 87 60 48 
100
85 11 95 8 40 34 93 2 26 47 38 36 43 51 70 83 8 89 97 4 42 69 5 59 35 31 81 70 6 95 12 53 13 66 30 81 25 44 86 94 90 67 97 62 65 34 74 43 50 91 30 32 7 2 34 6 64 16 2 24 14 79 29 9 21 62 75 81 65 95 21 63 96 71 67 1 28 13 98 21 100 39 17 42 91 69 69 78 1 88 52 67 21 46 22 39 71 3 65 97 
100
75 8 7 56 42 37 5 46 66 40 19 13 72 79 33 21 37 70 84 82 85 78 80 79 49 38 36 4 70 36 5 96 71 62 32 1 14 14 95 80 81 70 36 88 64 24 54 22 77 65 20 63 4 96 5 89 13 29 79 87 62 95 62 78 9 55 47 7 14 6 40 11 52 16 70 57 82 50 50 43 99 17 95 100 7 56 61 100 64 24 38 68 7 90 81 39 5 25 72 21 
100
12 88 64 92 59 18 68 8 16 80 94 19 35 63 45 57 64 19 60 48 64 31 14 55 94 14 38 4 7 41 16 75 6 78 73 97 34 52 99 22 68 16 49 67 61 43 30 30 16 29 43 61 64 10 34 41 65 15 12 76 19 63 43 82 19 14 76 49 53 66 95 6 81 52 81 29 58 53 81 4 35 14 62 96 16 93 51 57 17 88 72 95 46 27 92 93 74 93 72 45 
100
40 11 67 60 39 45 42 43 92 49 94 90 54 77 92 96 12 7 32 11 35 11 45 42 78 17 36 40 53 67 67 23 67 65 52 12 26 15 97 33 36 47 50 96 39 27 33 86 100 49 74 8 45 46 36 76 8 24 50 48 71 43 53 50 46 38 97 75 30 41 42 42 11 74 1 7 11 36 59 81 68 27 37 71 36 30 24 42 81 9 51 7 96 7 35 83 45 67 79 100 
100
27 61 84 66 19 15 54 34 91 76 59 25 9 1 60 24 89 55 58 18 27 40 62 16 96 25 41 100 72 43 97 72 89 21 8 69 30 70 54 93 86 35 4 50 1 91 43 60 71 72 10 70 36 33 36 88 27 50 26 87 40 72 68 2 96 30 73 7 46 87 64 65 99 56 76 17 25 32 79 14 49 95 67 46 26 84 97 33 2 82 54 96 51 16 35 94 16 52 8 81 
100
21 29 69 73 100 53 31 77 14 13 16 10 57 38 45 76 91 72 40 38 75 29 79 61 2 40 63 88 13 59 12 7 10 25 72 25 88 36 54 14 86 34 73 49 46 86 85 78 94 62 82 79 43 7 11 16 46 32 84 1 4 86 54 95 4 56 2 14 11 74 49 45 19 59 3 66 32 75 39 7 11 10 62 17 11 99 42 69 25 24 5 84 47 82 30 43 1 8 63 14 
100
60 11 39 73 27 100 18 85 27 57 39 96 5 36 37 39 17 90 81 10 37 16 55 85 47 96 59 70 92 37 22 92 93 30 17 34 80 88 9 62 35 35 83 68 46 28 94 29 15 32 7 25 69 19 81 21 17 42 73 1 65 53 19 33 93 89 54 97 41 69 36 42 56 83 2 71 89 22 34 48 31 81 30 21 1 98 64 51 48 36 86 23 56 26 28 19 49 46 87 21 
100
9 29 32 92 90 67 34 45 2 61 37 91 11 1 71 99 16 33 87 19 43 16 23 68 45 86 78 17 91 30 31 94 2 77 9 33 37 36 99 71 81 66 46 38 85 19 80 42 4 60 75 54 44 24 95 52 60 19 32 71 8 13 67 84 19 33 38 43 85 74 87 96 35 49 85 54 83 68 81 58 32 71 16 15 50 53 24 24 30 26 24 14 24 34 3 12 56 20 16 64 
100
30 40 7 73 62 86 96 38 80 48 5 8 76 73 61 42 36 67 2 23 77 58 98 17 20 99 66 61 65 76 23 56 9 52 50 68 51 64 88 74 4 59 73 70 52 84 46 23 52 34 58 66 18 93 91 77 6 14 57 12 38 87 90 62 100 24 57 47 55 89 4 78 71 13 21 67 36 70 33 19 73 30 24 99 22 49 87 76 59 44 39 24 68 62 37 14 85 49 67 58 
100
4 3 46 59 1 85 100 100 89 20 35 25 27 94 67 68 47 59 61 36 52 21 65 93 37 17 53 80 46 63 18 19 92 83 46 48 6 9 90 7 65 77 7 82 42 28 20 93 11 79 6 17 36 81 46 3 30 67 94 60 57 18 38 60 49 97 1 22 2 19 49 63 29 91 67 53 95 30 86 76 64 5 29 1 70 15 67 63 31 50 87 35 33 25 68 69 57 28 91 84 
100
89 24 42 76 82 68 51 86 96 69 50 11 16 48 63 14 72 85 87 76 21 56 89 85 97 5 72 28 42 74 59 18 83 27 20 83 26 41 80 73 22 20 55 17 9 38 67 59 89 53 92 74 66 82 71 96 15 42 33 7 78 85 66 52 29 6 92 11 11 30 34 83 77 17 30 15 49 53 22 85 17 40 79 30 92 36 30 18 98 20 12 5 40 22 7 3 21 31 53 16 
100
31 27 72 19 34 2 15 88 27 90 72 59 7 34 70 87 69 45 81 70 2 35 36 15 88 61 91 2 65 96 13 3 28 84 71 69 87 84 73 64 31 45 40 49 53 74 69 37 15 31 65 13 87 3 10 100 42 30 45 81 47 99 44 43 92 56 26 10 46 19 49 12 9 25 71 43 98 70 87 1 37 84 98 26 5 83 1 64 66 64 34 57 57 40 63 48 57 56 70 49 
100
13 83 46 22 33 64 28 26 83 24 17 78 51 1 59 97 4 56 66 48 60 25 78 69 81 45 94 18 58 24 42 78 86 3 45 33 47 24 100 5 82 13 75 16 52 90 53 22 28 54 65 26 88 7 76 49 9 32 76 82 19 32 7 78 8 77 5 50 19 6 94 37 28 65 84 35 50 19 3 10 25 29 85 52 46 43 96 18 60 43 34 16 24 36 5 52 18 95 47 31 
100
81 2 47 97 9 71 8 96 48 4 70 80 84 76 91 74 90 96 83 66 18 16 59 58 93 87 43 100 10 26 66 55 58 76 2 53 46 81 20 34 34 88 9 44 39 73 14 67 61 68 49 88 2 56 20 50 94 51 5 50 19 82 35 42 64 83 93 9 5 49 24 90 13 64 25 7 28 78 59 39 97 93 30 89 86 78 93 59 47 46 1 23 25 95 46 49 16 60 9 46 
100
11 100 39 63 67 36 82 92 77 36 1 82 47 85 84 83 89 56 89 85 16 13 92 58 8 48 6 11 79 39 24 83 81 10 58 1 85 64 7 15 20 31 93 33 96 6 38 53 71 72 36 77 66 35 85 44 44 38 4 96 11 12 30 28 26 59 40 40 51 72 16 85 71 67 3 99 22 80 98 20 49 63 87 46 43 26 50 96 5 29 91 13 26 39 82 17 49 98 34 41 
100
50 87 86 29 64 7 22 32 63 93 84 82 73 33 14 9 8 40 71 18 16 81 100 53 19 32 65 79 20 37 88 51 56 6 73 63 62 20 66 17 38 36 42 46 52 94 12 96 66 46 21 38 31 70 30 40 41 10 43 14 30 82 89 54 42 29 96 100 24 87 21 60 79 64 85 17 38 13 46 41 7 32 28 89 75 27 54 31 42 54 35 64 39 10 86 75 33 16 4 71 
100
68 93 92 32 97 86 56 21 36 20 8 52 85 30 99 18 61 54 64 73 69 64 45 7 87 4 6 5 4 83 17 100 57 41 62 46 22 26 12 41 80 49 1 19 86 44 63 65 31 45 75 46 62 88 42 2 69 14 89 88 54 57 14 43 87 34 33 92 61 64 44 53 16 1 61 28 56 73 71 59 55 65 80 2 5 34 74 50 80 82 61 93 13 84 67 41 70 95 73 61 
100
26 91 98 30 86 36 45 86 22 94 96 51 75 38 30 50 38 21 48 70 5 78 8 22 80 54 5 65 98 45 83 46 77 56 50 55 28 65 25 94 20 83 29 85 45 43 62 61 41 34 9 78 25 72 90 22 63 76 36 36 71 72 83 26 18 68 53 20 25 70 100 31 34 72 91 90 3 26 75 8 42 57 16 26 76 89 92 6 14 66 31 85 34 76 4 97 58 92 27 29 
100
48 29 43 17 84 61 70 25 95 29 50 85 17 38 46 47 90 68 26 44 37 47 99 48 73 53 10 59 83 63 59 91 35 87 89 48 46 53 21 34 8 65 30 35 43 89 55 4 36 15 7 23 76 57 100 85 25 74 39 37 98 64 66 86 53 56 55 61 40 62 76 54 82 6 32 67 78 21 62 45 36 36 91 24 23 90 32 45 31 8 89 42 95 42 79 32 22 44 77 75 
100
34 62 93 91 41 75 4 35 99 64 67 11 16 100 8 49 22 47 58 3 61 87 36 14 67 98 63 79 66 18 6 99 40 34 93 48 21 62 1 30 19 100 92 73 82 31 83 53 57 40 16 35 1 59 85 42 92 56 46 70 93 71 26 12 18 25 31 58 42 61 60 72 40 26 22 79 52 69 47 65 64 96 15 82 21 76 99 85 8 88 27 21 19 88 42 42 33 85 17 35 
100
36 33 88 18 28 97 76 70 36 9 26 47 76 45 82 35 95 37 27 35 46 22 74 37 44 70 70 93 31 24 99 86 11 90 66 7 34 75 79 21 44 52 32 98 19 73 74 58 38 28 33 37 81 5 40 65 37 28 57 10 65 63 82 91 48 60 37 15 53 86 94 84 23 23 98 50 67 89 58 59 22 19 96 98 91 95 41 74 84 81 20 16 36 34 62 23 45 22 26 98 
100
87 59 43 8 73 88 72 80 42 97 35 19 99 47 81 74 47 94 60 22 42 56 99 67 38 29 82 89 75 77 85 53 31 34 82 11 98 31 33 27 18 12 16 69 84 67 15 97 9 31 14 3 60 98 96 64 17 88 35 77 91 73 65 59 77 19 28 12 86 46 26 87 97 76 50 62 31 85 99 40 1 85 34 49 24 99 54 86 8 78 8 64 91 70 15 77 61 74 77 44 
100
29 39 66 77 57 63 45 85 47 19 61 58 79 46 69 14 24 67 23 41 43 8 34 49 85 48 38 50 67 58 92 49 15 20 46 51 49 78 80 14 29 38 40 92 55 60 55 100 46 18 76 25 61 14 52 32 20 87 19 66 31 12 62 30 28 3 25 4 33 25 68 61 19 90 100 61 81 92 83 39 80 27 60 79 88 76 31 90 31 18 9 81 25 25 47 91 52 28 44 5 
100
5 72 28 19 10 15 42 21 61 10 74 89 49 79 100 10 51 46 7 26 24 98 33 4 81 34 21 13 63 29 47 64 25 43 13 19 50 65 70 20 43 38 71 52 33 22 83 27 78 71 87 44 26 39 90 14 24 54 47 11 90 9 21 20 81 73 90 22 24 55 19 27 23 64 35 15 47 8 78 9 29 21 55 21 29 57 2 80 64 52 43 42 3 75 11 10 17 51 60 70 
100
58 6 90 9 98 83 57 99 73 1 12 72 32 18 17 19 13 76 98 8 22 55 10 28 68 44 40 84 29 89 26 49 94 10 15 58 54 52 38 47 26 24 98 28 96 95 46 93 58 87 52 80 63 44 63 55 51 92 97 49 53 47 86 79 46 51 88 7 29 39 13 3 66 55 64 10 31 39 41 20 40 44 96 76 45 15 90 15 22 11 49 74 22 45 89 2 52 33 32 63 
100
1 68 31 31 14 88 61 41 46 64 72 70 31 89 81 38 78 24 9 50 31 44 37 81 66 18 73 8 26 19 89 82 8 19 16 96 12 76 10 77 98 24 23 90 99 94 44 24 61 34 50 34 44 40 17 17 10 51 82 60 90 27 24 41 73 91 59 85 77 27 6 15 29 88 67 20 12 37 29 93 45 23 69 22 56 80 68 66 39 48 47 71 3 83 68 11 71 29 85 19 
100
57 8 14 22 49 44 36 85 91 53 7 18 80 13 99 11 23 21 90 45 19 73 9 68 85 84 34 88 76 1 21 8 53 53 77 14 96 24 29 32 82 81 70 30 13 53 36 20 93 54 12 57 64 42 92 83 40 17 1 13 51 31 40 98 7 96 4 36 68 28 83 58 55 74 43 13 80 42 47 65 2 74 78 34 97 31 75 13 72 52 18 52 60 91 17 65 65 38 23 11 
100
95 63 49 25 56 48 58 84 69 94 84 86 98 80 59 4 77 27 26 56 89 51 8 16 23 29 57 15 65 78 93 7 71 2 92 51 43 23 74 77 20 75 5 12 17 85 92 16 62 79 82 30 87 92 72 86 88 92 40 6 41 94 39 21 75 17 11 27 58 78 20 87 13 15 51 14 91 61 41 66 11 47 39 7 62 8 26 88 67 85 9 57 80 9 52 28 91 48 23 78 
100
47 59 3 67 72 4 85 81 56 88 89 24 76 47 80 18 6 46 5 81 8 36 88 41 57 50 13 56 35 87 12 63 5 12 100 27 77 35 29 99 36 54 36 48 57 98 6 95 68 61 26 57 68 13 19 57 6 70 53 93 91 41 45 30 68 46 7 94 52 71 39 39 12 6 15 33 98 38 32 6 22 16 60 41 85 7 11 81 94 69 89 84 75 28 42 12 72 37 35 40 
100
14 78 40 90 98 62 78 52 99 65 3 92 13 37 76 44 100 16 7 94 45 10 8 44 55 14 73 68 96 100 32 70 81 82 32 50 24 32 88 19 92 76 35 36 66 54 93 63 14 90 5 87 75 19 67 78 43 84 43 46 27 33 59 63 15 16 82 78 96 93 94 32 69 87 11 2 55 3 12 24 1 2 41 48 100 26 46 20 52 85 19 34 34 30 4 51 22 28 79 38 
100
32 32 11 71 19 21 44 47 66 50 49 41 3 20 16 5 28 20 40 49 88 67 11 97 90 44 70 83 68 22 30 10 34 3 24 47 12 12 57 46 10 98 55 18 94 31 6 59 71 53 30 18 56 40 55 34 19 95 34 2 47 9 80 71 20 52 41 12 33 42 11 75 6 66 82 33 8 33 46 49 82 89 55 17 9 25 76 37 33 7 96 84 17 15 76 81 41 96 97 98 
100
11 20 73 87 24 87 27 52 68 72 60 3 63 96 32 77 93 54 50 71 5 63 79 34 25 18 99 26 89 11 89 74 13 54 40 12 75 45 90 74 90 9 90 30 59 1 48 50 6 15 36 43 33 9 27 51 11 15 1 36 68 81 92 87 50 12 31 85 19 44 63 96 93 20 90 69 27 37 68 37 86 56 15 94 78 95 9 55 71 6 1 18 70 98 2 33 52 69 87 51 
100
4 39 80 77 91 37 44 48 45 12 72 60 23 36 82 42 1 38 5 66 37 98 44 21 87 13 89 72 22 66 20 56 90 99 28 21 3 91 5 84 11 30 59 90 8 72 66 53 96 49 30 29 97 17 89 20 7 87 95 17 19 55 9 23 25 1 97 24 29 44 52 16 7 50 61 68 21 92 2 62 65 26 65 75 87 33 33 79 10 48 28 12 5 36 59 17 53 75 51 7 
100
82 98 86 80 23 10 80 80 86 84 67 54 47 43 61 17 79 43 79 94 84 20 21 67 27 77 1 72 75 69 40 77 60 70 71 93 82 36 21 41 87 92 97 32 42 14 47 54 5 43 60 54 1 43 34 100 41 6 84 74 21 45 13 27 56 92 50 98 64 25 91 52 40 67 91 92 81 41 67 26 33 93 23 70 94 16 42 50 35 54 75 39 80 57 13 75 74 99 92 31 
100
41 29 92 96 21 79 41 19 54 40 88 45 36 52 53 46 29 1 41 50 61 14 67 1 41 87 37 47 11 88 76 60 85 16 12 93 46 50 53 24 88 45 2 68 76 49 90 63 80 64 9 54 7 94 75 50 30 9 68 27 41 16 15 42 60 5 64 47 79 13 92 7 71 43 79 30 71 24 53 48 9 30 27 12 62 58 40 6 81 72 100 93 18 41 85 60 38 82 72 99 
100
28 55 65 100 71 25 88 3 75 69 83 97 78 38 78 52 8 22 66 11 8 23 1 19 12 48 37 35 71 29 87 64 6 90 34 20 17 4 100 96 2 40 43 3 45 90 36 45 22 21 36 51 41 76 68 45 65 64 91 22 23 7 34 6 11 68 91 18 75 44 36 96 98 45 18 89 76 80 61 79 41 44 47 50 47 49 17 5 43 39 48 61 46 71 4 14 48 70 5 83 
100
62 64 95 27 73 15 60 55 66 77 34 46 79 95 26 54 38 23 75 17 76 67 76 28 96 43 66 63 70 68 8 81 38 58 7 1 18 23 100 53 67 9 63 63 18 30 18 57 73 42 63 36 87 65 10 84 70 49 55 61 11 2 3 22 24 16 52 63 29 73 34 4 27 8 67 25 72 73 47 30 70 46 48 91 88 53 11 16 6 78 88 57 73 76 23 46 66 87 59 89 
100
46 5 39 24 90 14 39 76 7 96 92 74 80 42 91 5 47 15 11 4 62 82 93 78 43 93 15 19 26 87 60 37 57 35 55 47 96 34 54 36 86 94 17 36 7 8 7 34 76 34 17 17 60 13 21 84 5 22 56 55 46 40 14 57 2 82 97 59 85 73 49 58 16 4 59 40 47 10 1 63 35 67 97 38 50 39 52 76 34 39 33 98 88 74 58 32 57 23 2 23 
100
89 7 35 81 3 94 22 42 53 89 85 18 24 27 12 59 7 83 83 33 24 84 67 18 35 76 83 74 50 50 33 83 40 16 97 34 58 76 85 91 7 41 94 5 99 67 74 41 14 39 34 75 46 53 50 29 78 55 74 40 61 11 67 76 66 92 43 20 69 73 41 62 62 13 49 20 60 26 74 83 97 89 97 98 68 41 33 30 67 63 31 53 14 10 60 65 44 78 92 83 
100
92 19 13 15 47 31 25 86 4 91 29 65 35 45 30 39 18 78 52 50 77 72 61 42 26 66 31 59 96 39 53 51 15 12 50 3 48 9 79 63 17 1 74 11 36 17 28 17 56 26 65 48 44 62 12 53 11 9 80 28 40 40 89 85 31 57 60 5 90 36 38 99 45 73 66 22 32 84 89 41 55 70 85 76 96 64 98 24 35 17 76 6 90 54 53 32 26 58 30 85 
100
14 48 99 71 74 11 84 37 27 17 46 37 65 57 75 14 61 27 48 83 4 87 63 92 64 76 48 21 85 46 73 100 35 48 86 42 34 99 86 21 33 17 98 39 51 37 41 35 59 63 73 24 80 74 44 23 64 1 67 18 92 51 8 25 72 2 38 12 7 65 81 89 66 32 69 47 14 16 31 38 63 84 50 49 65 48 64 74 8 24 22 69 20 59 100 32 3 76 19 18 
100
23 52 71 21 75 18 57 8 56 23 58 64 87 14 30 30 9 23 19 1 39 70 40 10 47 75 16 78 35 99 67 14 1 18 80 41 62 98 20 41 31 82 6 19 96 89 79 21 59 32 92 45 61 15 69 59 95 11 53 50 32 63 39 19 16 69 87 70 72 54 6 61 25 89 30 73 55 100 49 68 63 23 31 85 74 35 86 14 26 27 26 16 54 68 66 2 34 30 9 43 
100
62 72 68 57 84 84 11 14 62 52 97 54 56 92 57 77 66 73 95 71 66 10 80 84 53 65 98 93 22 76 69 84 10 93 37 67 98 30 44 52 74 5 23 36 84 3 66 17 29 39 3 88 22 93 23 47 89 76 55 47 40 9 36 14 18 33 26 95 5 48 62 61 48 35 26 61 74 23 21 86 55 39 7 31 6 28 38 24 2 27 90 97 96 67 26 72 17 55 55 39 
100
32 58 96 25 27 69 91 9 19 34 11 95 24 46 19 83 17 19 81 88 48 3 67 70 46 19 38 90 34 85 75 89 11 52 23 70 50 5 18 48 81 74 43 97 20 88 70 25 65 34 30 65 63 52 73 22 43 25 93 85 59 57 99 52 22 74 75 62 23 37 85 79 49 35 54 14 23 5 8 8 49 93 83 45 87 69 20 93 33 17 34 51 15 64 22 33 81 71 67 44 
100
73 22 91 85 95 83 36 24 58 100 26 24 61 35 60 44 17 32 94 68 65 79 22 83 78 66 9 19 68 25 71 97 92 84 54 82 84 81 72 23 91 78 12 57 2 53 54 49 75 7 49 98 79 10 48 90 12 19 48 22 91 42 1 32 56 94 11 27 78 52 6 98 100 7 93 16 58 51 80 44 99 27 5 79 20 67 13 74 89 50 38 50 14 67 26 49 49 2 77 51 
100
50 89 8 13 43 67 58 96 14 89 75 49 11 84 19 48 18 10 48 26 73 92 11 44 10 83 49 80 47 42 80 30 5 80 11 76 90 46 23 78 58 95 47 8 41 29 6 12 63 71 10 71 24 33 73 23 21 4 36 50 18 27 42 73 2 85 90 23 95 36 74 72 71 96 75 62 60 80 59 23 30 30 19 3 2 77 37 39 8 76 75 98 38 25 29 67 40 63 71 83 
100
16 92 26 84 31 85 64 27 27 47 94 62 46 78 66 72 63 32 10 97 76 84 35 25 20 4 93 32 25 88 6 64 56 79 1 94 11 62 33 57 68 11 50 92 41 68 68 50 4 18 45 60 19 100 48 85 30 99 3 37 52 94 32 96 71 25 56 68 36 87 31 38 42 20 28 21 34 64 72 92 79 14 93 40 87 68 17 96 73 12 10 21 17 22 45 65 97 62 14 64 
100
73 76 78 41 57 14 11 29 37 94 31 46 77 5 4 90 62 84 75 90 66 37 80 60 7 71 12 26 90 77 68 14 33 13 57 79 17 57 48 45 22 26 24 84 99 43 14 25 94 55 73 45 55 39 90 14 16 55 81 80 82 36 93 36 34 81 32 83 30 56 23 60 97 12 68 75 79 88 80 17 14 50 84 63 94 89 58 88 27 93 22 97 13 85 26 40 87 29 40 89 
100
88 48 15 79 18 91 31 57 51 100 74 67 54 49 95 96 25 25 64 53 20 64 64 52 19 57 74 65 92 17 85 45 91 17 52 61 93 80 60 69 6 2 95 93 94 84 31 14 6 77 64 86 76 5 70 34 32 24 30 40 5 53 38 4 35 55 71 22 78 95 79 72 15 39 16 78 62 51 76 27 20 54 29 30 69 68 66 25 29 29 94 60 26 68 4 41 57 13 36 46 
100
65 12 30 16 12 99 72 59 30 57 89 34 3 65 55 65 72 4 12 96 36 78 89 81 3 100 2 16 43 17 22 70 59 18 18 32 68 86 80 26 18 16 2 64 95 19 63 67 53 87 29 95 22 69 71 19 24 39 77 82 83 77 94 97 46 11 94 93 99 16 76 98 90 2 69 80 28 55 93 37 85 39 17 59 64 75 62 47 37 86 41 18 47 86 20 71 11 49 99 98 
100
33 60 15 84 66 96 15 30 30 51 8 62 22 93 35 59 68 20 52 100 22 57 81 88 25 84 50 81 7 93 28 35 74 52 73 10 6 37 95 98 29 17 45 58 82 1 84 47 56 48 1 19 23 71 2 45 79 19 59 78 48 19 19 24 38 30 59 10 67 91 15 57 41 43 3 94 15 63 71 60 83 46 6 58 65 66 39 68 91 2 37 70 28 10 5 74 82 99 89 88 
100
99 56 23 98 98 10 67 97 27 90 33 73 100 76 18 71 70 24 88 33 72 58 93 90 22 64 25 20 12 15 10 30 59 57 32 66 4 77 84 47 21 12 21 42 21 100 70 94 24 54 87 89 41 59 22 45 45 27 95 43 77 93 39 14 44 22 26 75 32 94 79 57 97 3 16 59 93 43 18 41 45 64 66 23 60 5 77 95 31 64 61 93 81 74 16 8 44 47 64 36 
