100
100
53 40 72 13 37 76 5 3 21 48 19 34 87 4 31 39 15 83 95 59 30 97 27 14 98 79 97 31 24 31 56 89 61 30 25 93 33 69 70 4 9 55 27 19 96 71 50 59 89 24 6 98 27 34 55 55 80 95 64 76 42 35 93 66 79 64 15 93 59 61 65 58 8 20 52 69 93 86 30 71 88 61 6 84 53 1 47 64 26 64 23 34 100 79 62 50 37 42 87 87 
100
12 10 74 56 90 76 55 21 43 40 74 48 92 44 76 85 25 94 28 49 90 37 33 78 82 79 75 87 57 74 17 41 19 40 46 19 11 68 50 94 96 39 99 56 65 27 75 10 100 69 77 99 38 53 39 26 69 70 66 71 61 7 88 3 55 41 5 2 31 37 9 48 9 41 40 50 87 27 32 97 81 38 67 29 77 67 93 80 35 45 24 69 71 20 16 7 6 51 46 41 
100
55 58 23 76 91 15 70 66 18 63 42 29 11 20 9 51 2 48 78 20 10 100 88 78 46 90 46 71 43 76 90 16 33 86 61 53 28 49 21 25 75 29 82 55 48 4 77 9 75 16 94 12 60 99 44 45 2 57 30 42 81 78 68 80 66 8 54 83 78 75 92 82 12 15 48 73 35 82 75 28 87 7 66 14 7 62 12 82 47 69 96 61 46 22 45 36 51 9 23 19 
100
23 97 24 26 95 70 47 10 4 2 21 63 86 12 46 58 13 8 81 2 85 29 46 43 53 47 100 48 26 37 100 84 5 14 56 23 74 14 23 83 55 19 12 19 8 85 46 66 100 87 19 91 24 58 11 44 10 91 46 89 37 52 28 42 63 3 69 95 99 63 86 83 12 19 6 15 89 88 52 40 71 89 49 32 56 93 25 4 73 52 51 54 10 18 40 90 29 36 50 21 
100
16 49 65 42 67 12 3 67 69 42 87 27 26 19 79 30 81 100 12 96 54 35 66 15 87 62 35 58 75 53 20 38 79 63 63 76 40 51 99 27 33 27 77 44 29 1 43 75 91 87 62 79 54 68 7 49 43 13 78 21 37 50 67 5 71 6 6 34 15 80 85 24 99 31 30 6 72 54 30 50 31 60 76 94 63 23 75 94 6 75 12 20 83 22 50 62 32 38 90 51 
100
61 3 5 25 48 5 71 45 7 63 67 15 79 25 53 11 86 40 26 93 51 44 54 45 33 99 46 46 49 27 36 52 44 39 88 78 53 6 52 97 26 77 48 23 76 12 34 100 15 58 52 7 100 40 87 11 59 43 66 12 52 49 84 75 33 61 34 24 28 54 44 27 65 42 81 49 55 51 58 5 39 90 47 94 16 83 64 27 69 43 31 20 24 43 97 66 41 14 2 30 
100
95 77 88 70 16 74 59 57 82 31 59 5 40 52 10 89 15 52 73 27 27 34 92 42 42 58 4 53 78 36 93 48 64 11 52 63 15 51 34 8 47 59 69 55 60 16 75 61 66 40 5 33 90 82 14 51 24 94 16 30 6 27 14 23 45 100 66 68 91 48 45 77 61 97 25 14 26 14 22 68 63 99 41 61 12 85 88 50 39 75 14 95 72 61 98 18 97 51 97 39 
100
66 8 33 32 39 7 91 7 9 89 53 100 71 89 20 85 46 68 31 23 7 21 41 67 75 52 100 97 63 77 23 4 26 32 81 34 55 26 58 8 91 99 21 85 86 29 59 95 89 63 27 43 44 15 26 63 17 37 5 5 57 54 45 81 85 28 82 13 20 42 79 65 39 54 29 22 61 1 49 51 92 58 27 9 7 7 9 74 93 56 53 9 22 70 38 72 13 11 100 96 
100
90 51 81 12 25 18 70 15 90 83 47 87 34 1 16 70 2 43 57 20 95 13 75 73 46 56 47 69 24 23 78 40 21 8 73 71 57 33 95 80 67 36 41 37 13 51 93 36 39 40 7 74 59 64 55 89 25 30 91 34 88 38 28 83 65 43 26 97 99 38 98 42 78 60 30 64 16 25 79 77 8 70 66 26 65 84 19 46 47 90 59 33 60 57 31 48 70 66 81 31 
100
63 24 7 36 13 18 91 21 70 51 21 81 19 56 19 11 53 94 44 47 96 13 14 45 92 92 43 100 88 74 14 39 1 56 19 98 3 44 67 31 9 17 80 70 11 4 17 42 99 42 45 45 5 31 93 51 88 7 91 81 8 11 4 83 17 98 10 92 75 68 34 66 60 67 100 14 76 100 89 69 27 24 100 66 44 27 44 6 4 22 28 65 72 76 20 7 59 86 15 71 
100
11 87 38 23 43 52 88 56 49 5 22 75 66 96 13 84 46 59 50 6 28 76 17 72 61 39 93 86 76 51 3 10 34 53 81 36 30 42 73 69 24 47 97 80 26 21 61 99 36 81 60 23 12 62 55 44 72 70 24 28 6 39 53 38 12 77 51 80 37 59 14 76 28 93 2 41 28 81 88 41 76 10 89 74 40 84 10 63 23 2 92 29 86 60 78 98 13 37 61 4 
100
81 36 80 73 41 93 40 89 37 10 13 88 40 26 42 50 56 6 13 49 48 31 46 22 17 27 54 34 1 11 35 98 68 60 74 88 39 81 8 96 7 49 73 36 78 13 70 36 89 48 68 44 65 100 58 18 65 60 36 10 40 40 24 85 11 45 13 42 94 70 53 71 52 58 35 27 60 18 18 42 69 45 21 42 4 31 19 65 72 51 44 91 86 32 53 17 59 41 36 90 
100
27 24 12 5 71 96 84 35 93 51 93 70 29 82 53 55 32 34 37 44 61 87 75 60 48 87 17 91 66 29 12 17 4 23 76 18 15 88 19 15 72 22 80 4 42 63 7 37 4 98 10 26 7 25 93 42 68 33 81 82 34 77 73 85 38 90 22 75 34 19 73 60 55 4 75 6 74 52 69 82 46 55 35 11 80 25 41 47 55 41 80 94 1 37 22 8 42 78 42 15 
100
75 75 50 93 37 33 5 38 55 61 59 53 5 57 99 83 47 7 76 17 98 4 31 80 65 1 92 26 70 40 55 18 70 12 9 26 58 96 63 28 96 21 62 63 97 7 100 63 76 59 34 36 43 70 62 63 9 72 30 5 80 33 42 44 15 40 55 60 66 59 20 98 52 70 46 51 18 83 10 58 79 60 61 6 28 99 28 7 76 27 9 59 18 32 70 94 42 25 99 61 
100
93 72 17 58 89 6 42 37 68 51 26 53 8 20 96 77 87 47 1 60 92 42 24 32 38 20 64 47 35 1 78 55 79 60 18 43 62 38 54 89 100 48 72 23 75 89 29 37 58 49 35 3 92 45 96 94 31 84 31 68 18 54 47 82 1 3 98 82 27 74 12 48 96 74 75 76 28 40 29 88 20 38 95 56 100 44 9 59 84 25 48 55 75 81 95 81 85 40 69 78 
100
80 45 5 89 1 80 3 100 20 53 95 88 97 6 28 13 92 30 18 22 43 7 54 47 71 41 21 60 12 73 56 75 69 36 68 76 3 80 94 28 93 11 32 64 13 57 92 64 80 33 12 16 95 94 78 57 76 4 50 75 55 4 11 1 86 96 87 58 39 100 42 67 92 12 79 97 92 11 23 24 40 15 90 4 64 62 52 43 59 88 78 63 28 10 5 17 71 67 74 18 
100
83 21 27 61 10 14 97 78 46 31 82 53 84 61 77 30 86 54 43 88 37 38 72 91 53 11 75 70 16 65 18 16 21 87 50 95 25 78 61 95 95 55 41 32 21 14 24 82 85 64 88 16 8 94 25 11 32 51 44 93 2 72 83 9 68 97 82 24 79 80 76 72 43 25 7 40 57 32 100 29 81 98 86 80 42 60 48 68 87 17 93 44 11 59 88 76 51 17 60 52 
100
46 3 14 14 6 38 100 30 1 17 92 66 98 68 18 27 33 47 78 25 65 71 38 73 73 69 90 89 36 9 56 16 60 49 14 64 84 1 18 92 2 98 17 38 5 8 39 25 39 85 19 50 25 75 98 20 54 7 64 1 42 6 49 23 40 56 53 91 81 96 19 4 6 99 59 55 4 97 66 34 3 52 42 27 65 54 33 95 88 77 7 99 29 100 100 29 6 97 10 57 
100
46 89 51 26 15 12 77 79 68 26 43 51 73 41 7 33 32 96 69 4 33 98 34 51 53 87 40 66 77 40 2 52 73 25 71 100 63 89 44 98 50 4 37 51 37 52 27 83 22 32 47 82 15 8 82 69 70 79 66 11 71 17 60 12 56 100 6 60 44 81 63 34 48 91 85 99 31 96 6 18 27 80 90 54 37 85 71 46 36 35 10 72 95 63 37 87 81 22 18 61 
100
41 9 55 45 76 55 98 42 47 95 99 17 31 38 83 23 62 26 76 97 99 36 7 23 61 36 65 79 38 7 76 60 42 1 67 27 69 31 57 56 9 23 99 44 18 83 89 25 48 47 6 95 7 18 29 46 78 42 35 71 62 26 86 80 71 41 64 2 78 17 9 9 1 73 9 99 25 47 98 37 46 4 88 70 100 29 65 48 40 94 15 76 76 25 8 89 4 81 86 32 
100
97 99 87 2 51 41 70 59 26 13 54 18 4 29 71 12 18 68 31 73 48 71 7 41 62 38 94 43 69 64 40 68 61 42 86 18 23 38 78 47 46 43 95 56 22 53 22 29 54 5 50 94 98 71 64 6 39 17 42 23 34 68 59 83 54 66 28 30 98 78 4 55 10 83 62 35 44 69 34 16 34 6 35 74 87 24 81 84 87 40 3 96 15 11 94 96 60 50 42 32 
100
30 35 100 80 80 54 33 64 54 85 79 57 92 12 10 5 1 52 12 73 62 18 27 23 76 22 22 99 59 32 2 18 41 98 87 33 34 36 48 38 53 61 88 68 54 11 69 20 78 9 33 72 36 82 42 35 29 96 42 32 27 50 40 60 85 59 49 22 26 17 23 85 7 17 65 46 54 3 39 30 100 23 97 90 65 81 54 4 83 39 71 8 36 21 11 8 76 78 6 32 
100
18 40 93 74 13 92 52 77 51 47 58 83 1 76 32 41 13 11 76 94 36 9 52 82 54 9 40 8 60 63 80 90 17 11 18 52 92 67 38 32 16 20 95 68 51 67 25 12 85 84 15 90 97 75 46 43 6 86 87 84 43 37 90 100 22 44 75 56 66 50 58 12 67 50 81 44 84 43 44 79 23 67 28 67 15 21 89 49 46 83 11 42 20 85 6 55 91 16 76 44 
100
13 1 45 11 67 77 29 15 15 17 87 99 36 90 62 41 24 83 88 14 83 2 12 80 87 99 28 82 15 6 32 78 47 36 82 88 20 45 10 22 60 13 56 67 17 91 67 49 30 65 72 82 38 41 7 21 84 31 33 89 42 60 52 41 38 82 95 64 38 14 85 76 87 58 83 55 4 71 79 26 16 70 92 15 49 61 36 86 3 32 57 20 8 32 91 2 45 81 52 70 
100
17 99 69 33 8 98 77 32 43 82 55 32 66 63 17 31 78 37 50 62 72 88 19 8 57 84 2 20 75 27 39 34 61 29 67 37 79 27 61 89 17 39 67 15 63 32 42 66 67 99 90 81 79 13 60 16 17 82 88 83 42 25 5 16 66 92 91 61 8 54 84 10 5 28 18 56 89 1 88 98 66 89 51 63 48 56 31 41 77 6 34 16 41 99 33 57 24 76 80 56 
100
43 3 70 64 41 23 73 22 19 74 39 41 62 57 10 53 55 61 17 57 59 50 52 22 76 64 12 44 76 97 47 22 88 50 6 38 8 73 71 62 29 50 50 86 99 61 71 94 28 36 74 94 40 69 61 49 95 13 73 25 4 6 67 80 40 27 5 28 18 86 33 15 35 51 14 70 5 65 45 42 84 96 21 96 93 6 66 21 86 87 6 65 49 88 9 45 81 81 6 42 
100
99 70 91 45 5 47 26 48 16 59 72 10 37 71 11 45 36 42 34 7 46 40 23 31 44 67 84 10 65 25 66 93 67 96 100 8 4 15 15 76 60 74 17 81 53 43 3 71 91 1 10 42 57 80 9 91 8 91 5 97 70 67 13 8 38 45 40 97 94 6 24 30 69 49 68 75 38 9 45 22 56 19 5 14 8 89 32 2 68 8 84 32 34 87 50 68 16 69 12 75 
100
28 70 26 83 55 53 28 57 54 16 99 80 57 87 16 36 75 42 7 47 98 33 60 11 31 17 45 72 17 8 40 54 19 13 12 38 50 94 74 54 95 42 47 79 45 18 90 3 39 82 3 86 13 32 5 8 95 96 100 12 41 30 67 79 61 64 95 28 58 51 10 50 27 97 93 18 67 29 64 55 74 6 79 84 28 87 4 97 49 82 76 8 49 99 10 69 4 47 63 71 
100
56 58 55 54 89 22 18 46 29 82 94 53 6 26 36 20 9 35 61 77 56 85 15 77 23 42 9 84 42 54 63 78 42 53 53 57 21 53 70 34 78 69 43 56 97 61 97 70 63 23 60 37 94 30 77 54 24 4 19 25 21 33 84 82 81 45 69 83 23 94 72 42 10 84 68 44 65 45 95 42 46 65 47 44 22 88 50 71 89 77 28 63 27 43 21 9 30 98 91 48 
100
74 9 12 66 9 25 80 42 25 56 46 25 10 75 1 2 8 61 77 45 4 73 37 14 98 1 95 70 32 76 30 1 21 57 16 87 71 10 76 57 85 95 25 42 3 26 16 99 52 91 90 11 63 8 74 27 65 35 53 53 34 71 67 73 37 75 61 16 25 53 60 21 97 74 49 54 73 58 56 64 14 39 90 5 89 49 82 33 56 29 64 86 38 10 53 77 51 3 62 2 
100
57 86 71 15 16 53 37 56 17 19 67 100 47 77 45 44 21 89 90 100 51 31 60 82 83 54 17 12 95 37 97 28 88 55 57 41 96 60 38 28 69 57 98 4 97 29 94 75 29 72 77 72 70 92 56 37 57 11 3 14 33 37 70 54 98 98 7 54 84 26 27 74 14 91 96 90 9 83 2 34 44 54 16 38 89 82 81 73 95 97 78 3 42 62 54 88 12 85 13 67 
100
69 48 93 3 49 42 54 80 84 30 56 85 30 91 87 69 16 23 86 64 79 40 34 28 80 94 1 15 92 78 94 46 41 30 4 38 88 90 59 70 100 35 65 81 55 10 1 22 23 44 52 57 40 27 88 28 16 67 22 54 12 2 51 90 89 36 91 99 69 35 5 30 50 58 56 17 87 97 82 75 67 40 74 33 54 55 72 71 63 30 62 5 30 96 43 31 97 86 66 87 
100
14 73 56 30 71 27 31 6 86 38 87 59 6 17 69 54 42 37 41 74 72 31 84 61 8 62 7 26 50 11 63 29 45 63 13 22 42 22 59 50 65 82 84 75 93 33 76 30 74 74 20 16 46 33 65 92 49 98 7 30 18 4 75 53 29 31 88 28 82 38 94 52 66 45 68 65 33 57 68 97 67 9 69 25 91 65 20 61 9 69 18 23 82 61 33 7 82 3 16 74 
100
21 24 96 25 98 90 12 12 24 73 73 70 85 65 51 13 2 12 70 49 83 3 40 26 67 50 78 28 12 68 6 64 82 52 4 87 13 2 96 16 8 21 98 53 45 85 58 21 75 56 23 42 25 36 55 38 32 83 81 91 82 25 37 68 81 34 79 21 4 66 35 26 79 93 72 94 89 22 15 29 97 49 38 95 30 4 52 99 100 91 84 5 2 36 58 72 82 54 4 11 
100
9 32 53 20 79 100 46 6 87 96 54 99 58 13 20 9 34 10 6 78 81 12 39 9 15 59 96 75 97 3 88 18 74 52 15 13 39 15 89 56 77 27 34 73 45 2 80 3 73 67 50 26 82 44 40 23 82 31 44 62 86 79 3 37 86 100 93 98 91 6 100 80 17 90 88 38 91 62 51 97 40 51 3 39 15 92 36 7 89 28 26 59 49 44 92 52 16 42 82 13 
100
19 17 92 58 94 31 19 55 22 67 100 39 61 38 95 42 28 72 6 14 81 54 69 80 42 63 36 71 10 76 55 17 47 44 57 51 56 96 100 26 63 26 100 58 13 16 26 81 21 7 47 11 50 9 94 9 65 12 18 99 35 84 51 71 47 82 50 7 86 98 35 37 34 86 58 25 20 36 82 67 42 39 82 23 37 52 80 73 19 82 55 24 19 27 83 98 43 57 56 100 
100
26 1 31 56 11 21 3 84 63 12 60 65 83 54 1 32 16 68 84 36 82 71 82 52 78 64 38 74 99 39 78 48 55 40 40 29 59 57 23 80 52 54 31 89 88 61 20 84 77 81 29 38 55 33 60 45 36 21 77 51 31 9 41 46 97 97 68 2 40 27 93 76 9 43 32 82 41 72 28 35 94 39 16 68 75 29 60 38 1 32 72 18 95 6 88 31 88 70 52 91 
100
64 75 98 24 40 62 86 32 78 6 81 87 41 90 69 81 72 39 91 100 85 82 26 46 60 92 96 17 44 20 99 6 81 9 57 69 63 61 31 48 32 1 10 78 92 45 23 77 28 42 25 85 100 23 12 39 64 69 48 62 38 55 78 37 9 40 95 82 29 94 63 29 25 39 64 27 13 74 42 89 18 40 5 91 46 23 77 46 72 66 65 46 80 3 56 56 39 94 75 15 
100
42 78 27 11 39 29 18 83 19 59 72 83 65 75 100 38 80 89 34 90 77 7 27 40 43 51 95 25 71 49 74 17 49 85 71 59 92 75 69 37 70 37 58 66 95 16 97 29 100 15 70 27 73 80 93 100 84 41 35 82 92 98 40 6 56 99 62 28 54 96 36 57 30 8 43 15 23 31 5 68 47 75 50 54 10 41 40 18 5 23 49 14 8 45 92 1 2 16 57 98 
100
35 26 56 8 51 23 65 60 61 56 59 71 66 22 58 50 15 45 67 63 20 14 21 78 98 97 79 39 75 79 67 2 5 51 45 20 89 59 56 48 77 26 12 59 47 68 89 23 36 5 3 46 23 33 62 17 46 80 64 58 67 61 85 35 23 64 78 24 88 89 61 20 75 91 92 22 80 68 28 30 92 53 83 55 12 62 53 19 88 64 32 61 15 74 70 37 41 73 68 81 
100
96 47 48 99 11 61 98 51 92 64 14 98 21 73 76 75 38 91 45 44 53 42 94 52 93 58 59 89 59 50 38 33 61 81 100 45 85 57 94 47 63 74 72 87 54 17 26 56 32 26 67 97 59 18 83 12 34 45 8 89 37 15 37 7 72 45 29 94 6 50 78 16 20 3 93 57 3 28 40 57 92 65 67 61 39 40 99 56 10 34 88 92 63 99 36 15 59 97 29 27 
100
56 34 11 45 41 3 42 89 48 80 43 43 49 32 4 48 5 75 17 41 50 91 56 15 81 3 28 58 11 23 42 3 36 51 80 47 45 34 50 50 97 95 98 92 87 61 31 19 78 56 81 93 12 74 27 28 87 27 81 63 9 93 100 18 87 15 90 77 96 23 30 1 75 6 74 43 86 82 51 9 68 15 16 90 74 67 98 18 17 35 26 50 83 7 52 5 39 80 76 71 
100
62 52 6 20 84 100 70 85 18 45 4 86 37 48 6 36 90 56 32 17 4 55 71 16 51 63 13 71 82 74 36 1 3 7 29 89 33 87 7 76 59 4 96 59 91 11 18 57 30 88 70 98 74 6 97 96 92 24 80 68 38 83 39 24 28 41 24 60 83 21 20 83 81 80 5 23 84 12 33 43 89 10 15 100 64 85 64 14 65 61 69 81 97 2 88 27 91 17 82 75 
100
76 79 82 79 97 88 75 90 67 78 11 37 23 99 48 11 43 96 36 67 92 51 15 73 22 78 39 35 93 53 76 56 14 41 21 38 69 22 87 33 84 90 71 44 35 71 77 52 85 99 11 41 36 34 23 44 89 28 94 54 35 79 37 23 43 39 48 19 14 72 80 91 82 40 21 79 71 66 21 18 8 6 64 15 1 58 72 82 14 72 2 38 59 80 78 58 57 81 88 54 
100
33 91 20 36 7 80 30 54 26 20 77 49 31 48 21 90 95 30 19 8 12 41 50 55 58 8 35 47 94 70 88 76 84 91 96 36 90 22 42 13 40 40 12 18 5 71 54 60 18 20 36 25 97 77 96 15 29 15 59 50 36 75 29 36 17 96 14 88 71 77 68 93 49 35 71 76 4 61 45 100 74 2 14 26 25 74 12 68 51 73 22 17 70 72 98 74 27 38 62 67 
100
26 38 53 53 46 77 14 15 75 27 43 19 59 13 69 78 2 45 47 2 3 1 78 78 76 97 16 27 9 100 88 50 44 81 48 90 53 46 20 7 74 93 82 7 14 100 46 89 29 10 21 15 23 40 92 100 74 46 71 46 13 91 67 76 91 66 42 35 47 34 97 65 1 74 6 98 25 65 9 55 6 45 25 73 86 35 11 36 44 26 18 79 18 63 95 33 40 93 83 4 
100
60 88 74 76 100 12 91 56 37 22 33 1 77 86 72 3 16 31 89 13 6 51 42 10 64 92 97 89 67 77 94 49 65 65 99 25 67 97 76 67 83 97 75 38 95 76 1 70 29 3 70 7 20 91 46 100 83 54 9 49 33 48 71 11 76 89 43 63 42 34 73 77 37 20 15 10 82 28 69 85 49 18 7 70 10 35 55 44 3 80 94 96 4 92 44 53 11 80 51 94 
100
13 35 75 42 85 84 95 98 44 54 8 24 84 55 84 95 81 18 16 87 48 27 85 58 86 2 86 27 84 82 34 94 69 23 38 64 93 92 94 61 95 30 9 15 50 7 96 45 39 2 2 84 46 91 89 84 41 29 24 82 1 39 85 80 80 32 85 81 39 6 94 3 33 88 52 63 51 30 16 32 89 89 100 91 13 96 87 21 67 47 32 28 21 50 8 47 80 48 81 57 
100
38 88 20 57 25 71 82 7 95 80 91 97 92 4 23 92 65 66 26 37 75 66 18 84 48 32 34 35 43 76 85 98 58 75 51 38 94 37 19 71 35 76 38 67 82 75 59 64 71 76 31 45 96 31 67 79 29 65 15 9 95 24 6 42 6 59 48 90 66 92 42 68 69 100 40 98 65 98 63 6 37 84 46 87 92 74 66 51 66 33 77 16 98 7 55 12 44 32 34 14 
100
60 57 72 37 91 34 66 91 75 13 12 6 69 32 30 46 94 99 1 3 2 67 65 48 74 59 73 61 79 53 22 69 88 15 89 2 91 35 92 17 10 79 5 45 73 37 75 79 42 70 5 84 25 85 98 30 30 70 72 84 63 40 75 59 6 56 44 84 63 99 21 92 49 21 71 26 55 71 47 84 20 54 96 73 76 89 14 57 25 29 35 49 44 23 46 76 34 30 61 22 
100
89 1 81 65 76 59 49 37 5 61 15 88 60 80 14 26 37 52 25 73 21 48 67 72 19 79 99 45 20 98 45 52 59 67 74 10 19 85 8 67 21 5 42 16 46 84 15 51 37 6 68 2 69 95 91 46 34 64 21 73 64 24 64 83 96 23 13 58 62 39 84 15 46 97 98 10 51 70 30 21 60 87 99 9 13 90 64 98 70 73 77 96 75 40 57 70 31 74 93 98 
100
17 76 88 81 68 2 27 4 45 94 63 59 31 98 89 25 57 72 45 44 28 80 98 99 39 34 93 41 34 68 28 68 64 70 49 93 71 32 6 26 97 72 87 65 16 44 38 87 41 30 43 77 30 47 89 37 53 93 51 21 28 16 98 39 15 31 22 68 35 66 23 15 24 27 50 24 40 97 28 98 53 72 10 28 57 15 25 63 58 82 40 8 81 100 16 64 30 100 84 57 
100
44 46 89 67 44 48 71 55 20 33 40 10 90 62 85 13 98 76 59 43 84 65 95 89 57 90 10 29 29 68 30 41 74 18 89 54 11 27 87 58 63 40 45 51 26 20 76 37 16 73 59 51 25 62 61 85 16 39 27 8 21 37 85 31 97 83 74 24 31 24 65 30 84 61 25 90 42 73 64 31 86 32 12 35 99 65 66 6 67 39 39 57 96 69 80 35 77 13 85 78 
100
66 94 86 90 33 2 40 66 75 18 5 15 30 59 38 17 96 57 1 35 64 6 100 14 67 37 88 89 90 80 9 36 63 66 57 42 21 81 75 71 43 55 18 90 7 39 74 27 83 99 83 52 8 60 20 13 83 17 37 14 45 19 23 4 13 25 7 83 96 67 34 22 24 44 48 95 37 16 76 12 32 47 51 14 4 72 83 62 82 49 38 61 100 71 27 80 18 57 32 83 
100
49 100 32 18 24 1 19 50 16 30 76 9 6 29 70 12 86 35 6 47 66 33 16 74 64 93 28 91 65 10 7 9 30 63 70 95 25 57 14 15 64 92 68 33 79 21 19 26 8 97 72 54 14 76 22 74 46 99 62 50 46 6 72 46 30 22 15 30 78 50 97 31 73 76 83 44 6 67 99 21 100 18 83 94 18 47 33 16 41 1 47 52 93 7 97 84 38 27 12 74 
100
90 74 97 69 47 44 63 74 51 14 94 88 8 62 56 64 53 22 36 48 48 41 8 29 90 43 11 82 84 3 64 11 79 42 30 46 82 45 28 4 14 67 47 7 58 48 53 51 9 37 52 95 17 57 56 93 65 4 85 84 49 34 60 21 40 62 63 44 70 67 64 85 100 54 74 47 80 21 86 63 57 88 73 16 35 42 5 1 43 91 45 27 69 51 8 17 73 61 97 1 
100
3 69 84 70 7 43 29 7 57 69 98 53 69 82 46 55 85 68 59 80 46 51 35 78 13 64 31 82 30 81 4 81 18 61 71 17 28 25 13 67 5 4 98 7 69 33 15 96 13 95 35 51 91 62 92 38 3 75 34 5 95 12 27 23 97 69 78 4 16 2 73 47 48 30 34 52 21 7 30 4 98 99 77 68 55 46 8 85 8 53 76 33 69 51 78 63 26 78 36 71 
100
97 20 7 52 6 22 49 77 94 1 8 74 64 23 40 69 88 36 50 49 97 26 14 74 34 22 50 65 75 24 87 40 69 52 47 17 87 18 23 28 42 42 12 43 47 65 65 74 8 80 11 82 33 30 55 100 71 36 95 33 22 67 55 33 58 70 94 15 7 48 22 76 22 96 52 74 12 27 55 85 69 82 98 62 71 64 84 28 68 39 40 48 90 6 81 50 50 53 28 49 
100
74 25 99 29 47 69 64 23 77 74 91 100 77 53 52 23 25 78 68 61 2 5 46 82 90 74 33 65 63 3 84 11 88 48 13 32 11 78 73 70 15 81 20 42 78 23 20 68 38 42 85 27 43 47 84 29 96 43 90 48 83 66 35 21 10 99 69 4 68 59 55 92 34 90 67 16 74 66 91 46 22 77 28 99 17 69 47 39 19 1 17 6 77 7 68 92 34 48 66 5 
100
8 96 73 88 3 35 76 21 60 79 9 20 12 67 31 28 86 90 50 31 15 56 41 20 9 98 92 67 54 85 10 32 73 45 100 50 20 25 10 77 24 62 93 58 10 55 90 94 76 44 42 58 36 4 63 61 95 67 42 74 60 8 77 64 57 53 35 55 95 20 6 57 6 22 92 52 55 43 20 26 94 13 27 11 42 20 54 29 99 57 71 22 46 21 84 13 90 49 7 10 
100
26 92 75 47 90 85 65 83 88 45 10 23 52 94 92 66 77 73 67 73 29 18 7 58 98 46 47 75 11 53 59 99 11 72 2 86 12 25 5 66 91 30 76 29 45 99 42 31 93 7 62 51 37 56 45 14 98 5 13 87 44 53 52 11 97 54 34 87 40 35 15 46 89 30 49 64 91 88 96 3 26 66 30 37 31 92 57 7 77 36 11 13 69 97 30 45 23 32 96 96 
100
14 11 32 6 70 32 81 93 81 93 15 9 77 49 32 67 51 97 84 31 11 81 20 99 10 36 100 5 79 71 91 4 47 9 7 10 59 90 57 55 19 41 62 61 68 26 3 12 58 73 42 77 23 45 13 83 31 40 42 19 100 83 84 23 57 96 66 66 18 54 69 75 90 33 34 60 49 67 48 88 78 50 67 54 83 39 74 36 56 27 62 100 70 8 67 10 69 1 98 51 
100
76 53 44 68 88 69 91 33 34 9 38 87 60 46 9 72 10 37 6 58 41 34 33 99 69 17 47 100 40 56 81 92 46 55 71 74 2 9 72 96 65 40 30 46 93 19 11 14 68 25 41 90 59 48 58 97 65 19 17 65 28 57 3 85 43 52 17 29 12 85 85 50 56 60 88 68 51 93 59 5 74 36 24 55 56 79 3 13 42 70 32 18 51 64 19 74 70 91 19 98 
100
7 16 11 30 37 32 3 5 72 58 85 43 74 78 39 58 93 81 56 43 13 30 13 38 100 81 22 84 89 74 37 28 53 3 2 56 71 29 95 46 83 9 35 31 81 63 73 41 71 31 82 31 44 79 67 53 30 39 64 19 3 15 46 3 35 38 77 29 25 32 50 97 4 85 22 78 43 50 91 26 80 5 17 94 52 44 63 28 91 11 76 17 60 91 7 36 74 89 89 88 
100
9 18 69 21 54 11 85 6 65 77 89 33 82 43 68 83 50 27 97 2 22 1 50 60 12 81 35 38 37 72 54 53 86 2 39 47 59 7 85 98 85 78 70 44 51 45 60 42 88 30 80 51 71 49 63 7 42 35 78 37 35 14 59 80 56 79 54 45 30 49 9 38 49 54 66 45 37 18 48 96 24 10 5 39 26 75 63 51 57 3 62 10 86 57 64 18 27 72 94 18 
100
79 24 3 87 95 61 34 47 75 27 1 100 8 91 31 67 15 90 57 23 30 47 69 59 1 91 10 30 91 6 52 63 62 93 47 40 65 10 50 47 97 56 14 98 90 56 83 10 26 79 86 31 54 33 59 27 76 25 93 37 56 69 48 47 87 61 90 77 34 87 9 28 75 37 8 15 8 47 72 41 83 30 5 31 57 98 25 31 75 83 96 74 55 57 17 74 59 85 56 10 
100
85 66 88 6 49 66 63 10 16 10 71 50 66 91 3 48 67 73 67 37 94 76 12 73 82 70 23 40 68 8 28 48 44 100 18 81 79 46 42 35 93 54 23 80 48 66 28 53 69 68 12 36 77 54 21 98 74 71 96 74 15 13 27 67 90 89 20 86 93 99 77 15 79 55 49 40 95 78 3 94 69 85 8 1 20 99 5 94 68 41 46 87 96 43 84 89 39 45 26 44 
100
55 87 26 64 6 32 93 92 72 49 24 12 97 93 81 46 63 24 39 40 38 4 41 15 96 3 60 60 7 43 95 60 81 99 6 85 98 79 14 15 100 61 17 74 67 24 68 22 90 33 49 8 66 12 90 51 5 13 87 27 10 64 99 21 31 78 72 3 83 86 45 37 77 15 63 28 89 10 92 50 45 53 56 43 22 9 52 46 53 45 56 98 60 5 47 43 66 82 38 44 
100
89 18 97 15 73 62 85 19 73 42 83 100 53 18 75 32 88 6 80 4 75 35 47 94 65 55 63 38 32 9 48 7 32 83 47 84 35 72 4 18 33 33 49 71 36 10 71 43 71 81 30 62 42 22 5 46 82 37 86 47 86 92 11 72 81 13 42 24 58 59 83 81 12 100 23 91 84 42 7 80 39 4 93 27 36 64 46 27 5 62 33 93 33 51 19 20 42 83 7 87 
100
52 60 52 57 14 13 61 37 3 14 88 28 60 20 26 59 20 67 57 99 91 61 48 40 51 86 23 50 84 94 82 74 4 15 55 56 39 48 34 56 71 49 25 14 29 72 60 90 70 56 55 56 85 71 33 81 2 37 100 50 60 98 38 60 6 28 17 9 79 15 87 32 98 73 63 95 20 74 92 89 90 10 63 26 73 92 27 95 9 63 57 97 76 59 12 10 98 55 34 41 
100
22 100 35 90 50 76 14 54 20 40 50 15 52 23 42 67 53 32 76 94 16 89 11 94 34 45 7 63 64 71 65 94 60 29 79 84 90 59 53 71 42 47 77 1 60 41 20 77 99 7 65 74 54 31 5 37 81 40 12 7 32 1 3 75 77 12 66 5 66 22 93 54 20 31 37 78 70 29 88 88 9 88 37 68 49 85 12 7 60 83 74 6 86 42 4 88 49 77 45 22 
100
86 33 57 4 51 40 27 94 78 47 71 62 2 60 13 95 36 95 68 7 65 23 22 57 50 27 46 10 64 78 60 49 98 20 98 36 79 22 51 97 44 27 8 5 62 75 84 52 27 8 80 37 31 72 51 51 49 75 88 56 43 6 94 25 98 14 79 27 89 96 48 60 56 57 68 92 4 85 11 26 2 2 28 78 50 46 87 49 97 53 52 87 52 68 96 83 30 8 1 11 
100
15 87 19 50 15 28 30 48 6 50 29 37 73 87 18 88 98 77 59 53 11 80 35 25 69 81 81 77 90 10 75 82 87 71 92 55 3 1 3 24 87 89 51 85 61 4 27 22 55 48 33 61 60 49 56 48 56 29 50 10 6 84 87 48 31 48 61 8 58 40 18 52 3 96 5 11 64 40 54 61 1 13 49 33 98 48 99 60 79 96 66 55 19 46 98 55 77 14 53 20 
100
66 69 28 8 75 53 34 34 99 5 61 71 4 18 58 31 39 37 86 91 88 21 62 30 59 31 34 97 35 32 10 43 53 76 57 45 53 9 71 14 19 53 44 7 36 31 93 93 82 75 43 27 53 65 2 82 51 32 47 37 39 24 89 58 54 48 92 58 42 80 3 44 74 61 64 1 65 34 2 98 70 40 30 15 65 1 61 99 72 45 64 84 44 16 33 36 32 42 58 68 
100
98 33 99 99 62 5 61 74 4 58 52 99 65 58 76 52 84 86 47 98 96 34 34 73 62 97 47 69 69 14 90 81 22 2 94 83 29 25 38 85 11 42 39 43 6 78 81 61 54 19 77 78 37 19 69 20 5 66 10 2 28 96 49 43 52 13 5 45 69 21 20 19 48 47 84 10 29 91 8 54 15 87 7 75 18 72 60 42 77 85 79 93 69 60 14 34 34 75 64 16 
100
16 96 62 50 61 77 23 9 26 23 9 75 11 89 96 9 90 84 63 17 82 20 69 65 12 54 98 60 10 91 18 52 64 23 37 88 12 64 11 82 33 28 50 53 78 38 93 41 23 4 19 83 16 45 81 87 13 17 73 75 14 27 100 62 88 78 36 24 39 75 81 24 34 48 60 51 56 10 50 63 64 88 36 92 83 93 31 97 72 66 86 2 29 14 1 13 72 1 76 91 
100
96 68 40 84 49 61 10 70 69 85 58 37 77 48 81 95 67 15 58 46 49 17 53 14 34 75 94 33 40 80 45 36 66 81 57 76 66 76 22 88 53 47 17 29 50 15 59 8 17 66 75 26 89 46 28 2 55 67 18 14 64 22 6 19 93 23 36 23 97 36 48 76 81 47 56 30 39 23 89 3 11 1 61 70 38 40 12 50 71 90 94 97 68 49 83 61 9 70 88 1 
100
67 23 17 27 71 99 27 21 32 62 12 25 86 58 73 77 37 5 48 35 98 99 97 1 16 27 42 29 97 45 61 11 90 55 29 35 45 13 1 4 69 41 48 57 79 59 38 52 83 83 42 56 56 32 92 27 24 37 96 71 40 38 12 36 32 65 43 67 17 74 19 85 42 68 80 63 60 44 53 17 50 47 18 93 53 7 55 13 5 26 100 67 11 39 29 4 95 5 56 75 
100
5 57 92 44 36 66 17 92 7 75 42 94 88 69 85 70 9 25 85 38 61 52 68 94 83 17 15 68 49 75 75 47 11 24 17 88 25 69 86 31 39 55 40 75 59 32 15 100 28 30 59 47 97 13 44 43 76 76 51 67 88 90 41 56 49 17 98 73 90 67 44 48 75 7 19 42 9 34 47 18 67 90 20 42 70 38 41 6 2 48 37 77 66 76 5 70 66 61 62 23 
100
64 61 58 96 81 60 60 69 49 25 5 44 20 65 81 42 22 59 47 56 38 12 96 11 26 7 44 63 66 24 14 19 10 59 33 9 72 6 75 47 3 66 23 95 44 90 33 11 55 60 13 88 78 18 64 60 20 80 14 69 49 90 25 4 43 33 80 18 4 37 40 73 86 29 67 10 88 2 37 38 7 93 20 55 91 12 18 44 36 99 30 3 3 51 95 66 89 54 40 72 
100
29 16 9 10 20 50 9 13 30 97 77 57 64 13 67 63 26 11 42 87 10 67 41 6 20 62 98 73 55 67 25 13 3 8 53 62 12 60 14 25 76 83 52 31 21 37 79 86 81 34 39 30 30 14 2 53 88 84 64 38 96 20 18 68 78 94 70 21 74 13 53 81 96 27 90 1 50 97 95 59 66 67 98 4 28 10 14 12 95 41 5 97 74 17 24 98 94 4 24 12 
100
7 19 27 21 88 59 93 57 87 81 88 59 12 96 66 30 76 48 76 79 17 57 58 72 44 26 70 41 52 82 61 34 17 95 8 58 75 5 70 10 8 25 98 1 19 27 72 99 10 28 21 39 38 80 83 73 50 71 5 79 86 90 34 92 97 73 31 39 33 66 24 65 33 92 24 73 22 58 68 51 94 2 4 3 83 97 51 43 92 83 100 32 85 86 82 96 47 80 61 96 
100
34 94 65 5 34 44 50 64 7 17 13 98 5 37 98 75 18 82 58 11 14 59 48 30 38 52 2 72 64 17 89 1 54 53 69 46 27 7 90 81 9 34 99 5 5 66 55 44 21 89 86 31 4 3 60 67 63 58 81 8 30 49 16 3 57 62 57 92 80 10 9 24 4 88 96 95 8 17 82 29 50 55 20 57 55 79 81 59 2 53 9 82 87 30 30 97 11 7 53 84 
100
97 44 10 29 68 82 81 52 68 90 32 26 71 7 31 21 41 11 11 52 69 88 58 64 17 41 74 96 72 78 100 45 99 19 59 9 30 21 17 73 3 37 56 32 42 55 97 78 51 22 33 28 90 77 25 98 50 9 68 59 100 28 35 31 72 89 48 23 48 69 21 53 55 74 47 66 21 89 82 32 14 13 48 15 32 34 22 10 60 84 21 22 47 12 37 31 29 27 42 48 
100
47 49 8 16 38 16 57 36 11 86 67 67 52 76 83 59 15 44 80 30 77 64 89 65 73 56 87 24 19 13 73 62 91 51 88 70 39 56 13 82 64 62 56 100 35 79 79 46 90 43 12 1 16 66 11 41 71 82 12 18 80 91 48 63 89 65 61 64 58 82 15 33 28 57 68 34 81 38 60 55 75 83 97 64 1 6 56 49 87 87 29 58 14 53 96 99 95 48 40 70 
100
31 42 36 1 43 15 4 5 64 29 9 91 21 63 88 34 96 72 48 65 67 11 70 71 4 10 68 32 67 4 65 50 54 52 20 24 49 27 31 29 35 39 90 89 36 61 4 67 5 47 94 50 45 10 86 21 34 31 37 84 55 65 91 50 51 23 78 88 86 14 86 71 9 17 36 77 16 51 42 56 96 80 70 99 59 60 49 5 87 88 94 87 5 59 55 57 14 44 51 48 
100
90 44 80 62 96 19 55 19 10 62 26 15 69 92 25 92 92 76 68 6 45 25 60 19 16 73 56 83 67 99 98 60 93 1 6 35 91 69 18 52 4 98 87 58 76 36 79 98 27 52 51 40 83 30 19 94 75 8 71 77 86 36 100 53 19 73 60 89 98 78 30 59 47 6 38 81 21 47 19 16 86 74 2 7 77 14 34 3 28 28 100 70 95 63 9 94 53 7 73 68 
100
65 92 10 100 72 8 58 3 97 16 70 22 48 50 71 40 47 87 29 83 50 93 54 91 15 99 48 84 1 60 42 4 84 1 99 28 57 18 12 84 90 78 55 44 29 98 53 62 57 27 70 97 81 91 77 82 56 66 13 5 97 9 42 58 48 6 13 18 43 25 19 76 54 50 39 79 45 85 50 78 72 11 74 85 49 53 87 85 88 54 77 83 51 23 10 73 39 27 39 34 
100
55 73 80 52 63 44 97 66 20 90 91 18 54 86 92 39 74 28 9 24 13 52 80 17 77 89 69 82 42 79 82 33 12 57 15 83 55 32 91 78 54 10 79 12 56 6 38 20 88 24 58 97 97 19 29 48 77 10 100 43 41 96 77 98 41 47 63 57 8 50 26 18 59 97 34 68 95 77 56 35 56 53 3 2 38 17 61 47 73 81 15 14 17 72 73 93 8 5 92 15 
100
56 41 12 74 96 7 58 21 57 24 63 21 96 43 7 11 90 68 88 74 4 23 41 27 36 4 41 75 28 64 40 19 22 59 61 74 55 55 9 94 100 75 39 92 69 26 32 86 100 9 77 70 78 12 30 92 28 4 82 35 65 12 60 80 65 14 60 23 97 35 27 10 10 18 43 6 40 93 22 65 12 76 80 6 91 28 63 19 55 36 7 37 75 49 83 71 67 27 22 68 
100
59 21 77 50 41 9 52 59 7 53 46 27 61 73 22 46 31 14 28 92 43 83 65 89 14 30 63 18 87 77 78 37 35 66 86 52 75 95 65 61 35 70 92 41 97 64 99 86 98 76 48 77 95 82 64 92 38 77 20 76 89 62 81 39 19 78 59 24 50 1 11 78 73 8 67 50 43 8 74 7 76 24 12 40 19 85 83 57 91 8 3 82 77 24 63 21 42 16 24 64 
100
1 51 25 6 64 2 56 30 96 99 28 16 45 27 36 60 26 88 82 57 25 20 80 63 7 28 19 15 39 18 24 54 52 33 80 63 55 46 59 49 18 63 80 66 93 13 43 18 18 67 35 22 76 49 34 67 36 38 66 34 92 14 88 9 79 95 16 19 40 34 50 12 94 4 51 87 96 30 97 69 98 42 44 42 92 6 77 46 10 82 47 76 24 93 95 38 10 88 32 13 
100
54 27 28 98 92 80 57 45 83 69 71 5 54 48 25 25 62 53 99 77 74 48 31 36 11 15 18 12 13 78 16 26 85 49 11 23 89 54 57 44 20 43 69 6 91 82 71 66 8 60 50 11 72 31 97 15 21 44 41 59 8 87 78 73 13 71 44 48 43 57 7 67 77 20 10 85 91 44 1 49 68 64 58 52 45 88 54 27 22 95 67 83 51 52 83 54 18 35 30 4 
100
19 70 77 82 24 80 87 29 43 2 52 90 68 57 68 25 23 87 33 51 86 5 24 17 15 60 34 97 80 87 9 67 34 89 96 93 19 3 12 31 31 72 28 37 38 82 99 45 100 48 83 20 61 70 22 92 46 17 1 27 67 32 95 38 39 70 43 44 24 89 75 93 40 89 12 27 45 65 52 60 51 59 32 28 15 86 74 52 5 85 68 91 47 34 54 12 33 76 40 52 
100
97 89 87 25 44 42 5 80 52 16 39 55 3 11 71 17 100 61 79 2 93 29 8 78 45 73 38 13 26 81 43 29 41 76 70 3 20 31 26 46 81 20 91 93 78 53 21 71 21 19 2 9 8 37 49 50 19 80 24 98 13 15 85 13 4 66 85 97 89 24 28 15 95 9 17 78 3 57 13 41 20 35 86 85 92 45 98 21 78 49 55 10 86 19 62 82 34 99 55 57 
100
22 29 31 54 98 39 96 90 90 35 12 67 94 98 81 75 39 53 88 31 31 82 97 29 32 96 49 91 75 66 73 27 26 30 14 80 98 66 85 62 7 71 1 29 44 60 27 6 91 64 62 46 32 44 31 15 49 56 86 45 67 17 6 17 23 14 45 24 95 1 56 85 62 9 85 96 96 73 81 42 79 47 1 80 35 6 71 69 16 26 43 14 50 14 99 41 20 26 53 14 
100
93 77 96 56 15 92 40 2 100 5 11 80 39 86 92 73 86 98 1 66 17 73 49 69 60 82 59 34 21 30 54 6 88 74 33 46 78 33 13 90 27 83 16 54 51 9 56 99 27 62 73 79 33 42 71 95 21 97 75 25 78 34 11 53 68 96 100 59 91 48 20 17 64 40 73 31 39 20 81 76 53 95 62 55 30 81 39 90 22 98 47 17 95 65 33 26 82 90 61 91 
100
62 21 11 33 37 72 13 52 75 14 26 95 100 14 60 74 93 45 97 9 81 91 6 54 16 61 35 93 4 78 95 71 88 27 95 77 17 79 57 15 83 13 15 89 8 28 92 4 82 4 82 8 67 78 96 60 33 12 62 95 32 74 63 2 55 76 11 10 28 81 37 31 27 87 14 17 5 72 94 54 70 84 86 24 61 32 51 8 90 23 30 15 36 67 41 36 56 14 8 43 
100
86 49 12 9 23 25 40 27 19 28 33 11 15 18 72 20 65 73 49 29 71 10 26 21 2 97 67 50 32 10 77 52 3 13 58 79 31 58 48 11 82 2 42 87 31 50 37 56 5 49 62 64 12 88 51 66 96 16 24 3 5 40 64 65 91 11 76 71 12 48 48 26 10 92 24 51 68 92 92 73 32 43 75 71 50 99 44 29 96 35 98 3 69 83 90 91 15 48 94 93 
100
16 5 84 83 27 63 60 38 40 47 70 34 1 21 47 4 3 25 97 78 17 71 6 75 95 41 2 65 69 88 51 27 96 46 73 11 49 94 1 20 42 45 26 3 26 41 11 99 53 71 48 74 74 12 31 38 2 56 12 60 14 38 68 59 49 3 99 32 41 19 68 10 74 68 37 68 46 28 19 62 14 45 31 96 29 38 34 44 20 97 70 34 38 39 81 41 73 68 13 57 
