100
100
36 51 43 84 48 59 16 18 56 7 42 53 54 11 62 90 38 70 34 30 45 60 94 53 57 74 20 54 79 74 75 72 88 5 96 72 16 24 57 83 48 94 10 62 3 62 21 90 84 3 69 1 46 93 26 86 71 94 71 47 65 90 76 49 2 59 34 32 74 40 80 53 7 87 43 80 88 13 93 26 3 84 41 71 24 8 70 35 97 19 66 97 35 94 65 85 4 5 2 34 
100
99 65 69 15 93 27 10 52 74 55 77 79 75 59 35 4 96 1 59 8 89 96 60 89 77 10 42 26 20 53 76 44 30 19 69 90 74 47 13 97 15 90 90 15 68 86 2 13 19 24 60 94 21 68 2 33 76 61 49 62 68 58 47 18 42 92 8 37 98 100 32 71 68 80 75 85 58 74 83 32 100 93 50 16 92 86 40 31 6 44 75 60 70 87 23 78 17 26 77 92 
100
82 45 54 71 38 90 97 29 9 58 65 48 82 27 48 78 1 23 57 71 93 63 55 25 89 21 49 50 30 27 97 31 68 57 52 68 15 12 88 64 34 16 29 6 19 11 20 24 6 95 57 7 7 74 75 92 41 8 81 77 96 49 3 11 57 7 57 70 49 74 51 45 91 42 63 8 54 33 70 83 98 42 69 1 66 97 59 81 30 84 47 4 37 69 60 27 46 88 86 26 
100
34 80 23 69 46 93 90 81 27 53 20 10 29 51 29 93 36 55 96 5 64 64 41 46 68 18 47 59 77 48 71 59 4 33 47 94 41 77 34 34 26 22 63 2 31 80 65 97 35 94 46 46 43 65 2 55 1 34 69 64 92 43 59 37 2 10 100 42 34 18 21 70 87 18 61 90 44 87 59 19 66 8 44 87 71 12 64 75 92 19 2 41 25 41 83 57 52 79 73 96 
100
71 48 72 9 90 63 10 82 8 97 26 98 41 2 90 33 40 91 47 75 45 78 97 66 6 61 34 49 38 84 83 89 2 54 94 75 63 98 14 30 100 86 4 63 4 92 18 82 42 94 45 14 69 35 66 16 22 44 89 80 88 13 22 84 14 41 9 21 86 75 48 67 50 46 89 17 63 5 21 9 26 31 59 37 58 62 10 25 93 86 83 99 70 77 45 17 47 65 17 70 
100
32 98 72 56 27 24 14 4 58 26 26 78 70 16 84 14 5 3 93 36 94 87 33 96 8 90 33 25 80 94 35 51 67 82 11 49 16 81 31 52 89 100 23 38 11 71 61 15 6 97 95 18 47 63 26 82 70 18 93 71 55 12 3 10 56 4 57 87 23 33 7 26 92 81 24 64 82 26 29 76 58 53 22 17 19 34 15 70 68 54 50 3 47 46 88 85 16 5 81 29 
100
74 12 87 65 55 73 14 28 57 78 30 80 35 87 57 76 30 83 80 90 66 33 51 5 33 53 19 4 53 27 76 39 71 50 35 6 14 62 61 75 14 22 88 90 79 71 54 64 33 3 24 68 17 17 65 42 31 33 3 65 29 66 49 50 36 95 85 7 2 19 84 96 72 24 40 57 21 45 81 35 38 42 20 12 79 4 79 17 18 6 21 62 95 96 37 37 16 50 100 22 
100
45 91 40 55 46 54 54 10 28 44 40 83 2 60 7 12 97 23 10 18 6 96 24 18 50 39 95 56 66 32 62 83 17 75 4 9 6 41 17 19 86 30 88 32 25 80 10 42 80 6 50 14 11 82 29 46 96 20 100 52 92 17 68 4 36 83 69 88 63 73 86 36 62 5 20 85 56 80 8 66 67 37 42 8 94 18 84 41 20 91 8 96 37 85 93 91 80 30 3 27 
100
77 50 88 91 20 45 45 38 93 46 66 22 49 68 71 45 57 46 52 23 22 44 30 48 93 79 90 36 55 50 49 71 4 27 28 10 76 84 98 23 26 27 68 44 20 54 40 39 10 87 74 57 34 47 62 8 56 5 66 97 31 25 15 66 92 26 73 44 98 61 77 45 41 31 17 95 59 16 66 56 51 5 57 41 44 63 30 49 10 69 22 40 63 60 82 35 93 69 80 34 
100
86 71 14 55 32 21 86 20 1 78 100 88 82 39 82 10 84 25 7 90 39 48 9 48 7 55 14 39 51 45 9 50 100 75 6 81 30 27 26 50 80 28 99 53 42 75 4 73 30 73 12 80 76 70 72 2 71 78 26 20 67 98 47 50 40 45 25 91 58 79 1 57 15 14 11 25 27 15 44 84 6 3 23 41 3 22 59 53 95 57 79 56 75 31 59 86 58 9 10 30 
100
2 78 61 34 38 87 39 39 68 16 5 26 45 71 40 47 37 62 49 97 87 23 32 67 60 10 76 21 99 94 22 89 81 72 16 19 13 13 16 84 63 98 48 15 57 48 40 2 7 36 95 10 83 69 90 87 15 9 7 71 5 58 52 77 67 76 46 83 56 14 97 67 35 36 77 4 59 8 71 36 79 69 12 5 75 3 9 10 58 61 23 32 13 3 5 57 24 68 64 79 
100
92 27 55 88 68 76 87 36 16 81 48 19 23 41 93 77 99 85 24 48 27 54 73 33 16 42 61 53 20 22 2 93 15 39 89 79 34 60 79 75 90 20 16 59 93 36 9 11 96 43 51 47 40 43 33 85 92 99 71 45 15 83 99 48 42 60 20 65 9 89 96 38 83 81 30 86 59 97 93 9 92 96 16 93 23 42 90 40 75 66 59 90 69 51 88 4 30 44 87 89 
100
14 39 75 4 6 15 79 86 20 34 52 85 12 45 16 10 43 65 56 79 88 26 14 71 87 42 60 50 25 64 51 40 7 78 11 1 98 55 70 2 79 57 71 15 37 90 86 44 63 93 25 69 6 36 16 21 15 64 84 57 29 4 52 88 9 37 77 90 21 86 28 39 94 43 54 61 37 87 12 89 97 70 98 10 7 60 88 38 54 4 95 45 84 96 93 39 33 69 73 14 
100
6 94 57 12 60 28 16 89 30 60 18 12 100 40 58 90 50 18 3 76 5 47 2 51 88 48 3 33 33 23 6 49 5 27 20 37 13 99 62 27 31 28 89 26 88 6 7 30 7 90 89 7 6 45 45 2 20 55 33 40 59 56 69 59 2 3 22 7 1 18 55 93 99 41 89 66 49 50 13 33 82 63 96 41 99 50 71 66 23 98 52 70 65 51 17 45 29 84 66 100 
100
60 35 36 97 100 89 49 56 95 34 81 88 39 47 59 28 14 34 52 91 31 45 59 67 5 83 87 78 70 12 97 30 26 75 69 78 89 81 77 56 71 99 19 66 78 92 68 48 93 12 50 54 67 40 71 5 66 39 74 35 57 61 74 49 80 26 37 61 14 29 99 19 59 41 74 75 59 67 100 15 11 29 18 79 63 71 72 98 39 24 63 2 58 40 74 84 48 15 40 53 
100
79 64 12 12 12 15 98 7 27 56 42 79 96 77 11 56 91 45 25 41 70 94 93 30 58 96 4 55 7 56 11 98 32 63 43 99 6 35 33 95 24 34 11 75 68 60 87 79 71 84 11 63 38 25 85 24 15 11 85 10 34 43 2 20 61 83 74 37 86 23 81 42 99 11 38 68 51 94 74 59 67 50 29 27 79 85 83 42 98 95 17 86 35 53 80 80 10 66 29 97 
100
26 60 14 96 41 37 84 65 65 42 41 56 95 36 8 81 21 17 46 67 24 89 67 54 40 10 86 29 67 28 89 47 8 94 33 34 32 73 24 46 18 50 64 59 72 73 95 9 88 23 11 27 95 45 24 62 51 54 39 96 17 43 18 40 51 20 9 23 10 3 67 39 22 48 38 35 96 27 63 80 4 97 81 79 81 59 99 59 90 76 24 43 38 94 39 63 74 8 87 59 
100
53 98 81 45 93 41 91 49 76 100 95 97 89 63 41 54 72 46 33 8 100 34 53 20 60 16 9 76 55 16 31 79 91 64 13 7 27 36 17 79 69 17 12 93 12 43 30 36 26 36 26 69 40 94 49 63 57 14 99 40 5 81 20 94 47 47 28 2 32 7 82 11 9 2 98 86 83 24 81 77 94 99 53 34 12 77 68 82 55 96 6 38 84 95 19 60 41 12 17 80 
100
53 32 22 5 6 55 100 38 63 97 30 78 12 36 70 84 63 71 40 87 12 77 49 46 52 50 55 5 84 31 89 43 84 48 98 99 90 16 11 33 17 67 48 14 76 47 98 22 85 15 2 13 54 99 65 64 65 58 33 10 6 28 75 15 27 51 45 31 59 44 18 97 35 98 68 46 22 39 25 97 70 15 81 81 92 36 70 89 79 82 69 75 6 50 28 54 56 53 17 52 
100
96 60 54 84 31 58 1 21 38 38 22 88 2 81 54 90 81 89 43 48 34 3 14 86 96 47 84 62 73 70 87 19 85 88 58 94 44 74 32 15 52 14 74 55 73 82 100 88 79 70 89 94 86 53 36 21 89 25 30 18 1 69 53 63 50 16 95 45 21 52 8 4 44 64 92 94 12 50 89 48 37 39 35 73 71 80 20 79 75 1 42 35 71 96 87 44 75 88 9 7 
100
60 74 58 81 42 84 5 98 93 72 81 25 11 24 30 67 33 87 78 12 59 54 14 68 65 89 33 14 76 63 3 15 92 13 81 29 14 73 13 70 45 6 6 11 93 60 49 84 61 40 49 93 33 78 99 45 2 4 93 66 29 3 14 58 5 81 91 25 41 65 95 22 93 98 9 82 23 36 81 23 85 9 30 77 98 7 96 87 54 3 14 63 46 30 89 47 79 53 29 59 
100
73 22 95 35 95 77 64 59 1 64 90 68 43 31 53 68 40 55 51 92 85 13 46 58 95 77 9 78 98 79 61 29 36 33 34 28 29 15 15 25 8 100 15 27 49 98 8 91 93 88 52 55 67 57 21 90 84 35 69 87 34 93 23 3 80 94 4 5 53 4 74 20 30 72 60 9 37 6 26 61 39 22 44 89 52 88 41 31 26 18 90 91 63 4 62 35 19 61 13 55 
100
25 79 80 5 44 3 59 92 82 22 45 22 16 51 55 4 8 98 27 41 19 72 11 45 53 84 19 71 3 46 91 1 56 54 89 31 87 94 13 51 39 11 26 63 90 66 80 91 32 99 74 9 68 74 97 30 21 5 34 31 38 68 53 51 45 43 82 27 77 37 49 83 34 9 12 51 99 14 79 18 82 62 47 6 22 8 84 12 29 94 82 21 15 16 73 98 42 19 67 63 
100
84 100 4 82 30 52 4 78 54 16 50 54 47 17 85 48 23 10 71 9 90 57 55 43 34 78 47 65 50 65 59 93 34 95 53 15 27 88 85 93 75 84 95 86 36 98 54 80 65 76 99 49 9 88 74 16 31 6 56 60 9 27 59 100 85 53 34 91 37 73 4 3 26 53 54 90 79 6 74 29 39 17 7 10 40 52 75 61 98 59 36 31 55 51 38 57 8 12 7 49 
100
64 26 88 72 23 65 24 31 26 97 10 55 29 98 72 2 41 16 13 69 67 11 2 7 36 7 33 23 98 70 62 13 100 76 34 32 18 18 36 4 56 86 34 6 14 99 89 65 50 22 21 76 26 88 91 55 80 61 51 78 77 32 40 47 49 3 54 64 23 21 39 89 52 55 41 67 76 56 75 73 17 4 6 90 95 27 66 68 72 89 85 55 40 14 36 92 99 11 87 19 
100
86 94 53 55 48 78 8 5 94 65 18 44 33 16 37 64 54 84 8 24 34 93 35 61 91 43 31 27 99 96 50 93 3 13 69 97 15 12 66 69 40 29 73 65 34 12 18 37 27 55 69 49 47 12 28 32 70 100 60 12 23 25 22 11 79 14 96 99 85 53 40 90 34 66 25 77 60 60 64 69 35 63 72 91 84 9 69 4 73 38 5 4 12 71 60 80 100 44 77 77 
100
74 13 58 44 44 46 77 31 43 46 15 69 84 38 62 32 59 49 21 30 97 3 90 70 99 70 83 5 12 12 61 40 98 71 75 75 31 54 58 87 7 1 32 24 52 58 10 94 90 60 33 65 20 3 92 86 7 58 100 100 89 26 88 23 73 4 75 84 57 29 7 17 84 72 7 54 37 24 52 37 91 82 12 81 35 24 79 97 59 95 27 95 77 70 53 95 11 56 55 34 
100
83 29 1 98 90 16 39 16 1 83 62 35 72 6 59 99 14 37 74 94 33 84 3 78 50 72 28 63 16 75 43 33 10 60 27 29 49 53 9 49 46 5 10 22 92 45 17 14 42 89 30 37 44 3 92 35 38 75 11 19 100 25 78 30 36 43 2 47 81 50 17 25 30 8 12 1 94 8 27 58 89 73 26 83 3 26 87 32 68 37 67 79 12 74 81 40 19 14 10 66 
100
47 49 82 61 88 33 37 21 88 69 41 4 85 5 51 23 80 90 92 72 3 64 34 64 46 49 92 27 45 57 2 1 53 88 52 48 76 12 45 49 21 12 26 3 88 4 24 25 78 46 91 40 13 81 76 5 51 91 62 84 64 24 63 81 60 72 88 6 78 53 51 45 81 31 35 35 20 96 90 97 53 8 22 3 69 63 73 38 72 96 79 94 54 70 92 36 25 65 86 59 
100
77 16 43 9 64 28 83 29 92 67 53 32 61 82 76 69 27 12 80 72 95 72 48 69 65 12 6 73 99 39 45 44 28 64 51 18 58 17 59 88 16 22 4 49 50 53 35 26 99 66 25 54 6 35 97 54 20 82 56 84 21 74 54 96 92 30 48 87 96 16 79 48 40 61 40 17 64 53 75 99 37 90 1 12 44 56 65 80 51 64 7 93 93 9 64 36 6 58 57 61 
100
56 53 74 90 23 52 96 23 4 30 30 95 94 48 84 67 28 28 81 15 34 2 99 13 58 97 100 55 98 40 44 23 67 74 100 12 15 19 13 43 96 40 61 3 20 72 13 62 48 91 28 7 89 51 31 48 4 42 6 89 36 36 21 41 9 25 30 69 63 97 66 93 37 90 7 49 56 50 49 33 15 1 75 45 96 77 48 12 58 72 57 58 97 9 61 15 7 64 72 78 
100
64 79 48 74 12 5 65 47 7 73 83 48 9 18 10 100 63 2 97 83 10 7 37 19 35 41 8 34 19 61 41 5 96 73 27 13 47 73 14 97 51 2 20 64 94 69 32 21 54 63 51 100 91 38 59 99 23 66 85 9 23 45 30 45 56 39 30 22 76 86 56 65 77 1 87 60 30 36 73 94 38 47 13 52 73 58 67 78 70 25 29 48 69 43 6 26 28 1 73 14 
100
13 40 55 25 22 90 94 65 85 5 86 46 65 60 100 1 81 80 4 65 31 74 99 48 27 65 6 21 93 86 82 8 88 98 12 21 65 61 98 77 68 29 43 86 88 60 51 53 85 13 11 39 5 80 88 67 100 5 90 69 29 91 62 32 64 86 35 87 33 97 61 91 29 24 39 48 20 20 31 44 98 88 28 32 2 60 95 72 44 32 37 58 5 12 36 38 61 26 59 41 
100
48 63 39 28 69 49 39 11 47 24 80 97 84 36 34 52 13 3 49 52 50 70 43 9 50 9 45 63 91 7 97 87 37 11 75 2 36 89 35 87 19 4 93 8 60 100 13 44 34 95 54 85 76 55 94 17 31 6 68 78 5 32 20 3 8 65 34 4 35 37 34 21 26 64 7 21 76 33 90 88 56 88 77 30 9 31 75 22 59 26 35 96 13 59 93 63 37 13 87 6 
100
96 31 64 83 14 11 73 65 90 47 5 38 69 100 11 80 93 93 65 93 52 7 6 48 74 50 27 74 24 34 47 81 69 31 82 100 10 10 60 91 52 70 5 48 56 89 71 66 68 54 93 89 21 51 75 62 33 38 23 21 37 34 90 16 37 7 72 53 54 37 59 43 8 73 31 93 54 97 98 100 15 94 82 98 62 59 83 2 84 3 1 26 76 71 59 91 75 33 21 88 
100
18 36 95 97 57 10 86 46 81 2 47 30 68 85 54 45 39 51 21 9 72 45 92 3 97 14 31 26 25 95 2 64 34 95 52 18 39 15 39 1 74 9 3 89 100 19 21 84 44 46 78 62 85 68 17 40 96 39 93 18 58 83 58 38 74 25 85 50 37 9 94 40 45 69 65 44 39 43 65 14 29 90 77 70 64 31 47 64 74 33 58 55 98 54 2 37 58 36 83 67 
100
97 60 66 43 74 52 62 43 66 75 75 4 82 69 16 35 91 15 47 35 13 98 65 51 65 71 17 33 50 2 41 95 94 87 95 52 22 84 90 27 87 21 30 76 51 88 99 87 44 48 40 97 10 80 67 56 79 60 64 78 70 8 96 17 56 88 99 5 51 6 12 63 24 66 67 69 16 59 23 90 5 70 27 35 6 52 47 13 48 51 19 69 74 93 83 82 15 57 99 30 
100
75 54 21 3 87 89 9 59 17 5 44 46 48 41 24 4 27 86 10 91 92 29 81 65 23 15 83 96 87 47 22 29 44 36 28 88 90 44 86 71 83 60 85 89 39 60 74 8 59 61 20 40 11 54 27 82 67 76 75 13 53 74 25 92 72 67 74 85 88 81 6 100 40 10 7 38 56 9 45 80 73 83 28 58 13 82 100 61 63 9 84 25 15 66 75 95 54 69 6 62 
100
85 21 2 74 70 60 77 46 6 62 71 82 96 90 3 69 59 32 17 21 8 34 90 99 46 6 34 96 86 24 9 52 24 32 30 70 83 18 96 4 53 56 5 25 50 55 24 80 31 82 65 30 92 47 44 87 7 36 46 37 59 21 27 81 11 2 57 35 57 99 79 76 57 95 82 82 54 46 12 79 86 26 5 77 61 96 31 81 100 14 80 1 71 68 83 64 89 23 36 53 
100
2 41 63 27 74 30 56 83 20 95 94 98 61 5 21 45 58 32 50 54 31 45 28 49 13 68 26 42 42 42 82 49 84 26 68 91 52 30 43 79 12 37 27 54 50 27 12 38 15 80 26 13 2 56 89 24 61 47 11 49 66 28 84 30 66 51 69 99 47 80 96 11 34 26 39 29 39 59 59 17 59 64 98 50 11 29 52 6 55 79 35 92 94 97 5 28 96 24 75 4 
100
99 6 79 98 46 72 21 22 55 31 9 5 28 72 35 46 5 50 68 67 20 61 1 71 4 85 78 24 78 9 9 60 56 56 79 100 48 92 45 30 86 73 79 66 45 52 77 55 19 25 62 4 78 81 42 71 25 28 59 24 68 34 24 86 11 84 4 57 41 57 9 67 47 82 60 56 34 51 27 28 47 60 82 96 54 3 62 7 33 21 27 71 58 30 87 94 94 56 52 50 
100
19 65 70 8 28 10 17 60 67 39 26 46 24 71 95 67 72 90 32 32 57 34 27 90 88 98 99 89 90 50 61 34 71 58 19 78 36 25 85 41 56 38 17 67 34 92 42 74 49 67 4 76 51 25 86 47 58 34 16 98 84 40 67 9 46 42 57 20 43 42 73 64 22 85 85 46 49 53 38 44 87 74 87 9 97 70 93 33 100 6 77 37 98 18 15 4 74 83 23 82 
100
17 51 9 3 67 67 21 64 53 12 11 57 56 7 85 43 45 63 11 80 47 30 86 7 62 94 24 26 45 97 7 24 14 38 40 44 4 90 50 87 14 15 75 14 58 18 49 8 61 51 81 53 33 45 32 39 47 23 91 31 77 82 94 11 47 52 95 35 90 12 7 70 100 79 4 6 51 19 68 78 52 81 10 3 83 36 63 53 16 76 28 4 60 25 67 26 66 56 65 18 
100
71 6 57 90 40 31 50 61 86 33 98 16 70 22 79 10 78 11 55 62 87 34 70 100 61 77 98 2 76 76 15 23 49 52 40 29 80 61 82 36 7 41 66 7 14 2 92 95 80 22 94 36 23 33 22 31 56 51 81 37 74 30 88 58 66 90 55 34 41 51 47 74 53 43 64 82 30 49 72 57 19 93 59 62 32 25 71 77 57 71 65 81 6 11 89 13 20 16 35 49 
100
32 62 11 55 78 79 77 49 17 11 12 36 2 47 84 41 22 13 66 63 75 60 45 14 61 67 58 74 41 41 27 95 99 6 59 39 13 69 45 48 15 83 83 1 92 26 33 63 89 75 79 88 36 68 71 38 36 54 38 97 23 30 8 31 100 3 1 23 94 28 75 20 56 82 26 3 51 28 92 3 41 73 1 45 92 93 11 7 14 44 13 36 45 63 69 97 34 85 17 86 
100
1 33 12 16 33 80 1 38 38 58 6 74 66 52 56 5 45 36 26 1 74 52 29 17 87 76 27 26 84 43 67 1 19 80 11 41 72 57 95 74 1 32 9 66 17 55 81 76 96 25 28 34 50 19 51 7 73 65 74 73 8 74 18 11 14 9 57 26 50 1 4 28 40 77 49 9 76 88 40 50 49 32 12 56 21 94 30 63 83 29 61 86 81 42 70 4 63 36 2 87 
100
95 59 65 87 3 27 2 67 80 61 12 56 48 97 87 98 7 22 20 16 29 90 77 41 47 11 44 40 38 68 65 72 80 92 26 28 82 72 3 34 70 8 50 1 38 63 96 33 28 74 61 30 83 18 21 7 34 65 76 32 8 43 50 22 23 20 58 14 21 21 64 44 16 47 38 29 53 39 92 56 100 17 6 65 61 98 22 83 74 35 33 67 27 31 71 4 38 67 98 41 
100
4 82 82 61 8 79 14 25 87 41 7 63 43 34 43 6 68 65 27 98 87 74 48 57 13 41 21 70 39 73 69 85 20 82 9 83 12 3 61 48 66 41 40 66 65 18 63 28 14 85 1 23 5 82 24 67 16 20 11 61 40 82 52 67 43 51 76 52 2 85 61 98 76 71 59 82 74 21 43 35 4 60 39 6 40 79 46 36 46 34 23 95 96 97 59 82 11 79 36 32 
100
97 87 35 12 92 78 17 38 78 3 30 72 95 11 54 35 12 89 57 36 98 5 65 91 3 39 21 62 86 67 60 25 57 42 62 97 37 16 34 70 26 75 33 62 21 70 34 83 86 95 82 80 23 66 14 78 16 76 86 80 2 27 45 69 1 42 3 9 37 95 85 79 12 31 47 65 92 25 26 53 72 43 69 6 67 57 69 90 33 96 84 87 17 74 10 91 83 83 89 41 
100
7 36 95 12 42 49 33 78 42 28 15 33 76 83 77 97 69 82 8 30 1 38 56 67 53 38 92 44 14 20 21 52 59 14 40 93 98 74 67 72 65 34 4 96 100 32 94 10 69 5 64 51 4 12 25 41 25 9 7 15 38 75 74 50 53 31 71 39 78 22 60 67 40 60 10 53 50 58 86 51 47 85 59 28 87 20 25 16 80 80 34 84 15 74 89 27 5 29 20 93 
100
60 52 28 12 55 34 76 92 16 92 26 39 39 59 29 21 28 39 72 28 92 59 82 59 38 2 42 4 67 69 80 83 38 98 81 81 38 44 75 98 4 28 77 99 25 63 34 34 64 97 99 1 100 18 74 37 41 3 12 88 39 23 31 34 31 86 28 1 65 38 43 74 45 64 5 73 82 97 1 48 67 34 66 100 56 77 63 41 25 80 64 23 22 11 100 81 70 13 72 61 
100
60 59 87 16 35 57 58 3 72 21 38 74 70 49 40 64 64 67 12 87 75 3 33 86 14 29 64 68 33 39 15 3 95 89 40 56 58 31 9 5 76 47 14 20 39 51 25 22 60 89 22 72 21 38 20 32 100 60 98 12 31 67 45 94 82 38 57 11 94 57 50 30 7 2 81 67 91 8 99 81 36 43 57 23 44 22 4 14 29 73 19 11 44 79 71 87 89 43 11 24 
100
23 81 84 66 75 71 58 38 55 100 43 89 85 93 48 64 29 51 34 2 35 28 50 60 24 53 25 72 24 95 97 84 21 45 8 85 42 50 78 29 30 11 32 74 81 59 7 88 43 68 82 66 100 53 44 72 39 30 50 19 4 4 40 2 60 54 69 39 14 91 8 41 27 88 48 9 13 76 11 34 57 91 35 58 50 28 29 53 98 14 26 92 19 24 79 86 12 76 96 25 
100
49 61 33 89 12 37 51 33 10 33 16 18 93 38 9 4 71 44 92 98 51 9 95 21 78 24 75 64 41 87 96 67 94 85 56 81 80 68 18 34 90 30 45 45 14 86 41 22 34 58 54 79 3 43 75 40 30 92 68 65 68 14 34 71 44 40 10 10 87 58 61 29 31 31 43 54 36 79 91 63 7 34 50 57 51 83 50 61 17 60 57 40 39 10 6 31 1 20 91 50 
100
20 47 95 21 47 52 30 61 63 61 87 68 57 88 49 19 45 30 33 66 37 32 79 29 75 28 31 74 48 73 66 64 33 14 17 46 8 16 89 26 3 43 23 52 58 4 22 49 23 20 3 41 77 11 77 53 77 74 37 17 81 17 83 45 17 29 98 73 77 69 88 94 56 91 38 67 61 26 86 8 23 21 74 5 17 66 28 75 40 68 46 51 28 18 16 71 57 38 79 61 
100
53 9 56 36 26 79 66 57 30 93 9 87 87 93 59 47 40 77 19 35 67 52 79 12 73 6 82 5 83 70 67 98 54 33 5 65 5 44 27 95 65 22 38 70 41 63 16 50 32 80 79 58 4 60 47 8 48 63 60 99 80 5 47 52 79 65 2 63 85 86 11 36 79 29 97 26 23 64 57 34 68 67 88 3 42 89 72 96 78 98 72 82 80 78 31 44 24 28 52 76 
100
62 52 27 25 62 94 28 50 4 92 29 48 20 45 5 22 60 7 46 11 81 58 66 25 56 95 38 57 41 60 27 56 73 68 66 36 11 100 40 26 8 55 41 70 8 32 62 91 8 74 94 66 78 17 79 21 26 62 73 72 22 51 66 50 96 44 65 27 71 53 76 70 59 61 33 35 100 98 17 75 61 74 56 15 42 97 99 60 63 44 3 48 60 2 85 94 17 65 71 54 
100
80 95 42 91 73 85 60 32 57 24 91 73 47 42 95 96 27 39 93 64 36 73 73 81 37 33 69 48 10 83 22 31 24 99 58 20 62 61 98 3 41 53 35 18 98 76 40 37 47 83 54 81 4 85 98 51 38 59 78 16 53 42 34 84 37 41 37 30 38 23 1 23 13 43 63 77 83 78 6 32 56 33 97 5 26 71 67 79 47 22 43 83 65 49 60 5 5 96 47 32 
100
9 80 38 96 74 100 19 2 20 21 62 79 68 4 55 54 8 93 31 56 41 100 17 17 61 33 56 80 46 70 31 6 83 35 64 71 26 49 16 73 74 68 63 5 17 22 79 39 5 9 84 18 94 2 67 20 11 70 13 71 42 5 62 80 13 62 80 59 23 14 42 75 65 69 34 11 17 65 50 5 17 48 11 38 32 36 98 30 26 48 88 85 60 70 23 67 89 39 85 32 
100
47 91 48 99 50 58 15 100 51 26 24 19 91 94 50 59 17 17 17 70 66 67 8 11 68 37 27 6 17 60 89 83 52 24 15 37 39 40 69 92 15 9 12 45 21 86 93 73 71 83 73 1 83 35 78 8 82 30 5 25 79 11 68 87 24 68 46 70 30 75 41 52 49 17 63 79 50 34 59 1 1 12 78 6 33 15 65 84 58 92 10 37 73 4 31 56 97 48 58 97 
100
29 43 30 74 33 80 40 2 15 40 33 46 19 5 7 65 64 88 22 84 12 77 78 89 81 61 6 86 6 92 98 18 34 63 29 1 3 68 32 21 94 77 35 44 28 74 69 82 20 90 17 74 100 91 92 13 89 100 32 18 75 80 35 6 92 37 81 30 35 78 46 93 28 85 92 27 34 75 95 58 49 65 33 16 14 51 32 18 24 63 38 16 88 60 5 68 34 59 19 27 
100
53 2 19 93 89 39 60 52 40 40 26 16 44 16 35 54 14 32 39 6 66 84 11 22 65 83 15 4 62 90 34 67 90 100 94 89 10 1 20 58 38 100 41 68 31 13 50 59 45 28 25 64 30 80 12 78 74 23 45 46 3 46 99 66 52 35 9 81 53 25 68 74 21 52 25 19 52 22 91 43 41 81 30 9 98 54 33 51 35 98 9 3 41 63 2 89 60 36 45 58 
100
39 24 27 11 83 100 50 92 33 80 33 2 47 1 100 39 85 84 77 41 12 37 72 30 56 16 58 63 83 39 80 35 93 86 90 17 9 4 51 7 8 75 17 65 52 46 78 45 51 48 68 97 66 39 37 4 24 10 52 60 75 44 2 20 18 87 20 16 83 88 28 65 95 15 23 47 38 44 58 52 9 91 63 30 51 6 70 48 17 1 35 93 42 95 74 49 29 78 58 81 
100
90 83 66 97 20 55 38 96 35 85 60 54 17 17 38 57 24 96 63 54 60 57 40 49 95 12 81 47 80 69 60 55 100 78 25 23 46 68 78 93 70 56 42 58 80 26 80 8 90 82 81 66 11 46 66 48 73 18 79 22 74 62 5 26 94 77 16 48 44 39 29 52 67 8 5 69 50 97 58 17 43 40 60 5 87 3 82 55 34 90 91 8 63 46 46 7 97 40 96 11 
100
24 45 92 36 45 58 100 9 28 52 64 92 29 18 99 26 5 30 88 13 21 28 21 91 95 92 10 1 72 83 77 28 41 93 62 66 26 26 76 69 52 37 5 23 38 4 35 61 11 25 95 94 70 76 38 26 57 50 37 48 34 37 50 55 7 90 25 24 21 92 24 21 76 41 9 96 12 13 11 43 67 49 96 66 73 50 90 10 56 70 57 17 97 40 71 45 22 51 61 9 
100
46 43 98 38 30 28 37 18 86 10 8 23 19 22 38 30 62 65 84 70 61 22 48 10 72 86 77 61 82 5 67 10 53 36 74 3 52 5 65 90 96 75 13 45 21 27 66 57 21 2 69 22 65 64 74 74 63 84 80 16 87 36 63 98 54 76 97 4 29 62 84 91 14 44 43 42 11 14 75 16 82 53 92 6 100 29 24 26 26 50 47 57 86 36 76 85 50 28 87 53 
100
36 73 71 41 72 9 94 65 35 17 46 9 13 62 42 67 94 64 2 28 57 7 83 8 57 17 78 63 35 23 39 55 7 83 61 36 42 73 13 66 84 57 22 71 95 37 71 60 24 63 31 67 100 93 56 33 41 38 3 53 10 52 66 90 5 4 75 13 44 62 40 74 86 98 20 15 94 93 2 41 8 36 59 32 55 2 56 81 79 72 49 74 63 54 3 72 62 44 41 91 
100
46 38 29 95 81 67 88 99 71 64 27 47 68 48 20 21 62 35 54 31 41 59 92 62 91 38 7 59 86 70 18 79 60 86 1 44 93 58 77 10 47 28 72 49 18 35 39 93 5 8 84 51 17 31 33 2 72 24 10 90 97 71 82 56 46 53 7 42 50 57 36 64 28 82 22 91 72 25 47 65 20 36 51 90 65 48 47 57 48 80 11 77 3 44 42 50 69 89 65 11 
100
72 33 60 26 72 77 96 22 40 13 74 11 40 61 90 31 75 13 71 23 46 42 78 37 16 74 18 65 71 4 15 46 83 90 30 27 34 83 19 13 28 8 24 26 91 69 50 42 54 4 69 37 37 53 64 1 89 84 49 46 17 23 70 43 52 60 97 47 13 18 54 16 91 31 34 46 47 61 2 31 66 95 28 14 7 67 85 50 20 89 60 16 96 70 18 67 85 26 82 46 
100
3 19 27 80 25 48 60 36 30 45 51 83 79 27 9 2 19 94 28 34 62 16 83 31 6 41 10 21 43 81 33 17 7 22 82 19 30 39 65 51 10 40 4 21 96 47 39 41 41 59 2 59 60 10 24 96 93 80 31 97 91 77 9 35 9 35 48 60 2 10 2 71 1 76 10 2 75 69 19 100 89 37 38 41 4 59 30 78 88 42 76 72 27 78 55 69 49 14 17 32 
100
29 51 86 29 69 43 73 13 23 99 73 34 23 26 97 46 92 79 39 97 35 52 74 49 53 60 74 58 15 26 52 73 95 84 14 67 69 34 80 34 37 26 48 80 59 68 3 72 98 82 40 49 57 34 60 20 20 95 51 82 35 8 42 98 92 23 37 84 61 57 36 69 59 78 4 61 41 24 51 47 12 43 72 63 92 72 7 66 67 30 37 13 89 45 47 95 100 96 100 45 
100
41 80 64 15 86 3 42 37 77 66 62 37 65 51 56 62 67 18 55 94 88 14 57 52 5 78 45 57 95 49 51 68 65 31 21 3 58 53 66 48 19 22 79 40 29 42 83 39 98 19 7 100 26 55 6 74 4 26 91 95 6 81 69 92 29 33 70 94 64 43 7 71 55 76 63 43 27 84 22 85 61 45 43 65 61 73 14 56 100 52 7 62 99 99 3 46 77 91 8 34 
100
30 2 78 65 90 19 5 63 37 29 100 16 68 18 77 51 81 96 6 96 18 79 94 92 48 20 76 84 97 5 46 1 98 2 99 30 2 16 6 51 70 100 34 32 44 71 78 17 58 7 56 84 19 96 67 55 15 20 81 13 25 39 78 19 86 47 64 91 33 31 1 47 94 83 44 78 83 95 45 32 72 64 96 92 57 95 14 55 66 91 81 2 2 13 53 30 24 33 4 63 
100
65 84 39 15 22 68 85 73 6 96 44 70 91 13 77 70 46 32 53 26 59 72 13 73 54 62 1 24 30 15 57 94 32 63 44 20 8 8 82 77 66 32 67 78 95 18 32 68 89 66 18 50 56 24 37 73 10 71 86 68 26 27 84 69 53 59 11 45 53 11 22 75 5 72 79 100 40 65 13 53 29 83 57 78 52 12 32 86 47 48 19 67 75 87 24 51 11 25 53 19 
100
17 40 78 50 33 4 16 53 51 81 87 90 24 1 3 7 99 5 98 29 31 45 53 56 89 84 86 44 72 25 13 48 97 37 85 6 88 60 81 88 78 9 46 18 13 65 60 56 49 90 68 5 88 90 4 55 76 21 45 85 3 79 52 74 35 32 56 92 68 40 7 2 83 2 11 17 36 82 95 37 42 62 82 46 29 55 59 81 40 60 62 36 72 71 49 81 73 26 23 31 
100
3 55 41 57 16 80 22 96 85 58 48 98 22 20 3 76 13 31 82 8 89 59 48 12 91 33 9 71 57 18 37 87 87 70 56 75 35 55 34 5 92 63 93 64 21 77 84 56 6 59 2 74 19 4 8 98 16 20 12 2 17 86 27 65 99 61 43 39 82 14 76 31 41 35 59 2 79 5 77 70 63 3 35 39 30 20 54 16 51 45 1 93 40 53 88 40 19 68 27 78 
100
7 95 55 23 60 48 9 13 28 80 69 92 36 79 44 38 6 58 29 21 52 16 100 17 97 46 93 28 75 83 88 55 97 52 48 99 25 7 77 67 92 98 60 80 25 6 38 7 100 77 42 9 68 21 51 69 30 14 77 33 39 13 89 10 92 86 47 82 56 71 7 47 52 6 87 25 74 26 36 2 90 32 76 9 41 43 63 33 98 69 61 88 31 76 58 80 28 77 75 40 
100
78 6 28 38 22 10 94 12 79 25 75 80 9 53 88 28 16 76 79 82 33 58 24 8 15 38 57 24 84 44 64 82 1 34 44 34 28 32 52 43 84 16 79 12 94 70 97 59 86 82 1 15 47 19 27 10 11 88 99 94 51 77 87 91 95 96 10 6 80 45 2 20 69 3 27 66 19 27 12 32 33 18 57 20 52 78 50 16 32 61 47 70 90 74 28 91 58 32 27 2 
100
100 36 63 23 23 13 28 99 62 74 45 65 95 64 52 13 64 24 92 9 76 23 7 21 78 92 86 39 64 54 2 14 86 55 24 63 28 80 13 90 38 22 43 58 42 3 58 7 91 9 26 42 48 72 23 50 39 47 46 74 99 65 68 15 56 56 85 92 57 86 35 7 70 90 70 85 16 29 22 37 86 97 95 5 13 33 12 37 89 59 4 68 29 99 88 65 57 52 85 42 
100
43 40 69 11 20 11 7 16 32 92 56 27 47 56 16 25 1 38 58 63 89 15 87 34 93 30 31 46 89 19 21 82 49 50 8 24 3 73 70 54 10 57 6 94 27 9 80 62 22 75 12 23 53 65 27 63 35 51 53 96 52 41 72 63 98 84 71 85 79 76 35 88 69 96 26 73 75 1 44 13 10 96 63 66 30 51 1 83 51 70 73 18 38 10 26 69 4 21 95 39 
100
100 71 48 85 31 37 100 92 77 28 92 100 59 52 2 2 85 94 97 6 77 86 36 57 35 77 61 72 82 94 96 36 18 31 92 45 99 19 81 64 27 94 27 98 48 64 54 1 12 9 18 85 97 33 1 96 39 3 11 85 87 59 57 91 85 33 53 60 85 100 48 40 7 66 77 40 69 60 62 2 13 86 49 43 43 77 65 95 26 12 88 40 81 16 79 73 49 11 7 59 
100
94 78 2 40 3 78 36 16 42 28 95 78 31 7 41 1 95 15 31 50 80 36 29 59 11 37 89 20 99 9 92 41 28 78 7 93 46 56 25 41 51 12 93 48 58 78 19 54 77 43 32 50 81 11 86 56 33 42 44 10 77 85 61 7 84 28 10 38 12 93 39 16 12 63 63 96 29 5 35 38 61 17 19 6 58 36 38 74 39 66 3 63 72 97 53 71 58 59 72 11 
100
73 53 88 24 1 55 81 15 34 4 52 69 24 100 65 18 77 73 81 34 73 2 67 13 65 27 73 51 51 76 76 80 97 92 56 85 34 98 61 8 4 13 62 8 20 25 26 75 12 88 97 2 23 58 47 54 86 53 100 47 41 28 31 98 56 29 52 3 75 37 72 79 19 11 31 82 75 28 9 96 21 10 63 24 86 98 80 98 69 16 24 29 74 85 25 52 14 58 4 19 
100
32 59 13 60 51 97 36 71 39 97 59 85 74 66 58 32 40 38 78 91 28 67 21 67 28 16 97 67 31 61 63 48 18 70 54 68 33 76 44 76 22 96 39 31 25 66 60 85 62 13 16 19 97 24 84 9 37 60 71 94 67 87 54 54 31 28 83 58 19 20 72 92 78 29 30 53 36 8 29 87 85 12 99 10 35 1 29 81 71 59 48 73 74 3 72 26 76 2 69 11 
100
38 40 31 35 9 23 96 63 10 61 50 14 35 39 46 2 58 75 83 9 64 15 96 80 4 27 78 39 6 76 40 1 50 38 35 25 10 59 56 97 95 41 23 95 82 54 10 93 25 94 63 40 31 37 50 72 62 85 15 1 55 90 7 30 68 92 80 99 77 33 10 92 39 92 71 25 44 73 7 54 58 98 44 11 92 53 71 44 82 66 92 61 25 40 95 42 42 67 79 37 
100
54 93 35 48 82 54 91 40 87 76 24 90 100 98 83 37 11 43 91 72 18 18 41 46 99 33 59 3 34 71 76 1 25 51 71 7 72 22 50 60 74 46 17 40 59 68 95 82 96 90 17 21 100 1 17 16 69 38 68 31 90 24 26 37 26 22 33 59 41 13 89 46 8 36 31 32 31 70 85 27 11 47 21 86 74 79 92 72 10 31 17 62 64 58 62 28 37 91 62 63 
100
29 99 23 33 7 2 66 22 69 49 61 94 60 31 52 43 15 79 67 97 8 56 23 70 43 64 87 82 90 46 9 63 60 60 29 50 66 60 97 63 59 5 70 97 95 99 34 65 2 83 62 99 34 97 74 69 22 43 74 60 61 31 63 96 70 88 19 100 85 29 25 22 42 77 17 24 12 86 58 47 69 85 73 86 68 65 29 58 39 51 23 89 66 58 76 25 32 26 16 27 
100
16 55 69 63 63 99 89 6 12 79 33 69 87 93 50 91 22 78 16 66 81 64 49 94 38 42 71 55 68 35 21 59 47 28 74 43 96 77 39 95 85 17 98 51 76 17 92 33 68 2 97 56 84 54 96 17 79 9 40 64 96 92 5 61 75 45 56 33 74 4 94 43 73 9 10 2 52 36 97 21 75 26 89 72 68 56 78 100 63 45 56 82 26 58 9 68 78 26 98 1 
100
30 20 51 31 54 79 48 57 31 21 2 81 93 85 51 98 65 27 20 75 88 43 63 4 84 28 52 25 41 86 9 4 83 20 34 18 74 91 70 81 21 73 98 47 83 41 89 11 95 63 45 32 24 58 64 75 68 5 19 82 56 71 16 21 52 78 78 100 3 81 85 85 34 36 13 23 58 100 47 2 35 84 14 69 65 56 4 66 92 80 18 97 92 55 76 16 15 52 55 18 
100
79 96 99 57 27 78 49 44 8 79 46 16 91 14 86 62 69 55 79 29 7 78 76 6 27 47 60 54 79 79 99 30 17 90 24 17 94 10 60 41 87 18 62 63 36 93 35 69 79 92 72 17 13 71 53 15 83 59 69 10 8 43 67 47 88 65 51 86 88 14 86 25 89 1 58 5 23 4 97 32 39 11 31 93 6 43 18 38 22 55 14 64 62 48 90 46 66 54 93 95 
100
62 80 96 89 60 72 7 34 62 56 45 30 88 8 77 25 82 37 71 59 70 14 36 24 97 45 14 53 10 28 77 76 94 57 13 59 78 98 12 64 10 13 63 24 72 43 10 5 29 55 27 40 34 73 51 75 65 60 71 19 84 89 60 46 82 49 46 55 93 88 98 57 16 47 62 65 22 91 85 10 35 3 75 47 26 84 34 44 14 11 98 85 100 75 70 40 65 19 19 63 
100
28 78 4 13 27 81 19 29 23 30 95 59 88 62 31 63 45 51 49 92 88 91 71 70 6 51 2 98 66 1 83 73 19 44 99 46 86 17 46 84 49 94 47 1 68 56 26 65 1 42 70 61 35 40 73 38 59 81 81 33 75 25 55 100 34 42 27 26 87 49 9 27 73 79 74 58 55 25 12 12 89 77 91 33 95 61 16 25 9 1 42 39 15 84 22 49 5 19 83 96 
100
73 38 11 45 71 55 80 8 70 72 74 96 13 95 40 16 57 24 86 8 97 91 50 11 58 38 57 95 96 49 59 41 24 100 66 58 20 81 36 47 87 2 4 93 62 89 6 13 47 99 33 54 71 50 96 54 76 47 36 62 27 42 61 64 20 14 19 15 74 80 90 58 80 83 29 16 22 63 100 100 7 19 85 51 68 31 81 82 33 26 74 54 62 43 58 69 45 22 77 55 
100
2 41 12 13 7 95 42 56 86 81 67 89 51 80 95 32 26 2 40 74 1 20 91 12 62 39 53 92 75 66 80 50 17 60 35 16 34 22 51 6 38 63 7 40 13 25 74 12 27 87 18 55 36 13 97 55 81 32 8 50 82 51 38 5 70 89 34 3 23 64 50 64 63 40 7 82 64 76 23 35 54 74 47 27 98 9 9 39 76 84 15 90 34 49 17 11 68 95 35 3 
100
28 72 42 40 27 5 64 39 63 47 58 86 26 46 14 32 39 12 26 57 52 68 47 1 52 28 77 92 9 48 94 20 52 11 65 14 15 58 5 53 40 15 6 36 81 64 40 50 64 54 5 84 3 60 28 53 90 27 83 13 96 78 36 92 47 9 64 52 48 59 71 22 46 24 80 77 30 88 60 32 19 98 97 32 79 4 69 52 69 40 86 9 17 34 69 1 57 98 66 12 
100
93 28 90 17 93 18 59 1 93 42 39 22 1 41 56 42 62 100 99 38 94 65 48 60 67 7 60 2 30 65 72 26 61 41 41 43 85 61 92 25 34 6 56 4 7 31 14 45 2 47 65 77 15 71 54 30 32 19 49 92 6 76 41 12 70 85 84 39 30 64 59 60 65 16 20 31 67 28 24 1 30 18 44 87 86 21 18 16 99 85 10 49 21 77 18 80 31 9 64 29 
100
20 60 51 91 46 23 3 53 27 88 66 11 78 93 27 8 53 61 24 97 52 84 68 44 7 97 10 69 44 73 77 77 59 25 80 89 81 36 52 5 62 46 31 5 26 4 35 14 66 13 16 46 68 53 98 62 4 20 10 4 65 89 2 24 35 67 95 58 22 75 91 44 55 31 96 50 2 47 48 19 8 90 77 2 17 40 14 93 85 77 18 92 94 80 40 49 89 29 56 98 
100
69 20 62 28 32 43 96 95 74 29 33 14 27 5 95 53 76 100 80 4 72 74 61 77 75 88 6 16 11 33 38 38 19 54 74 84 72 86 48 30 70 64 14 32 55 59 99 67 17 11 17 43 46 17 87 79 8 99 49 70 79 97 2 77 62 75 66 85 87 68 92 66 54 26 57 36 20 95 25 53 5 87 25 47 68 75 26 71 29 22 85 94 79 6 28 67 87 37 95 30 
100
1 60 75 16 38 96 71 78 54 95 36 90 2 69 67 83 56 72 60 88 22 69 93 52 89 4 50 89 39 9 40 3 26 4 77 6 86 17 19 34 85 61 69 2 18 5 36 11 24 48 57 71 27 63 90 97 75 43 55 2 40 59 55 32 74 34 7 70 55 47 11 81 33 91 23 50 7 91 43 64 35 98 6 74 77 34 95 12 19 26 25 10 76 78 61 22 2 51 85 12 
100
95 88 87 10 18 58 83 69 79 46 21 17 36 84 62 51 94 72 16 65 36 82 81 42 26 60 97 8 12 19 54 14 59 65 68 70 56 29 96 31 33 96 29 22 41 60 62 38 56 78 83 13 37 87 2 13 9 51 91 71 61 53 27 66 52 10 34 67 20 50 83 57 61 15 48 79 93 51 54 49 81 64 30 35 88 33 53 75 51 16 77 61 45 82 48 20 64 7 40 20 
