100
100
87 30 22 7 27 98 59 93 27 18 21 72 45 18 9 53 37 5 45 57 100 75 21 76 84 25 83 9 54 33 62 15 47 60 47 75 63 75 80 14 43 45 77 17 70 37 60 73 15 42 76 36 89 40 61 93 42 5 50 70 40 45 83 40 21 38 9 59 29 47 35 96 70 26 46 27 83 8 76 85 18 71 96 54 7 35 57 78 64 46 5 36 62 93 36 76 27 60 53 37 
100
22 76 100 18 80 2 97 43 45 18 52 58 22 46 86 91 67 60 50 35 4 83 11 96 8 1 33 65 3 32 51 79 69 86 32 5 29 14 40 80 14 73 9 66 99 21 5 56 34 63 7 57 32 71 13 52 59 96 4 97 59 13 94 33 45 67 51 8 73 99 43 94 43 31 86 60 21 13 82 79 3 64 5 63 47 53 63 18 89 75 46 39 17 66 94 21 36 57 52 75 
100
29 36 1 86 41 65 48 76 56 45 16 47 25 78 55 61 52 98 44 70 28 38 94 4 48 80 92 69 9 62 52 70 35 84 83 19 94 51 31 35 13 3 76 9 50 94 31 91 1 34 52 74 42 41 34 15 56 87 48 28 91 44 86 62 92 22 28 13 56 33 38 88 54 81 62 67 25 100 37 82 93 93 24 88 57 8 86 4 53 43 86 31 96 72 23 38 5 43 41 9 
100
17 7 2 32 41 32 85 40 86 48 95 93 64 66 100 44 27 62 39 72 43 47 8 1 43 73 38 78 8 91 62 38 15 84 70 33 20 64 81 49 25 1 90 21 62 11 96 60 78 45 57 13 34 24 41 90 40 97 44 43 43 22 38 56 89 25 15 1 49 9 68 85 74 29 96 93 23 78 98 50 13 51 71 2 18 95 27 38 43 38 9 32 44 8 98 68 67 18 28 27 
100
70 87 67 80 17 54 97 21 83 100 29 45 36 89 85 44 95 50 86 18 64 5 80 17 49 64 37 96 29 87 34 44 33 97 85 50 82 21 5 53 23 53 15 78 3 75 33 41 57 77 4 85 100 18 81 75 33 39 28 23 3 40 13 7 25 32 52 48 45 82 99 22 65 25 64 48 10 32 4 68 49 94 94 88 53 53 5 44 24 17 6 82 65 68 28 64 90 56 56 1 
100
79 33 27 99 90 67 1 3 9 49 29 81 53 99 43 93 16 50 16 67 97 6 96 67 31 1 60 48 7 37 22 38 54 1 18 28 71 36 78 67 92 67 90 37 2 30 92 70 81 48 98 5 70 18 73 97 69 1 12 14 14 55 90 97 31 55 72 46 26 52 66 5 99 40 7 11 29 13 88 59 49 64 57 16 14 77 98 77 95 57 13 18 90 41 23 28 31 40 52 28 
100
73 43 6 60 14 76 69 71 12 37 61 43 90 2 72 35 45 66 51 37 69 4 6 40 12 48 54 51 60 90 51 22 18 45 66 69 73 61 28 70 29 9 39 81 50 46 1 35 20 70 31 3 48 4 60 53 94 80 86 64 76 13 80 69 75 2 76 82 17 62 19 87 95 87 67 28 52 24 8 62 45 49 11 91 86 63 70 48 13 53 4 65 30 75 72 40 3 21 3 65 
100
56 26 95 94 25 41 9 9 75 83 95 22 77 59 34 79 32 2 45 21 85 91 55 73 25 98 82 95 49 15 25 42 84 54 27 44 97 4 44 94 97 73 23 27 20 15 21 53 91 53 73 41 22 77 60 9 59 11 95 71 19 64 43 27 3 58 8 71 10 60 33 39 85 8 87 92 27 3 59 69 6 4 9 7 89 65 63 52 23 62 55 51 60 44 32 34 99 49 14 6 
100
32 13 11 74 11 52 88 5 80 5 5 65 64 3 34 64 84 93 31 38 13 47 85 91 64 98 37 43 78 61 76 98 15 18 75 21 83 47 73 98 85 74 43 79 59 9 43 30 21 82 5 28 65 30 73 83 19 40 77 20 6 84 6 89 11 93 96 31 65 32 32 84 24 18 76 70 78 39 65 71 94 4 84 16 63 78 45 12 17 68 41 27 38 11 93 6 72 60 23 53 
100
69 98 1 2 87 92 85 87 48 21 35 75 9 86 57 37 43 24 78 85 42 59 92 51 34 50 89 6 38 12 28 45 47 10 73 88 1 38 9 57 3 39 30 64 1 22 79 4 77 4 87 59 31 45 67 73 98 69 21 35 14 89 90 77 3 36 20 6 1 78 20 52 66 45 86 8 70 10 67 67 97 14 54 56 50 9 14 40 78 92 42 71 30 98 78 89 85 4 85 9 
100
65 13 68 73 65 86 6 46 47 11 24 13 24 14 75 46 28 9 16 48 70 50 15 26 71 5 19 52 42 49 29 72 16 99 59 46 64 32 27 63 22 45 19 54 72 71 31 37 98 99 22 77 18 40 37 46 34 76 22 82 8 17 39 24 22 39 73 54 87 5 96 66 30 87 44 51 66 63 66 55 14 96 51 40 10 70 76 17 37 52 58 71 32 18 20 12 51 19 31 38 
100
47 34 98 59 43 75 6 35 63 20 99 74 50 80 96 28 90 96 59 51 14 25 84 52 99 65 60 68 67 9 49 96 50 18 28 74 45 59 94 78 25 91 71 98 68 35 20 26 87 46 2 94 83 38 68 32 91 82 98 72 34 58 86 43 5 55 99 32 100 40 63 93 58 32 41 61 30 8 68 44 35 43 35 40 78 9 97 63 38 53 62 73 4 66 63 39 69 11 58 76 
100
37 90 38 59 69 98 94 41 39 9 39 84 55 88 55 5 54 56 87 34 67 69 53 66 94 41 71 73 92 51 66 99 18 77 26 12 1 22 41 97 94 48 18 30 36 77 89 35 82 64 32 4 49 87 31 76 42 7 79 24 72 55 59 71 52 40 92 5 12 81 3 14 53 98 9 44 36 70 35 28 72 65 29 73 62 67 35 1 53 31 26 100 55 71 40 94 60 20 36 81 
100
41 69 84 23 11 95 35 84 81 83 5 47 87 7 65 29 73 29 30 99 28 14 21 50 31 87 46 8 92 74 65 24 28 34 55 32 12 30 93 90 82 47 96 9 31 5 34 97 42 61 48 38 97 100 100 93 95 18 16 87 2 59 76 86 61 94 9 38 96 57 46 72 2 4 64 45 4 21 16 76 81 42 35 32 10 41 10 97 74 29 31 41 44 54 24 72 80 7 61 15 
100
3 38 39 44 7 48 44 83 6 29 4 63 54 82 26 31 97 13 31 10 6 96 82 14 64 34 42 61 61 15 48 81 65 94 32 41 48 80 36 83 90 70 22 17 57 31 15 11 96 31 13 17 22 59 82 72 57 90 29 22 36 100 29 84 63 5 12 88 73 24 78 90 38 40 97 58 50 66 79 86 86 36 17 30 42 10 27 37 14 27 66 45 81 59 85 55 27 10 75 96 
100
90 3 59 79 95 86 97 70 86 59 1 10 91 20 98 51 50 52 72 100 77 1 96 73 65 47 19 10 34 11 62 5 43 98 6 18 49 34 56 86 99 97 98 14 35 91 10 62 54 11 98 94 29 80 36 19 62 42 56 1 53 10 13 43 28 62 5 48 37 98 76 9 38 78 5 71 38 61 85 86 30 45 12 82 2 40 34 41 33 58 92 61 2 84 99 71 77 41 76 56 
100
37 59 33 91 92 60 79 76 20 1 88 75 86 47 35 8 28 24 45 22 99 36 98 61 3 53 69 36 86 43 4 6 23 69 28 9 47 4 3 17 93 45 95 18 39 56 14 60 27 30 10 86 62 20 59 57 58 61 30 71 40 54 49 47 26 19 28 26 41 86 74 18 73 31 5 86 91 30 22 3 27 56 32 90 88 18 90 86 89 95 79 30 13 49 38 62 61 83 78 42 
100
48 93 68 84 60 60 42 36 47 71 50 40 44 18 84 69 67 37 28 23 47 17 16 75 39 63 28 23 98 19 46 90 2 15 32 58 66 43 8 62 64 4 7 12 55 50 25 3 65 7 77 20 83 89 76 34 84 5 86 87 56 60 11 85 22 6 27 13 91 54 57 34 84 65 85 25 58 35 72 52 17 2 12 69 3 36 7 17 86 83 9 33 95 98 34 75 28 27 44 99 
100
84 67 33 20 5 34 31 49 22 56 73 5 75 23 81 51 46 46 39 42 95 12 20 37 71 29 42 4 39 50 96 22 39 19 97 54 69 63 34 68 8 26 87 41 31 62 13 73 16 50 13 32 41 22 56 3 44 61 40 37 73 7 10 2 50 14 80 74 62 11 85 100 10 5 59 29 17 38 96 84 97 62 52 16 27 7 25 28 62 61 52 78 37 33 47 1 3 52 40 39 
100
79 95 13 15 38 65 92 4 21 65 1 59 77 92 37 93 16 56 14 31 77 6 21 17 43 86 31 21 88 57 46 98 92 43 57 97 35 33 71 58 75 25 9 62 40 5 43 7 66 77 28 77 33 32 15 28 100 72 61 37 36 92 100 82 37 39 90 68 44 11 47 47 55 7 27 85 27 37 44 31 28 42 94 100 78 83 23 18 98 4 1 66 78 11 70 55 86 31 44 2 
100
67 85 45 76 93 7 96 25 4 71 100 24 54 71 57 90 48 66 57 27 46 65 53 55 92 40 100 65 63 74 30 34 31 24 64 32 57 32 12 85 100 65 37 74 36 99 92 55 36 43 48 36 40 41 66 40 97 39 96 9 44 34 85 49 28 40 26 80 20 4 50 69 44 73 100 65 22 23 92 94 68 88 5 4 69 78 43 42 69 78 1 46 37 29 52 58 38 16 64 18 
100
44 89 54 66 94 16 67 6 100 43 21 83 82 38 52 19 23 86 30 59 76 76 73 33 14 96 16 65 37 90 44 40 43 84 49 95 24 66 78 88 59 23 10 42 96 77 83 22 40 23 11 82 74 60 32 5 83 26 68 94 9 4 2 18 79 77 19 56 92 15 49 47 85 91 71 72 48 13 25 20 2 17 35 24 35 75 92 38 53 25 33 70 18 67 93 2 58 24 84 42 
100
60 6 15 52 51 66 42 51 97 5 16 61 43 50 26 99 7 25 62 88 22 47 46 44 40 47 46 42 30 41 70 72 35 45 36 42 94 49 12 58 14 18 25 30 33 21 79 94 3 14 45 44 95 73 72 1 92 16 9 54 5 47 88 58 20 46 89 54 36 40 16 86 17 92 79 94 2 77 58 85 73 13 2 85 29 75 51 7 36 9 57 48 74 23 12 89 65 86 86 54 
100
47 95 87 33 69 59 99 53 73 35 57 29 10 56 80 19 54 93 86 76 77 20 78 22 29 69 42 88 65 44 38 100 45 34 4 62 78 71 52 44 58 11 86 21 19 77 33 91 76 31 2 40 32 51 97 3 18 29 51 71 68 66 54 75 100 84 5 86 44 84 95 86 25 36 73 33 34 73 93 32 74 88 54 73 47 67 46 100 25 62 87 74 14 6 93 48 75 91 46 40 
100
79 9 55 31 86 56 23 34 1 100 13 98 40 41 15 85 80 31 80 12 82 46 57 38 39 26 96 78 69 41 17 52 75 83 21 23 97 65 67 19 99 77 73 41 53 62 72 24 69 89 40 71 77 3 6 18 79 88 78 53 100 47 63 82 32 90 17 31 66 72 50 64 15 82 68 42 91 87 50 52 72 71 21 89 38 78 85 15 15 84 24 98 63 25 75 75 38 18 74 14 
100
41 1 92 38 83 97 71 72 37 16 33 95 68 35 4 19 37 11 83 7 73 96 34 16 66 94 38 10 46 79 13 64 26 28 88 40 74 67 17 76 59 48 80 40 5 31 85 92 98 18 48 16 34 79 39 55 45 47 83 43 30 36 5 10 18 85 47 50 12 96 23 89 81 5 76 20 15 27 79 80 46 10 3 94 63 88 40 39 4 29 100 27 27 58 15 59 99 23 4 92 
100
21 96 29 83 67 53 24 2 30 13 26 84 87 13 1 19 86 92 4 33 28 86 97 45 70 81 66 12 23 47 24 67 17 38 82 6 82 77 45 26 78 20 95 91 91 17 5 17 13 19 76 84 3 34 71 53 86 45 55 87 68 69 31 6 12 11 66 55 84 24 86 80 87 91 66 25 68 11 51 44 62 5 71 64 18 47 74 16 98 10 6 10 72 69 24 90 22 51 86 97 
100
34 40 24 33 77 87 46 39 72 54 17 78 39 41 74 98 49 8 37 5 80 75 54 73 9 79 75 18 47 10 62 36 41 43 42 84 72 20 16 76 5 8 69 49 3 40 44 81 81 48 13 96 51 18 71 58 13 38 90 82 99 48 33 21 95 46 61 74 84 69 72 8 25 95 23 64 1 15 18 41 80 80 73 42 18 13 38 35 3 8 26 2 35 33 24 75 54 85 61 17 
100
82 68 37 48 75 48 56 64 43 40 40 55 76 8 14 30 51 5 67 99 54 91 25 95 37 96 67 50 8 48 97 24 72 59 55 87 3 11 20 28 68 95 89 66 31 47 59 32 57 37 38 47 32 12 47 96 66 74 25 55 3 87 50 28 15 43 91 49 93 84 30 12 76 78 10 66 67 35 41 48 92 23 97 42 100 54 76 41 59 67 78 53 21 49 19 55 64 88 37 50 
100
36 23 78 8 55 87 18 76 91 50 72 79 8 73 23 88 22 7 63 35 98 83 35 68 8 63 29 12 66 62 96 43 71 3 90 1 93 40 6 3 15 97 39 48 53 68 6 73 6 17 36 25 85 30 16 41 91 49 19 95 72 45 57 51 75 53 43 6 27 51 90 79 95 80 47 8 79 44 18 22 8 45 92 43 43 91 72 11 98 99 62 28 80 80 63 91 81 13 56 64 
100
31 52 93 85 78 67 15 62 75 49 97 46 81 63 3 10 95 51 24 38 5 57 94 24 29 16 47 66 13 75 99 66 42 85 79 23 22 78 4 82 75 31 4 34 71 95 12 65 35 54 59 70 40 74 22 75 3 65 53 4 39 3 80 68 28 100 21 44 74 48 73 80 76 5 74 8 23 29 80 44 74 52 42 100 71 20 83 15 41 43 52 25 40 60 72 74 22 55 27 69 
100
23 78 23 57 59 96 100 86 38 60 94 19 88 9 61 95 18 17 20 6 29 82 32 86 66 24 27 77 78 12 4 64 59 64 18 40 50 92 77 60 94 45 59 43 45 44 23 4 37 94 22 95 94 61 6 22 94 29 60 88 78 8 57 20 71 78 89 49 87 77 91 8 88 48 6 99 5 47 48 21 97 46 76 71 8 81 10 5 29 20 8 15 72 70 45 69 47 32 48 85 
100
80 59 18 96 49 97 45 12 28 4 97 65 48 79 3 92 100 55 95 44 30 53 34 43 26 4 5 76 64 61 29 79 63 93 43 72 56 72 29 84 31 68 42 45 51 51 46 64 36 88 98 22 92 87 27 50 43 4 1 92 96 58 21 51 3 5 90 66 36 68 20 10 60 51 74 99 7 31 70 31 33 15 67 71 29 51 90 91 79 47 8 97 28 23 67 53 8 21 90 100 
100
19 34 82 7 20 12 62 6 14 3 11 4 51 63 69 91 32 26 52 55 33 49 26 12 73 16 92 26 94 30 52 74 20 42 50 93 63 40 94 70 14 3 68 87 11 75 100 39 93 98 9 24 55 46 37 36 6 57 83 37 16 27 51 66 55 4 85 51 82 28 77 44 97 31 74 24 59 8 77 83 3 23 36 49 32 82 30 9 38 69 66 3 84 78 44 58 96 8 70 65 
100
15 10 43 98 9 94 80 40 57 74 36 89 56 15 26 39 16 56 80 100 83 98 5 51 53 49 54 45 51 33 10 96 8 46 49 55 85 65 59 90 51 97 40 99 31 40 94 9 35 85 20 60 52 34 90 17 68 61 74 20 80 93 81 43 44 10 75 100 53 12 6 14 91 52 14 100 69 28 73 75 78 33 69 85 45 86 70 49 27 2 24 5 83 38 34 78 6 72 8 75 
100
97 79 30 88 76 85 65 57 88 65 30 89 75 88 57 96 22 70 24 4 71 68 39 10 16 37 34 21 24 26 29 43 41 58 31 81 38 46 70 64 17 52 42 84 3 38 84 51 83 13 45 53 92 67 36 27 79 66 72 77 77 50 69 57 57 56 56 37 72 40 25 11 80 40 8 27 90 26 40 49 68 49 68 13 31 54 94 79 69 16 69 22 89 13 49 48 65 87 98 26 
100
12 39 45 66 49 11 57 58 9 70 10 55 73 72 71 74 66 14 70 30 76 89 56 74 76 66 52 84 37 21 48 74 41 66 70 75 85 75 89 30 74 76 77 91 42 83 74 70 79 71 87 20 89 27 90 95 58 43 31 21 81 43 47 72 87 19 22 84 54 73 67 98 11 33 74 100 63 2 62 73 48 69 42 34 49 7 50 8 51 70 74 52 61 100 26 57 78 88 26 13 
100
66 53 84 22 18 20 28 58 64 40 99 77 51 64 67 31 82 97 41 98 63 36 76 40 38 42 66 43 38 26 93 64 79 19 47 39 17 91 65 86 82 39 12 16 50 59 89 15 78 80 35 7 6 1 10 97 62 75 54 84 36 57 96 31 95 82 97 24 63 92 97 79 43 85 50 13 23 36 84 15 8 58 71 33 80 17 15 68 82 24 3 68 82 97 94 90 13 64 81 33 
100
52 40 53 73 21 79 88 17 81 61 82 97 95 73 26 4 42 3 20 72 3 21 1 62 45 37 53 91 33 51 88 11 39 15 93 33 38 29 23 19 88 83 40 64 65 94 79 23 86 41 4 69 15 54 99 22 90 19 13 88 46 32 66 72 22 1 84 14 64 58 74 91 100 94 93 1 33 93 47 86 61 21 32 56 64 67 82 36 15 97 47 56 50 7 26 43 44 82 75 96 
100
13 92 78 90 73 57 91 34 15 94 57 13 12 88 84 16 89 27 41 81 30 80 43 56 32 91 21 57 97 17 77 12 47 21 47 50 59 33 50 6 67 44 70 25 17 50 59 53 18 43 9 64 33 91 4 35 68 2 14 48 65 63 91 57 29 38 68 6 14 7 27 66 5 93 10 12 78 70 46 20 90 47 25 73 26 12 15 73 2 18 94 27 89 48 72 71 11 55 38 11 
100
74 9 82 33 81 43 72 65 14 82 76 48 39 23 54 93 52 37 31 34 55 28 64 90 43 96 57 35 97 36 92 11 91 83 6 63 99 19 28 85 17 12 82 1 84 19 36 74 50 60 73 23 53 32 61 26 60 51 2 47 35 5 75 33 54 91 11 100 56 92 72 78 98 57 51 31 49 86 82 71 14 95 93 23 21 82 85 46 16 8 82 62 29 97 58 93 93 87 79 21 
100
46 56 61 31 47 73 44 23 6 98 21 61 75 58 54 46 79 53 11 3 32 33 46 97 11 5 34 84 97 53 64 85 66 57 94 61 79 24 100 48 75 65 8 6 13 79 1 57 40 62 83 31 74 88 13 18 81 37 71 41 51 71 90 88 57 97 60 15 58 29 24 63 65 28 16 57 12 92 41 79 22 53 26 100 12 45 80 20 75 53 96 76 73 25 14 59 49 42 6 33 
100
52 78 44 42 90 78 48 95 48 47 14 96 79 14 28 18 8 2 10 35 26 73 25 90 97 25 47 13 32 16 22 87 21 49 15 71 51 21 17 90 93 2 30 5 21 5 48 19 20 2 44 24 64 32 39 22 86 30 86 94 28 9 85 30 74 3 54 6 17 11 66 93 15 66 59 5 6 42 71 73 59 96 81 38 18 19 86 84 15 7 47 95 27 8 90 57 61 95 60 81 
100
22 25 60 89 35 70 49 12 77 36 57 47 69 49 14 61 61 34 46 89 94 41 61 71 92 64 1 93 91 51 98 26 80 43 35 48 11 96 81 91 86 76 25 22 57 93 39 14 67 41 1 11 90 64 41 30 99 94 12 36 61 93 7 53 21 97 90 29 56 38 94 81 76 58 83 33 73 52 75 92 58 56 38 37 7 32 62 52 64 22 80 40 13 14 96 48 51 95 66 64 
100
79 53 58 66 89 30 100 84 4 78 31 35 41 2 79 60 53 48 81 66 2 67 92 81 40 58 97 97 100 40 2 82 30 45 54 2 60 100 20 19 98 62 62 16 83 29 96 82 28 82 66 71 23 83 94 69 35 85 69 68 58 97 75 42 63 42 96 90 33 87 58 71 87 25 17 86 46 23 71 70 36 8 16 56 95 60 66 46 85 59 76 95 8 50 76 80 77 76 64 9 
100
80 76 51 3 56 35 56 37 85 97 53 37 73 63 43 96 12 15 57 4 65 7 80 16 26 31 30 29 63 34 10 24 86 55 54 16 39 72 58 41 48 67 72 73 80 90 92 95 79 60 91 45 13 62 38 98 44 40 17 48 67 17 13 90 21 68 56 37 13 28 31 7 39 52 84 16 47 99 27 49 96 71 55 23 4 77 5 98 26 72 96 85 76 81 61 83 62 23 5 78 
100
6 50 100 34 2 98 53 22 11 100 19 83 7 96 62 77 58 89 31 39 100 53 56 12 26 6 83 75 77 39 24 99 87 99 25 91 37 87 18 85 9 19 33 4 61 66 51 72 99 81 56 93 34 49 92 2 45 60 15 71 35 42 13 33 74 87 65 41 76 32 99 39 15 82 45 64 92 98 75 7 47 12 41 20 36 49 37 46 69 78 20 58 94 14 90 51 89 50 69 84 
100
11 37 85 56 15 90 97 36 90 8 70 70 10 69 62 5 23 88 30 85 18 17 35 52 68 56 44 1 34 16 48 96 31 29 32 26 75 42 64 91 85 64 35 85 4 41 18 15 97 24 52 82 16 73 59 18 11 15 90 28 31 41 95 94 6 46 63 91 73 96 40 17 59 2 34 57 33 80 86 66 63 67 82 89 83 74 77 91 29 61 6 46 31 20 14 73 74 66 39 19 
100
24 22 34 59 91 65 24 29 5 46 5 91 78 38 37 90 39 32 40 43 21 12 4 78 34 74 36 73 1 98 31 8 96 53 37 24 100 11 17 17 73 62 100 25 84 65 9 62 49 38 65 91 38 5 57 49 91 75 13 55 17 54 36 4 96 81 2 64 12 46 100 38 31 2 50 16 79 40 45 100 15 38 100 69 18 80 68 93 8 7 71 78 84 41 65 18 90 94 64 72 
100
46 91 90 27 81 56 20 69 5 15 26 4 51 78 4 64 12 37 11 21 20 13 55 22 24 1 67 19 77 59 20 15 14 29 67 20 9 73 94 55 56 37 55 39 59 79 73 29 48 40 23 78 19 95 84 12 48 16 50 90 9 90 45 93 76 54 78 26 9 57 67 94 7 31 57 20 41 5 65 74 18 52 22 39 50 67 96 51 7 79 97 7 42 13 84 98 40 8 55 88 
100
63 75 75 27 50 29 67 31 91 87 53 18 50 6 48 68 83 98 7 83 67 6 13 78 73 17 9 51 66 56 99 42 61 57 16 36 13 7 58 57 11 27 100 82 24 42 57 65 63 20 46 24 79 57 21 100 36 42 3 67 50 62 74 97 26 33 99 48 64 17 70 5 40 11 76 8 21 60 80 11 62 69 69 39 87 60 74 4 28 95 31 78 1 58 27 8 85 100 27 48 
100
39 10 6 71 62 8 29 42 3 16 21 25 13 48 55 67 95 46 43 94 38 42 24 69 5 32 19 3 16 14 6 82 98 56 99 83 69 30 28 96 43 22 53 3 74 62 4 41 43 8 21 79 92 53 87 91 55 71 37 7 38 82 20 13 61 77 8 58 37 56 69 25 62 9 28 34 78 83 86 68 23 58 72 78 71 65 91 1 100 40 86 18 19 82 86 98 96 2 2 43 
100
50 32 55 17 70 58 57 41 34 91 94 88 24 52 31 15 64 70 97 69 70 3 97 23 19 92 24 23 11 22 84 27 80 92 75 36 29 69 85 20 57 62 95 41 24 14 6 87 38 11 69 65 47 84 23 43 6 57 89 66 15 51 71 17 3 53 84 46 41 94 67 64 50 51 71 92 8 75 82 29 60 10 94 33 65 63 84 88 85 77 49 75 6 39 98 25 87 75 11 36 
100
64 96 100 96 79 64 86 80 5 24 3 61 56 81 92 7 2 35 79 41 10 64 54 96 93 59 38 75 100 38 59 30 49 100 79 24 43 7 17 97 37 69 100 88 85 5 96 5 29 57 21 82 82 30 18 59 21 95 23 100 59 65 97 34 87 87 33 37 94 61 68 60 82 62 14 41 63 22 70 74 14 89 49 68 2 62 29 68 36 83 56 47 18 13 17 50 84 51 70 13 
100
23 62 62 68 50 27 69 48 98 84 42 55 32 51 24 94 16 45 100 13 32 23 70 56 82 31 38 97 23 36 53 11 84 93 96 57 11 87 48 61 98 86 2 67 41 23 29 32 62 27 10 84 96 18 8 56 68 25 96 92 92 60 26 24 60 20 41 4 32 84 11 25 59 10 89 62 12 49 73 51 86 64 65 84 16 45 55 98 67 23 5 30 31 89 59 38 48 93 30 56 
100
8 16 99 15 85 26 41 80 93 76 24 38 18 24 86 18 67 76 90 26 78 55 86 43 16 61 85 8 70 37 78 5 61 84 12 36 72 67 78 98 96 13 37 85 96 30 27 65 39 47 42 73 47 63 54 43 79 50 67 86 15 36 74 31 86 12 29 86 12 33 86 67 26 76 24 49 46 19 8 37 99 54 91 94 65 44 23 87 49 65 31 5 7 21 18 35 87 19 47 91 
100
97 75 74 36 69 49 35 33 47 87 64 91 27 100 4 33 19 58 97 2 40 57 33 28 31 2 37 12 4 43 38 19 68 15 37 75 34 11 79 17 23 38 16 9 43 7 1 74 51 81 97 13 77 100 98 64 97 81 32 47 37 78 45 13 99 67 12 46 58 68 95 21 94 80 92 10 11 41 52 82 36 81 59 66 29 12 22 87 82 27 74 87 79 25 80 5 76 16 42 97 
100
79 66 89 50 80 92 55 99 96 87 66 52 6 97 42 3 54 34 72 23 47 68 8 40 4 100 32 55 77 6 65 54 91 78 85 39 89 4 77 14 56 88 2 17 89 31 91 44 66 10 41 28 63 40 41 74 9 22 61 71 80 89 1 35 20 76 96 61 37 58 20 22 56 98 74 48 58 85 1 95 15 44 40 84 77 38 70 18 70 25 94 34 96 76 99 40 52 39 86 19 
100
28 51 45 39 97 23 22 97 27 24 57 46 11 43 98 21 7 24 50 63 68 99 84 16 52 84 23 39 5 69 2 5 74 94 3 2 73 88 63 40 65 27 10 20 4 45 78 38 100 56 59 41 73 45 2 15 10 93 52 10 65 12 9 39 24 61 7 34 46 25 81 62 88 28 77 34 92 20 57 88 56 59 2 25 11 75 49 73 85 99 51 56 99 33 98 38 72 26 52 95 
100
98 18 27 58 57 65 6 75 66 61 83 38 26 17 1 62 48 100 40 13 33 94 43 54 71 4 82 37 20 83 40 86 79 19 90 20 78 47 60 71 18 76 79 48 100 69 56 40 2 58 12 88 6 86 37 83 97 57 92 64 54 22 55 82 75 87 61 25 53 34 80 87 92 64 82 18 25 29 82 84 88 31 81 93 64 42 100 39 41 27 81 36 68 51 6 91 28 35 69 76 
100
88 2 69 13 64 59 67 25 38 99 68 93 6 20 30 96 55 43 81 67 11 68 73 100 44 96 13 17 61 95 49 69 77 74 16 88 74 31 15 80 13 52 30 11 67 29 60 9 19 17 48 37 59 86 71 80 76 71 27 89 10 51 78 77 63 48 68 25 94 69 33 36 91 20 99 62 77 26 2 33 8 20 88 7 89 2 43 97 79 22 69 75 51 51 92 15 89 18 54 74 
100
56 73 62 68 48 90 27 99 35 35 5 91 7 47 62 21 53 91 26 45 41 87 26 21 4 46 94 71 49 49 69 14 81 3 41 48 13 16 99 73 33 91 32 91 54 68 5 54 96 43 44 15 77 67 67 69 41 6 68 85 74 57 82 73 83 22 12 76 52 48 7 5 72 87 88 38 83 49 18 18 60 4 29 16 69 77 72 82 78 49 24 66 48 74 85 96 79 55 52 37 
100
86 15 78 10 34 27 29 59 24 35 80 5 82 80 31 58 24 95 52 68 83 8 27 61 47 79 89 22 42 42 43 50 36 85 5 28 12 75 94 70 7 6 44 48 51 33 89 24 10 99 31 60 13 78 88 59 47 73 79 27 22 75 69 19 9 50 43 95 86 55 91 76 50 70 74 58 49 87 97 39 40 30 62 89 26 65 61 75 24 16 14 12 33 10 97 84 12 53 41 76 
100
45 94 1 4 83 86 61 83 10 36 79 1 68 92 21 52 75 23 50 5 99 68 19 68 70 59 8 66 11 8 55 18 59 81 72 78 73 27 21 8 61 63 89 13 3 93 99 95 69 25 8 89 34 9 89 23 92 45 62 77 1 17 64 1 5 28 35 3 75 70 48 47 22 23 32 88 93 96 65 44 94 55 79 52 42 70 9 34 41 49 78 47 34 61 17 50 8 83 31 10 
100
11 4 35 59 16 29 59 36 39 43 11 11 8 49 62 41 40 45 63 44 64 67 64 66 62 19 41 60 35 70 80 23 40 28 77 69 61 1 15 56 87 64 36 86 93 11 90 100 82 40 70 29 5 51 85 85 72 41 80 75 97 16 69 2 62 49 68 55 72 23 95 20 79 56 76 47 95 36 10 54 22 12 15 57 48 5 93 5 63 77 60 60 16 63 58 84 85 86 76 16 
100
57 82 49 93 53 79 92 9 49 5 99 58 6 89 61 21 25 52 95 49 16 89 63 17 91 5 84 48 5 64 6 45 80 31 53 66 51 48 56 73 83 86 44 52 92 46 37 100 24 69 32 33 16 43 53 97 34 47 51 3 18 67 74 17 45 79 56 27 48 41 63 18 81 23 70 69 14 29 46 67 73 52 59 5 95 72 11 13 97 5 38 92 73 99 15 32 57 87 78 88 
100
23 40 86 56 63 8 61 64 22 84 65 12 48 41 65 98 85 19 49 31 80 6 38 39 52 52 89 86 6 90 10 46 14 90 60 91 13 44 72 89 3 24 37 78 18 48 98 79 63 82 90 38 27 92 31 12 96 97 34 8 93 75 69 93 84 99 10 60 39 49 43 69 89 13 83 74 53 88 85 96 39 67 82 19 34 41 99 56 42 11 56 1 14 81 82 35 61 75 60 82 
100
17 93 24 14 16 86 51 62 22 91 14 86 47 43 51 76 45 70 13 54 64 18 23 21 54 25 18 34 57 89 77 58 59 65 36 35 12 25 92 25 38 35 15 20 93 42 34 60 40 87 11 70 44 66 40 41 3 15 1 21 88 30 29 79 25 96 38 53 1 28 47 83 7 21 73 50 95 92 54 100 55 11 98 57 56 7 74 24 91 27 30 20 66 87 25 61 72 56 36 94 
100
7 48 19 97 91 96 99 17 55 96 41 62 27 80 1 94 70 48 74 70 53 97 77 40 95 57 85 20 54 39 78 53 54 9 89 6 45 34 26 88 91 55 3 45 78 80 81 53 9 67 96 12 60 64 95 16 40 55 52 89 24 74 77 22 3 31 4 78 60 53 17 27 46 90 77 77 90 16 1 38 29 34 31 65 94 86 96 21 91 100 47 99 83 93 17 66 68 97 89 81 
100
42 82 94 75 28 67 11 35 73 96 66 38 98 90 36 85 18 69 67 17 5 15 6 10 17 80 53 96 14 100 88 4 86 69 5 50 29 74 76 66 5 31 87 72 23 86 38 100 4 42 21 98 27 45 35 11 80 87 66 96 94 96 64 26 76 14 79 75 45 9 25 54 100 67 9 1 62 32 42 87 68 76 89 92 43 82 77 89 7 73 55 39 10 49 58 12 56 73 100 83 
100
68 62 73 24 16 74 40 12 18 38 68 97 70 69 28 57 47 42 74 48 26 51 45 40 72 31 77 5 10 17 43 12 82 59 9 30 20 61 67 77 92 89 67 75 14 67 62 91 25 33 11 88 76 49 75 83 23 18 2 85 70 79 89 65 75 6 96 63 60 28 91 12 22 17 99 36 64 31 90 30 59 30 27 46 91 59 14 49 2 53 84 20 16 48 98 50 27 43 67 92 
100
44 47 35 6 9 66 57 40 16 33 33 28 80 22 51 33 90 21 2 49 7 85 56 11 68 65 48 48 18 12 82 31 24 38 60 90 85 96 57 27 22 93 30 91 68 57 66 54 97 94 46 79 77 26 5 37 55 45 2 70 73 8 12 19 88 36 25 29 51 10 22 78 74 3 46 6 38 83 37 88 88 40 26 20 96 96 61 71 95 55 74 73 62 34 6 89 88 38 31 65 
100
25 41 65 52 73 54 64 86 68 64 3 59 75 81 56 26 48 19 53 15 1 10 65 83 55 19 91 91 8 44 89 80 53 73 10 45 97 7 97 82 73 23 73 67 75 54 97 64 9 82 51 55 38 7 90 82 18 35 56 36 88 22 85 98 49 90 51 86 96 30 72 34 17 46 71 57 94 46 56 99 55 39 87 67 68 38 41 66 17 66 68 93 69 92 76 57 43 100 15 86 
100
40 39 42 14 17 19 48 44 41 67 95 9 62 36 16 1 97 59 40 77 6 59 60 80 73 85 96 47 57 58 40 93 71 26 27 79 19 95 29 84 77 71 14 41 94 45 71 3 28 25 5 85 47 75 96 48 29 90 97 35 13 94 91 100 8 78 22 16 36 86 5 78 48 31 70 35 27 40 100 40 8 22 100 45 39 75 51 73 18 7 98 34 70 30 7 58 26 52 44 50 
100
20 55 49 89 52 31 99 8 70 56 74 81 91 72 54 58 34 32 33 84 2 4 48 67 40 55 93 79 3 8 36 87 72 40 92 37 31 7 8 19 77 36 81 61 20 20 67 43 80 33 59 76 11 89 67 66 35 68 28 100 2 66 51 73 30 75 47 63 87 59 26 53 18 29 50 64 35 65 6 8 17 65 85 85 56 50 42 36 59 31 65 79 83 14 80 88 40 53 54 94 
100
50 90 100 84 35 55 9 99 24 25 15 5 93 35 70 31 92 70 29 63 16 6 23 35 66 84 20 42 44 85 52 94 10 73 7 22 86 34 17 12 19 62 64 59 40 56 63 75 89 94 69 77 6 75 7 49 7 31 55 77 76 41 78 64 50 84 38 58 17 41 11 86 8 14 82 29 94 96 16 5 98 82 70 38 21 63 29 43 6 60 24 28 15 44 27 79 50 59 14 21 
100
74 26 86 86 15 59 40 24 83 35 20 91 71 50 99 85 61 29 28 80 23 91 51 64 48 25 64 59 30 98 19 66 48 31 27 14 20 2 60 14 43 69 75 99 12 21 61 50 59 24 17 48 3 100 82 76 97 33 36 100 70 96 12 45 75 69 26 97 39 94 98 74 51 37 10 12 65 33 71 93 9 3 75 72 92 78 26 52 41 72 56 47 90 75 21 87 95 8 2 11 
100
1 9 75 1 17 57 77 11 22 80 82 67 36 4 59 71 31 19 22 61 96 1 7 11 54 9 12 55 87 71 91 57 16 73 95 85 67 39 47 10 27 63 2 47 81 45 92 30 13 77 72 2 78 54 50 1 74 75 2 97 34 60 62 22 46 15 17 89 19 64 61 3 64 94 14 1 14 74 79 83 24 21 8 63 7 45 57 47 71 20 38 93 5 57 3 26 1 83 38 69 
100
83 19 34 70 22 100 35 82 13 49 40 44 98 27 35 68 87 79 35 32 43 98 42 20 77 23 9 26 43 85 69 17 65 54 51 26 75 11 88 69 97 73 10 13 13 70 21 22 34 4 57 5 95 19 50 69 74 78 69 61 70 28 43 2 79 15 28 23 8 13 30 34 85 69 57 68 99 52 13 60 1 80 62 60 84 100 83 28 4 42 75 11 40 46 11 88 76 23 88 85 
100
46 11 28 30 47 62 70 79 79 23 27 14 82 75 71 24 48 73 21 78 40 98 54 81 92 9 62 57 56 54 36 93 56 13 87 95 90 52 57 49 73 44 9 89 34 20 67 53 97 30 19 10 84 96 46 62 74 14 40 39 11 88 47 90 53 91 14 52 70 27 94 59 100 91 9 24 2 48 19 44 61 19 62 73 97 86 20 86 82 61 64 45 45 21 13 60 63 20 58 54 
100
47 50 31 84 74 88 11 55 76 63 3 23 38 91 41 85 36 77 64 65 44 61 83 20 38 100 8 83 93 41 27 47 77 82 51 24 6 78 76 91 46 69 26 57 7 75 85 4 95 92 81 44 56 36 56 43 86 90 70 60 2 98 4 50 100 12 36 67 4 15 71 71 94 29 8 91 52 91 37 77 80 17 60 58 42 64 72 78 69 11 7 31 44 99 94 28 72 66 62 42 
100
81 1 5 35 14 77 55 11 1 27 66 77 30 42 52 16 82 34 42 17 71 99 60 18 78 12 24 19 82 88 71 56 27 57 42 96 29 39 80 24 38 31 4 15 41 65 78 25 4 42 99 49 68 86 81 31 52 65 43 9 68 36 12 98 47 11 21 1 11 20 82 43 75 50 66 87 44 92 94 13 80 48 90 89 89 75 41 13 58 81 22 10 19 76 32 90 37 2 15 82 
100
44 64 67 39 92 58 28 78 33 43 59 96 79 11 92 37 4 24 48 93 44 61 54 56 24 82 24 50 94 23 99 11 92 43 19 44 1 77 100 95 35 48 69 39 67 68 57 82 83 3 72 25 98 13 50 45 5 32 75 74 100 31 86 41 19 68 51 50 70 32 51 38 34 98 86 69 58 51 96 39 88 33 2 63 13 97 51 85 92 71 75 36 97 96 56 55 1 33 91 6 
100
3 22 88 39 98 84 91 58 10 56 50 12 85 57 5 35 67 33 69 26 11 50 92 2 63 83 60 78 86 24 90 31 17 53 73 23 60 15 47 19 33 35 86 90 32 69 71 4 41 48 71 54 88 83 31 24 36 31 14 65 42 90 65 77 6 79 94 33 86 55 75 39 77 100 85 100 91 75 52 70 68 43 74 89 82 80 96 24 86 90 23 56 21 94 19 41 79 73 20 62 
100
85 31 82 38 48 74 3 42 61 36 33 17 70 14 89 81 13 34 30 32 43 50 51 19 71 54 13 94 85 19 83 68 29 25 86 28 41 46 67 64 90 84 18 62 17 21 69 20 44 77 34 87 26 32 33 23 97 100 82 48 62 49 94 73 31 31 75 54 48 100 77 91 30 47 26 8 31 84 34 77 81 57 87 38 51 56 34 55 41 21 47 48 8 67 74 5 37 6 78 100 
100
13 92 6 31 21 69 58 87 78 83 67 61 83 81 50 96 82 98 86 95 49 61 32 25 10 80 78 42 13 58 23 16 24 30 98 30 7 49 81 27 13 97 32 7 46 23 34 13 35 53 92 4 51 80 96 35 56 53 83 90 1 11 73 56 13 33 68 66 20 4 32 77 55 79 62 47 78 53 48 90 66 70 24 77 93 46 7 83 25 70 72 93 59 97 57 95 64 86 49 2 
100
4 6 22 84 2 89 65 37 24 12 100 33 79 58 39 94 58 82 66 44 99 59 70 21 70 3 78 57 9 69 4 86 83 27 40 65 65 43 12 18 74 88 29 64 26 82 49 24 17 74 1 42 53 24 65 96 33 34 13 87 16 38 14 55 85 67 94 31 36 60 8 77 65 40 52 75 7 77 53 66 4 16 96 69 59 60 12 9 86 46 62 20 13 97 31 68 95 69 99 26 
100
67 78 68 66 42 82 48 81 23 26 60 96 90 12 9 66 45 89 43 89 12 7 40 77 25 61 78 34 23 94 68 74 50 91 41 42 83 40 70 54 60 68 1 42 99 76 39 48 67 85 20 99 43 97 83 4 54 60 55 27 99 11 60 36 78 4 39 80 21 91 49 30 60 20 45 1 47 79 80 24 2 25 52 87 15 51 13 43 78 76 27 81 25 89 28 63 33 29 49 48 
100
85 79 82 94 9 94 63 12 46 4 69 28 96 56 6 37 44 18 59 18 95 6 38 87 27 23 83 84 4 85 76 95 94 7 85 9 41 62 13 48 8 40 5 82 14 32 88 22 58 6 28 27 67 1 95 94 7 12 10 57 67 10 55 8 75 41 9 71 38 64 8 12 41 43 4 98 65 55 38 37 30 27 97 72 100 31 35 69 79 51 21 40 7 90 31 55 94 39 6 17 
100
26 31 54 92 6 73 76 15 43 58 77 19 70 9 21 21 40 14 70 68 90 61 43 65 90 30 83 85 66 42 26 9 28 33 59 16 93 41 71 52 98 65 89 90 47 88 66 28 42 83 67 36 40 18 28 42 50 34 8 93 55 34 14 54 11 68 18 93 59 37 37 28 28 64 25 4 18 47 76 43 42 82 82 48 29 6 57 77 41 74 21 43 17 11 13 29 53 61 40 62 
100
49 43 31 28 75 7 70 53 89 3 24 45 79 11 32 64 49 56 18 62 93 25 63 47 12 36 61 64 13 91 52 55 53 4 84 94 21 49 15 55 21 8 90 95 3 30 17 80 92 90 34 63 9 32 42 98 84 27 90 10 55 56 15 81 65 32 5 26 12 11 93 72 59 42 85 40 45 6 100 73 46 2 98 34 1 35 45 15 93 2 45 4 83 2 57 87 16 94 18 26 
100
75 17 43 100 54 28 94 56 82 29 66 54 95 73 14 66 72 46 28 63 75 54 90 69 53 82 69 5 37 12 66 80 42 59 30 57 45 64 21 11 96 25 22 80 19 31 21 36 28 29 65 76 82 31 16 61 22 72 76 48 18 24 74 99 85 73 98 9 30 48 32 10 60 94 5 73 2 12 67 99 72 12 58 44 50 28 31 28 36 96 17 14 78 23 29 84 32 22 50 3 
100
48 33 30 32 50 98 15 7 65 23 41 51 96 22 19 79 68 15 25 43 40 46 57 98 93 61 96 26 47 68 70 16 83 47 37 97 39 4 27 78 78 65 35 60 97 60 53 68 70 66 48 65 74 9 83 1 31 6 63 33 58 33 64 63 15 61 86 58 81 35 85 77 15 10 68 51 61 30 67 3 82 14 24 90 91 46 100 37 60 77 37 17 17 50 1 44 24 21 96 54 
100
49 80 63 68 38 34 41 7 77 92 98 92 38 47 6 51 9 25 35 89 48 7 42 15 97 14 88 87 86 65 99 49 52 31 90 55 13 25 66 21 29 70 58 87 56 20 9 59 26 70 45 78 55 88 84 50 40 27 87 13 73 2 1 60 45 44 45 78 94 79 21 95 6 91 26 29 15 47 34 62 17 61 54 10 33 20 80 74 15 51 90 77 57 100 84 70 31 78 50 58 
100
43 51 29 35 74 48 3 30 74 38 89 41 5 89 49 27 46 15 33 84 19 51 58 60 59 31 88 7 16 15 61 11 63 2 12 29 14 45 8 44 59 82 13 67 24 15 55 5 95 93 100 51 46 15 35 36 33 26 98 28 91 77 11 67 6 64 23 31 47 38 94 61 25 19 11 36 85 95 7 95 22 25 32 87 46 79 20 7 96 91 45 76 52 13 100 12 12 65 85 7 
100
44 51 77 52 80 89 62 40 12 57 66 49 24 8 75 41 5 39 42 13 53 20 11 31 90 18 95 97 29 96 99 89 12 60 48 26 32 60 19 96 69 73 15 35 98 86 69 36 73 6 52 28 54 74 65 57 95 14 40 23 1 15 32 91 77 48 59 18 81 39 62 7 64 91 55 26 82 19 63 32 77 49 23 58 61 24 29 47 50 12 5 68 60 80 21 27 38 68 55 56 
100
31 55 78 66 61 54 70 56 10 71 41 34 53 40 46 55 12 12 79 80 43 87 19 95 46 16 77 32 3 72 36 100 78 100 83 40 60 75 99 68 65 65 94 68 77 19 46 81 57 68 71 33 47 88 53 97 87 99 85 31 24 84 77 95 10 62 22 41 17 74 66 19 30 38 95 5 81 86 3 54 83 97 80 41 36 59 25 64 64 68 57 35 5 19 83 20 76 100 51 61 
100
28 23 17 59 27 86 83 90 33 36 80 73 34 8 98 96 87 51 95 59 99 29 12 84 90 23 69 31 54 32 61 25 90 13 61 27 39 17 71 13 57 91 5 63 46 14 50 66 68 42 88 34 65 84 98 6 75 78 80 85 34 68 97 44 97 42 33 84 74 35 99 93 17 21 40 91 43 50 76 52 44 50 100 22 35 6 45 62 96 97 32 57 90 5 47 62 38 60 90 41 
100
60 19 18 31 25 11 98 5 61 2 35 45 77 16 98 94 19 15 43 95 45 88 8 11 4 79 45 64 54 36 19 74 5 99 12 65 49 100 38 85 24 68 64 61 85 80 71 2 31 59 48 42 50 74 21 4 54 42 70 5 67 46 62 15 21 17 78 17 46 46 70 4 56 50 70 61 14 50 34 91 38 21 61 61 52 89 94 15 6 1 16 89 71 69 48 61 73 74 40 99 
100
62 59 42 57 73 13 30 84 74 37 20 28 87 67 29 6 69 19 35 16 79 81 96 53 37 7 16 59 55 30 41 97 54 56 63 85 99 36 91 2 68 67 84 73 84 55 89 9 83 69 66 56 88 62 93 100 84 6 86 78 24 100 6 89 27 69 21 6 95 57 78 28 88 18 3 14 84 10 93 84 12 51 33 30 95 36 64 94 42 27 4 80 80 17 63 35 63 86 71 31 
