10000
88 17
36 10
64 13
28 17
58 14
56 49
14 12
10 4
52 49
83 26
16 6
25 9
48 20
26 22
85 58
80 73
56 55
64 36
67 60
18 8
8 6
21 10
15 10
49 38
28 21
17 13
61 57
72 37
68 12
33 19
33 30
34 9
18 8
11 10
63 2
65 53
44 40
80 40
20 10
30 3
48 32
25 15
81 52
86 6
68 25
97 57
4 3
86 26
20 18
78 14
97 77
22 5
25 15
30 10
17 15
44 31
3 3
38 27
4 3
96 23
55 24
7 7
32 16
19 8
54 41
66 63
21 19
99 24
7 7
48 6
98 83
3 3
97 18
53 17
89 36
68 61
23 10
43 9
16 4
2 2
12 7
11 4
76 45
42 32
33 8
10 10
10 5
77 37
9 2
5 4
93 61
23 6
76 4
44 23
29 24
49 44
82 39
3 2
30 16
53 44
17 9
97 31
58 34
42 32
69 62
52 33
75 21
18 7
8 7
26 3
55 7
24 16
14 11
99 40
52 12
68 19
41 21
78 66
98 81
89 20
41 8
39 8
75 57
25 16
37 19
18 9
25 2
32 18
23 18
43 39
7 3
83 43
34 17
27 16
83 74
27 25
26 24
87 32
39 21
6 5
54 49
57 21
49 5
28 6
14 14
24 21
50 8
55 39
64 36
60 40
94 66
68 16
13 13
45 17
5 5
41 10
65 43
94 17
15 5
68 55
31 14
17 14
3 2
42 17
29 12
74 51
12 7
42 17
19 9
84 38
45 34
67 60
87 18
59 19
89 82
99 98
6 5
22 21
48 22
63 56
82 3
32 31
3 2
95 82
60 12
33 6
55 54
86 19
54 27
47 19
17 12
82 37
68 40
47 25
63 7
57 49
49 41
9 9
16 13
8 3
52 51
9 9
64 9
15 12
39 29
84 50
62 42
84 59
77 35
55 35
30 22
76 54
11 9
88 58
5 4
18 4
55 12
89 55
65 2
87 66
3 2
100 57
26 2
75 20
20 15
34 32
11 11
92 69
77 68
10 8
74 73
26 12
53 49
73 33
3 3
83 25
75 26
67 27
100 84
39 5
40 35
50 4
15 14
96 50
58 25
77 51
6 4
46 44
34 5
83 6
55 16
100 74
45 4
11 2
72 19
54 54
64 20
71 18
32 5
23 12
61 55
63 4
31 8
29 17
38 20
97 79
48 13
56 5
57 45
65 36
61 56
55 12
64 40
97 19
86 71
66 49
11 5
93 46
87 84
68 5
10 7
60 36
75 20
52 27
68 26
61 42
80 41
8 4
69 42
88 50
37 37
53 41
42 29
90 32
64 40
19 17
5 2
53 33
77 29
68 27
80 41
25 5
36 26
84 28
61 26
24 23
64 32
87 76
77 75
43 14
84 2
66 66
36 34
71 60
17 15
86 27
77 74
95 62
39 30
2 2
55 18
9 2
13 7
29 20
67 45
36 14
6 2
86 44
57 57
18 11
20 4
90 17
47 29
45 35
81 23
7 6
19 10
3 3
61 9
15 13
32 16
21 4
78 55
57 21
38 3
21 2
47 2
83 67
30 12
92 88
72 71
37 31
7 6
61 34
81 20
14 9
20 13
33 12
75 47
46 5
76 55
5 2
81 55
70 26
82 53
89 79
60 17
32 25
31 5
48 41
67 48
67 62
37 32
45 26
74 6
81 10
11 4
89 62
40 37
46 37
60 33
71 14
11 11
50 8
73 29
11 2
18 11
94 37
47 36
26 3
75 53
6 5
25 10
21 9
91 85
37 28
18 12
40 14
99 86
52 35
15 6
63 5
95 3
70 66
25 14
69 50
83 76
97 49
55 8
52 29
22 20
42 10
96 52
81 64
49 38
100 37
52 4
16 13
15 12
35 3
61 27
65 44
84 6
50 48
13 11
50 45
56 13
79 2
78 42
60 30
91 53
7 2
93 86
74 48
65 37
14 11
17 11
41 19
11 6
46 2
20 14
60 59
95 41
57 45
3 3
54 18
6 6
25 11
63 33
70 22
88 36
22 14
10 9
8 5
17 10
99 72
44 37
70 34
5 5
27 10
37 24
20 12
22 19
58 48
26 6
72 45
60 52
64 35
86 60
55 2
9 8
85 9
64 10
18 16
99 53
88 75
7 4
27 2
75 16
82 17
91 30
4 4
20 19
7 7
34 18
16 6
68 6
68 28
87 45
24 2
72 67
85 53
77 34
53 41
24 5
34 12
23 13
54 33
99 5
29 2
55 24
88 64
41 15
85 19
8 7
76 47
95 9
80 24
72 9
2 2
88 37
10 8
98 23
39 35
25 18
88 82
52 49
22 7
94 13
64 7
18 17
88 74
59 34
67 64
72 66
100 40
54 38
38 37
84 58
11 11
96 33
45 21
96 18
7 5
60 44
34 30
80 70
69 28
92 2
71 64
98 11
45 25
69 39
37 18
28 17
47 8
96 85
19 9
47 46
30 10
62 9
14 13
74 24
36 34
100 4
78 59
88 78
26 20
5 5
97 32
92 51
80 71
70 5
61 33
90 81
16 9
100 34
83 73
19 6
19 5
52 36
35 13
49 36
30 15
36 19
100 81
12 3
80 28
10 7
55 3
25 19
14 3
56 46
25 13
90 29
56 51
96 20
60 33
45 41
40 17
3 2
46 43
6 6
13 12
75 12
73 10
23 15
40 21
44 7
80 3
94 72
99 22
100 35
51 6
81 54
64 62
95 85
89 58
64 58
39 23
45 30
90 10
97 46
36 5
43 40
53 16
6 4
50 3
53 23
19 2
50 5
7 5
69 26
23 16
47 7
5 5
60 23
71 23
32 32
68 67
95 10
36 27
85 49
22 5
24 22
52 32
100 82
38 30
25 19
11 9
18 9
46 24
2 2
12 2
25 20
12 4
8 8
36 30
24 3
66 5
29 10
54 48
23 14
95 43
3 2
49 12
92 34
59 18
38 36
10 3
4 2
54 52
66 35
38 11
92 17
31 21
7 3
18 18
93 11
30 18
89 28
94 77
16 13
60 6
19 6
12 5
7 3
91 62
46 22
99 10
26 8
18 6
59 17
84 52
30 14
41 17
94 80
64 19
77 62
61 37
28 12
78 35
18 3
45 38
3 2
97 26
52 26
37 13
23 6
80 71
65 63
42 33
20 5
7 4
49 38
87 78
83 69
48 47
32 2
32 30
84 62
52 35
74 3
12 8
85 72
80 64
3 3
83 18
2 2
2 2
48 16
72 4
55 54
3 2
19 18
94 86
74 10
32 6
36 32
15 7
40 30
90 25
73 54
41 33
69 5
77 23
73 41
16 10
47 25
72 31
71 59
54 6
48 39
78 11
9 4
32 11
72 58
77 32
37 11
28 20
16 7
18 9
69 59
31 23
56 32
72 62
86 61
62 41
57 21
23 17
22 13
86 70
90 11
51 3
52 49
70 28
97 91
72 70
50 5
68 63
26 6
83 31
43 2
3 3
92 86
57 47
4 4
85 80
49 7
58 23
64 61
3 2
35 13
17 9
87 39
16 15
68 8
42 17
36 8
31 7
62 59
17 15
11 9
15 4
83 79
30 13
30 13
55 22
99 44
63 5
93 92
16 14
100 43
33 29
59 32
40 22
55 22
15 9
28 11
15 11
22 22
17 14
80 48
83 73
10 9
96 58
26 8
36 4
57 49
43 10
76 28
48 27
65 5
66 2
39 9
22 22
39 5
71 12
70 12
39 14
64 49
4 3
53 52
81 47
99 73
49 15
9 4
11 3
79 21
88 84
85 13
68 53
20 3
7 3
17 4
69 59
38 25
90 74
43 24
12 5
48 2
59 21
64 45
9 5
77 40
88 66
78 53
82 56
66 33
55 4
31 30
88 44
86 34
65 40
67 60
24 4
33 16
13 11
91 60
7 5
3 3
34 26
16 9
88 76
49 48
22 5
69 42
65 63
12 10
96 81
21 21
69 58
89 35
80 29
38 16
89 67
4 4
24 2
36 13
7 5
27 27
14 6
87 43
76 54
26 11
84 84
44 10
37 8
46 5
93 44
26 15
84 56
39 19
59 22
64 40
53 42
39 38
16 2
98 56
41 27
58 58
48 7
18 5
41 25
36 33
3 3
42 15
85 51
55 32
60 32
83 59
40 34
30 25
27 6
56 5
69 65
77 11
21 20
10 2
91 4
3 2
72 53
94 49
53 39
67 62
49 45
58 27
75 32
95 91
24 8
71 19
2 2
98 92
43 27
57 34
53 15
36 26
45 22
27 9
73 40
8 4
79 54
57 30
92 90
37 22
27 4
42 33
69 30
30 15
69 40
84 39
69 42
77 23
7 6
45 30
40 11
89 64
24 19
2 2
62 23
48 45
17 3
48 19
46 28
31 22
73 66
27 3
67 9
3 3
62 62
37 29
19 15
2 2
28 5
99 48
80 51
86 17
64 17
73 10
14 7
37 15
2 2
94 36
41 27
51 9
60 36
19 4
25 4
84 43
27 19
46 8
68 4
3 2
71 22
54 42
79 3
76 47
49 39
79 5
10 9
96 71
85 32
23 13
28 8
83 81
58 11
76 15
43 29
11 3
100 62
14 2
75 19
99 76
83 38
89 52
30 2
23 2
49 9
63 56
35 4
66 63
8 4
54 35
88 37
18 13
87 48
62 11
71 8
62 35
33 15
3 3
13 13
89 55
98 15
29 11
66 45
93 14
46 9
30 16
26 6
7 6
57 23
91 49
21 11
13 8
45 32
25 15
65 12
61 23
66 65
90 21
50 18
2 2
51 26
65 39
19 9
70 38
54 47
68 67
85 29
80 15
81 47
90 27
32 25
13 4
33 3
6 5
11 2
78 25
15 7
67 17
39 31
48 7
95 33
70 29
81 40
53 16
23 7
21 2
41 9
94 30
40 30
89 60
27 7
5 2
7 3
83 62
25 7
89 85
59 15
33 11
62 19
29 27
98 97
19 10
29 22
9 7
2 2
27 6
85 5
37 4
40 14
89 12
98 19
61 34
95 21
49 46
7 3
28 20
6 5
74 60
86 82
33 30
22 15
60 9
16 6
54 48
18 7
77 61
49 35
11 6
62 6
52 2
77 15
58 27
24 9
93 25
100 52
96 96
36 7
72 4
38 16
86 33
74 35
62 57
73 49
20 13
60 18
21 7
86 64
96 71
100 25
64 55
95 4
63 30
69 22
62 19
73 48
52 38
34 6
63 43
81 11
34 15
92 64
86 18
59 17
66 10
78 25
90 8
79 51
89 12
20 4
57 2
92 91
38 22
93 69
69 64
50 17
91 64
40 36
84 74
58 20
42 4
96 6
46 2
27 17
66 32
46 27
66 15
50 5
77 17
11 2
39 16
23 19
94 91
56 45
3 3
13 9
74 63
72 38
33 22
50 50
77 45
55 47
32 28
38 31
26 16
91 68
76 12
39 11
38 28
26 19
4 2
36 10
65 46
71 69
81 56
16 11
99 92
68 19
20 3
32 3
73 15
56 16
38 37
22 22
92 72
94 70
32 11
8 6
80 38
56 39
79 53
45 32
44 14
55 9
41 27
86 41
32 32
73 29
55 8
15 4
68 49
39 6
7 3
45 31
20 11
84 82
55 31
79 15
15 4
58 25
76 15
69 5
48 16
84 52
70 30
91 44
63 8
55 24
29 29
78 12
6 2
69 23
82 33
61 57
9 9
80 24
93 36
27 15
32 32
21 5
42 33
17 5
15 13
12 8
57 20
87 30
65 4
2 2
17 9
53 43
16 3
44 18
71 25
19 8
45 10
16 4
40 16
39 21
36 19
67 47
37 9
65 44
48 40
45 28
100 77
60 24
43 16
85 73
75 55
13 4
95 60
22 15
79 24
3 3
4 4
82 34
54 16
42 42
26 21
24 4
63 26
95 37
37 28
19 8
29 7
31 29
72 47
64 20
86 23
48 18
17 14
78 67
11 8
3 3
58 11
52 12
45 30
97 56
78 42
60 53
95 10
33 16
69 25
58 28
4 3
41 34
9 4
8 8
90 69
69 53
3 2
46 38
44 10
100 32
82 31
98 66
26 12
33 18
73 17
79 24
14 13
55 18
6 5
30 21
52 48
60 42
5 5
82 47
16 10
35 12
28 27
71 39
40 17
70 16
64 58
76 9
57 9
77 73
97 9
72 4
94 87
48 14
49 49
98 28
15 9
68 27
16 9
76 68
74 7
63 8
56 20
75 5
32 2
73 33
67 44
28 18
86 60
72 53
38 38
5 3
65 22
11 2
40 12
96 56
76 57
14 13
56 10
87 38
35 23
92 59
3 3
62 9
42 6
68 46
54 54
88 41
37 30
51 12
12 9
51 14
22 7
49 23
35 19
2 2
33 16
51 24
72 62
72 50
45 44
9 7
56 20
81 5
11 4
4 4
40 8
3 3
3 3
75 8
85 4
79 25
50 41
61 58
21 17
86 12
78 58
79 33
83 56
75 39
54 13
49 15
51 47
33 30
10 10
82 33
76 75
72 28
68 25
31 25
56 36
81 77
24 6
74 44
51 39
81 20
75 44
52 19
35 16
38 20
16 15
56 17
28 28
34 32
68 34
64 30
96 86
77 62
79 49
42 34
26 16
54 53
98 77
85 14
62 32
91 60
27 11
8 7
94 33
37 28
71 42
90 40
77 74
55 9
83 64
68 16
79 21
67 35
18 10
18 10
79 50
69 16
31 18
27 8
24 10
97 41
3 3
47 8
56 13
15 13
3 3
93 26
76 38
96 11
14 10
60 8
84 59
37 7
15 2
17 7
97 78
10 7
40 14
43 25
83 14
99 17
61 34
66 22
4 4
8 6
20 8
56 5
22 4
74 49
40 24
47 23
20 11
52 52
19 12
78 15
73 64
72 3
82 15
77 9
24 7
97 73
3 2
67 15
17 2
39 39
50 10
25 17
29 5
40 23
61 12
95 14
62 48
27 21
18 9
96 52
10 5
65 42
40 30
29 15
87 33
90 35
75 4
70 32
27 16
44 9
59 3
16 13
4 2
18 18
47 47
89 85
92 30
58 4
9 5
36 6
28 24
49 20
86 86
82 17
67 9
13 4
62 59
3 3
61 26
72 33
78 59
35 19
2 2
38 33
2 2
33 21
25 21
37 32
29 24
15 12
9 3
96 61
89 30
28 4
91 3
66 8
89 27
32 8
13 5
15 12
23 16
89 69
46 40
54 51
30 22
17 6
15 6
7 7
47 30
59 57
97 50
48 41
45 33
51 5
94 80
59 58
92 4
100 100
6 5
27 15
4 4
34 23
59 32
56 6
81 37
60 13
5 4
85 79
9 5
42 27
9 3
56 43
100 82
57 35
81 57
88 28
34 2
78 3
50 23
7 4
96 2
20 19
19 8
89 28
43 8
79 36
22 7
97 18
65 54
17 17
32 20
33 32
91 19
17 3
71 66
63 21
83 4
93 28
34 29
20 4
39 16
63 5
11 11
89 87
62 16
33 31
21 7
97 10
46 5
12 11
87 62
91 2
3 2
33 28
54 5
38 36
45 15
19 11
98 96
16 12
78 55
84 62
75 7
68 68
25 13
5 5
97 40
76 13
55 5
73 52
30 24
37 14
38 21
21 18
72 11
4 4
5 3
46 13
16 4
45 30
37 3
50 25
64 19
75 57
17 11
99 96
80 62
70 56
35 13
45 45
29 7
12 9
14 11
59 28
26 4
64 19
95 81
69 4
43 26
7 7
74 48
10 9
42 3
52 39
40 36
58 56
82 42
76 60
65 10
61 13
53 46
47 2
25 19
38 21
53 9
78 15
2 2
68 23
44 8
57 24
15 6
57 38
98 63
48 46
30 22
73 14
67 13
5 3
77 21
11 4
48 18
100 68
42 18
77 14
79 40
33 18
32 28
71 71
7 7
96 45
53 45
95 37
14 2
67 32
92 53
96 14
4 3
44 34
96 62
23 7
34 34
75 3
51 45
31 18
99 24
64 30
21 4
82 29
19 15
79 28
50 7
30 19
59 15
11 2
7 7
57 28
16 3
24 23
60 5
4 2
5 2
100 82
6 4
84 70
43 5
34 28
17 6
12 5
18 16
92 35
18 2
29 15
9 8
95 63
5 3
94 37
30 17
81 63
62 55
19 3
23 20
55 19
29 11
39 15
17 14
83 37
57 19
94 8
7 6
92 91
41 21
22 15
30 19
89 43
20 19
28 25
5 4
28 12
80 48
5 2
16 10
67 13
51 46
12 7
62 21
94 39
100 59
53 33
81 3
80 34
89 62
79 5
69 16
80 18
93 27
27 7
67 23
71 14
13 9
29 22
96 48
83 59
9 5
28 27
83 55
58 33
86 31
8 8
73 54
48 48
60 19
90 21
58 48
59 14
83 51
37 33
7 2
72 60
12 7
6 3
40 11
12 7
49 36
14 12
13 5
10 9
59 36
76 75
80 32
50 50
33 18
76 8
12 4
6 2
21 5
30 22
48 10
37 34
90 70
94 13
30 12
75 4
39 26
61 53
36 23
12 12
42 15
59 41
36 20
47 42
92 23
69 26
68 5
15 14
93 22
31 4
31 20
74 22
35 22
76 4
3 2
72 42
37 26
47 24
55 28
62 26
24 16
88 35
25 18
62 17
81 12
82 53
3 3
9 8
93 66
32 7
51 45
4 2
43 26
85 57
91 5
48 30
16 8
31 9
93 3
52 32
52 51
51 16
8 3
29 23
7 6
51 21
74 55
55 23
84 66
86 40
36 4
62 45
63 57
82 17
67 33
35 13
85 18
88 10
2 2
99 16
36 17
24 6
41 24
20 12
14 5
58 17
96 74
23 16
7 4
66 20
8 6
92 67
77 6
71 65
33 13
63 10
83 43
7 6
71 70
10 4
53 4
5 4
74 15
79 51
44 6
72 20
64 32
9 7
93 80
89 7
14 12
35 31
55 21
52 40
90 88
10 3
70 12
55 30
92 25
42 33
84 10
16 7
67 42
98 50
57 46
82 79
20 14
32 20
39 13
9 9
5 4
53 42
73 62
76 10
9 5
52 44
94 81
37 28
52 4
96 20
61 40
3 2
90 84
20 18
51 3
79 54
66 47
17 11
11 3
60 43
44 18
12 7
98 71
43 4
35 28
68 43
44 37
52 28
17 9
95 73
65 18
75 66
50 5
67 24
64 23
82 4
13 7
54 10
49 37
37 15
49 10
52 51
67 26
63 40
7 3
29 8
83 66
21 20
53 39
32 31
39 25
39 9
92 77
44 30
97 50
18 3
38 17
6 5
67 60
30 5
49 18
9 2
36 28
19 19
48 21
69 47
85 8
68 58
83 65
65 28
65 61
80 36
50 32
47 36
9 4
59 7
26 14
96 76
23 18
27 2
18 10
98 11
94 87
17 4
61 10
74 20
19 14
45 37
97 22
67 27
38 9
25 8
94 15
32 25
31 19
98 83
4 2
70 57
44 18
15 15
53 43
88 69
7 3
69 28
44 33
47 43
76 40
55 52
64 51
68 67
87 20
83 80
16 7
66 14
52 21
30 29
91 52
15 10
23 13
65 29
70 18
28 4
15 9
57 43
8 3
49 19
65 52
97 95
98 55
29 22
82 41
26 5
60 48
91 8
2 2
41 19
67 12
82 5
84 57
80 2
32 12
78 60
19 4
12 10
43 40
20 19
10 8
91 3
48 5
30 28
35 2
42 23
89 27
44 2
91 20
53 28
66 58
62 27
19 4
34 12
79 4
44 3
37 25
82 26
66 60
89 59
55 18
27 21
67 58
19 10
53 53
87 27
16 3
84 26
35 4
68 33
14 8
67 22
83 61
50 45
31 13
3 2
98 82
74 35
41 17
90 56
15 5
74 26
95 27
14 3
36 22
3 3
45 36
45 37
9 6
30 2
80 18
21 17
54 34
35 30
68 9
86 39
79 39
18 18
38 8
67 44
19 5
62 30
7 5
64 23
100 63
7 7
75 21
68 42
97 35
9 9
58 47
94 11
78 11
18 13
44 17
35 8
67 42
10 10
83 70
43 29
75 73
49 3
93 72
59 44
4 2
67 67
42 10
51 13
42 5
53 49
3 3
96 14
6 6
91 58
94 84
60 43
36 21
51 6
52 45
68 13
63 40
3 2
27 2
48 11
70 8
16 10
25 24
22 20
57 32
50 12
23 22
55 40
38 35
73 45
73 44
43 39
90 29
90 5
71 20
84 11
38 37
64 45
44 2
82 23
90 2
36 34
85 37
28 19
70 52
84 52
55 19
79 44
33 9
73 72
39 13
61 61
72 12
53 22
28 14
52 46
15 14
13 3
80 41
22 13
33 30
95 66
35 10
46 45
20 10
48 40
86 82
11 7
87 9
74 5
8 3
24 24
38 21
81 64
23 14
58 11
25 11
26 13
26 13
2 2
96 47
78 4
92 6
26 19
14 7
33 13
66 54
92 22
26 8
10 2
67 60
2 2
3 3
49 40
63 31
77 50
20 6
65 10
12 11
31 2
5 3
71 43
4 2
43 40
72 32
20 7
15 6
65 7
51 5
47 39
58 55
82 38
21 19
93 33
79 52
11 3
47 45
11 11
59 41
91 87
70 26
30 2
88 85
6 6
54 38
15 11
32 28
11 6
54 33
85 49
36 19
11 7
51 9
32 5
89 37
27 16
70 38
95 32
5 5
28 7
53 50
96 73
23 6
92 21
37 14
18 7
85 23
78 22
31 31
48 11
61 43
86 53
92 64
27 11
55 2
51 14
88 14
9 8
79 64
14 2
10 10
5 2
54 31
51 44
12 7
73 48
46 6
39 28
15 11
100 53
71 13
2 2
99 19
17 4
84 11
9 7
70 9
56 19
44 2
97 13
47 2
71 71
50 27
84 27
72 69
19 8
72 51
49 27
42 41
70 46
67 26
72 17
33 20
8 8
96 12
47 31
48 47
60 17
31 19
95 23
41 19
21 9
87 31
24 13
24 18
85 82
55 51
2 2
52 22
78 24
41 34
31 5
54 42
83 73
10 3
23 18
54 18
30 2
22 17
17 17
57 47
74 58
92 80
83 76
11 8
49 7
87 12
99 24
74 53
51 32
83 2
89 77
44 29
7 6
32 12
21 20
36 10
86 64
87 13
77 15
49 40
89 13
39 15
76 31
5 3
40 16
30 8
50 15
88 58
37 19
38 24
7 7
70 6
72 66
99 15
62 2
36 17
31 20
16 3
74 54
81 78
81 59
32 32
49 17
59 46
15 2
36 27
100 60
11 4
85 47
23 15
77 49
51 51
88 45
36 11
67 47
86 6
32 2
94 20
62 13
90 59
35 3
73 64
65 58
24 3
10 5
15 7
35 6
49 33
3 3
6 2
31 3
54 5
97 4
86 37
26 11
69 38
25 5
90 13
77 62
46 34
37 37
26 5
37 24
95 88
80 60
12 10
2 2
64 54
27 13
11 3
78 3
40 32
42 23
62 53
74 66
13 13
26 26
41 37
87 10
72 66
25 16
17 3
47 11
54 29
76 27
34 26
48 46
63 17
93 15
97 33
42 27
17 7
19 19
38 27
10 8
72 11
35 14
6 4
83 26
43 6
16 15
45 16
94 39
40 38
12 11
86 57
80 25
50 31
95 76
46 6
58 4
75 32
35 27
85 43
41 3
37 2
35 20
26 7
38 25
41 15
13 11
65 31
38 8
62 30
3 2
82 29
89 6
19 6
86 44
97 13
69 56
58 21
66 61
5 4
30 19
82 75
21 20
22 20
36 31
72 28
70 7
33 30
50 27
10 10
35 10
88 59
20 6
81 20
38 32
78 68
82 37
21 10
27 15
37 32
15 8
57 46
37 31
100 33
59 11
25 20
34 28
56 34
34 27
27 25
57 2
73 68
39 29
70 51
6 5
38 4
87 34
22 21
25 25
98 26
43 13
86 5
33 25
91 3
14 10
84 82
85 68
14 8
74 70
15 9
57 29
91 6
86 2
99 47
35 5
86 19
54 24
57 12
94 43
3 2
34 5
2 2
39 20
70 34
53 15
95 81
31 24
11 8
17 17
93 38
40 17
17 4
11 6
28 10
89 73
25 15
88 75
95 87
30 28
7 4
71 19
41 7
60 59
2 2
3 2
64 56
33 31
23 10
45 30
18 12
55 25
93 72
3 3
70 2
49 24
50 24
56 50
61 38
4 4
92 25
70 60
100 78
90 52
14 12
50 46
33 10
13 10
13 4
4 2
70 7
71 6
50 25
95 87
12 7
86 9
75 9
77 5
90 77
85 85
91 61
79 65
90 73
91 55
62 3
79 68
27 7
96 88
61 50
9 4
18 14
30 24
76 24
71 11
9 8
86 9
92 88
76 44
24 9
75 13
44 36
37 20
70 48
33 5
89 73
5 3
4 3
22 21
27 3
31 13
82 67
99 24
5 2
28 23
77 22
44 29
65 53
56 42
59 48
43 35
87 72
65 18
51 45
5 2
56 17
95 44
31 26
44 3
21 7
98 55
41 5
73 48
14 4
77 59
80 63
15 12
76 58
91 60
99 8
17 2
23 3
36 20
38 12
47 22
27 2
96 14
45 30
6 2
24 18
2 2
49 36
44 35
7 2
16 4
29 8
5 4
95 69
54 24
4 3
3 3
2 2
20 17
77 3
79 23
11 2
20 15
50 10
40 26
97 48
43 26
6 2
98 16
48 48
83 33
44 24
88 80
58 8
27 25
54 29
87 40
65 51
8 2
55 4
61 3
44 9
56 20
37 33
54 52
76 38
6 6
57 46
8 7
32 8
78 16
32 25
31 24
30 20
77 50
6 2
9 6
34 6
81 43
46 17
76 67
40 27
87 11
28 13
83 58
34 24
25 16
71 7
24 16
52 33
84 72
100 47
91 9
48 3
6 6
26 12
13 11
33 21
61 58
69 8
40 24
85 15
48 10
56 16
30 8
31 3
4 4
67 54
44 14
72 28
6 2
27 19
7 5
13 7
56 34
93 10
22 11
54 4
32 10
57 51
55 45
41 6
53 39
32 24
96 94
73 20
19 4
40 15
22 12
18 3
38 7
12 5
45 19
59 50
79 42
61 57
14 7
9 8
99 69
61 57
75 50
64 53
26 20
2 2
81 67
33 17
45 45
22 15
75 51
25 18
25 11
37 25
74 3
94 5
53 44
55 54
3 3
68 40
56 8
18 14
41 31
65 18
47 45
21 21
62 2
56 32
34 9
69 8
14 8
81 68
2 2
66 23
26 15
55 36
12 2
6 4
86 18
85 79
4 3
5 2
22 13
34 4
4 4
83 26
92 19
98 18
47 28
5 3
71 29
46 26
14 6
86 84
53 27
57 32
6 2
68 29
37 4
3 3
21 13
21 18
38 6
85 67
40 22
79 13
66 35
67 62
15 5
92 26
2 2
78 24
75 16
93 7
45 20
58 46
45 19
22 8
44 22
16 10
33 2
16 5
29 12
96 76
69 17
14 4
18 9
69 28
95 41
61 51
50 17
72 70
84 52
26 20
88 43
68 57
10 7
50 35
20 16
46 22
92 14
10 6
13 6
14 9
80 26
51 31
52 45
68 9
90 4
42 40
57 44
44 29
44 4
76 65
37 34
33 11
89 9
56 33
76 16
71 58
34 14
100 76
76 26
33 2
34 34
66 7
32 6
66 26
12 3
75 71
45 12
84 70
38 10
69 51
12 10
41 4
62 58
87 37
85 51
58 40
46 44
23 5
49 48
34 18
78 75
97 44
92 2
74 56
64 44
52 4
59 6
10 9
3 2
35 14
67 57
17 8
2 2
93 65
41 10
97 60
12 7
63 17
7 3
28 4
67 36
19 18
84 38
4 4
12 10
36 26
64 49
28 18
53 49
13 13
77 14
42 16
69 7
9 6
57 23
5 5
7 3
58 27
78 67
25 6
48 48
53 35
56 54
62 28
67 4
19 6
82 79
86 59
40 21
81 64
63 42
28 22
44 12
70 67
40 26
39 29
72 4
7 4
89 87
83 23
88 63
49 18
18 12
72 69
44 18
33 3
57 5
43 6
89 33
42 6
93 93
92 49
52 37
74 19
94 77
31 28
34 17
52 7
99 50
5 4
33 13
9 7
9 3
100 98
26 23
30 9
47 30
20 7
52 17
4 4
80 51
25 15
52 10
92 23
40 29
11 3
77 73
58 25
83 30
73 69
26 14
89 57
17 17
65 8
3 2
58 17
28 10
90 18
81 47
5 5
47 33
64 33
50 42
71 48
43 43
27 12
64 50
92 48
15 2
66 16
77 46
25 18
9 8
17 14
21 2
10 4
37 26
20 14
26 5
37 3
4 2
73 12
76 5
51 43
8 6
36 32
40 3
24 5
66 37
15 12
42 34
98 28
10 8
66 53
98 7
60 31
89 76
35 20
87 57
93 8
29 12
10 9
27 4
16 8
23 23
59 16
36 34
90 60
61 61
85 83
23 12
86 62
9 6
39 20
95 19
30 22
49 7
28 26
52 19
31 31
84 64
30 22
95 28
74 57
54 50
64 18
96 51
89 62
77 64
35 22
18 16
16 2
52 43
70 26
15 11
45 37
65 22
58 55
4 4
72 51
6 6
41 4
8 7
71 11
95 59
77 43
73 38
18 17
59 10
34 28
21 11
86 11
63 38
39 29
16 5
13 2
70 69
18 13
92 70
21 17
100 45
43 24
83 63
77 33
58 5
79 41
90 66
58 20
14 7
43 8
65 2
16 4
40 34
72 61
2 2
38 34
55 42
43 26
76 64
18 4
62 18
48 14
92 87
4 3
48 7
51 19
70 61
25 5
49 14
92 70
75 37
39 34
18 2
40 14
65 49
20 13
10 9
16 4
97 89
82 64
52 35
49 34
97 71
87 74
98 83
42 28
44 42
80 36
84 73
84 64
82 55
51 11
6 4
34 11
78 66
7 3
49 35
86 86
4 4
62 38
39 35
7 3
40 3
35 30
64 21
25 16
91 48
20 17
22 17
64 24
97 54
63 42
17 7
76 41
30 10
77 36
63 48
7 2
97 97
16 4
74 34
27 12
87 70
91 82
43 39
73 22
37 3
79 41
70 8
25 16
95 79
65 44
89 85
26 5
29 11
93 43
28 8
66 29
55 45
31 14
74 72
91 8
92 32
69 26
21 2
60 44
10 7
81 31
56 54
99 56
60 58
67 37
92 22
77 60
81 38
60 52
34 33
71 39
9 2
87 79
34 14
28 8
8 4
27 5
3 3
39 12
66 4
6 4
73 69
92 64
43 11
30 15
36 2
70 67
3 3
75 35
13 6
71 61
49 30
72 39
18 9
36 11
65 47
93 89
30 4
90 78
89 61
31 16
90 43
39 18
81 78
73 14
15 15
22 17
20 11
75 38
45 34
99 31
24 13
56 10
59 5
14 5
19 15
29 4
16 14
21 3
83 11
79 60
35 35
74 34
83 24
34 30
53 22
49 9
81 27
76 10
13 6
56 3
31 30
13 13
2 2
52 49
66 19
3 2
23 14
92 46
6 2
74 24
48 27
9 5
96 26
36 9
79 4
46 46
98 10
46 33
29 15
45 5
72 18
27 3
94 39
98 53
54 10
10 6
61 55
95 58
71 59
16 13
73 73
17 7
2 2
62 54
91 86
22 7
80 66
47 5
33 19
25 19
74 28
52 12
20 9
90 32
85 38
42 22
34 8
82 76
5 5
23 3
38 31
80 49
54 41
57 42
75 75
50 50
96 7
54 41
18 13
67 3
62 33
52 2
67 4
91 52
91 18
18 5
66 52
82 3
6 6
55 20
26 2
63 10
29 21
14 14
33 11
34 31
15 6
41 34
75 44
97 20
65 56
7 6
58 24
53 14
20 6
62 11
84 47
29 24
23 8
98 63
22 6
21 13
58 58
44 20
27 21
6 5
84 28
36 33
91 53
57 32
59 42
57 18
18 3
5 5
8 4
46 4
54 19
63 36
27 21
13 3
45 37
84 43
73 29
80 28
40 32
18 3
71 42
64 43
6 4
70 67
39 19
10 2
37 8
89 75
57 35
56 11
78 52
37 22
41 4
84 54
15 15
10 4
52 47
89 39
77 26
11 10
96 50
13 5
15 12
79 5
17 14
24 18
54 20
88 6
16 9
21 20
11 5
100 67
70 51
26 15
75 12
4 4
16 8
48 31
45 42
59 25
92 40
64 12
83 43
98 17
57 51
20 14
60 50
22 11
72 21
94 23
21 12
90 46
22 8
83 42
23 16
36 36
15 13
42 21
73 46
61 48
15 11
11 10
50 24
97 51
89 17
16 7
48 25
35 30
100 61
10 9
39 33
92 76
91 63
33 11
68 30
80 65
81 19
51 31
5 2
28 28
31 8
9 4
58 46
76 75
98 78
51 15
51 16
92 90
16 6
87 57
96 75
19 12
98 32
56 2
44 31
64 35
78 45
79 45
89 22
64 40
93 42
26 11
30 24
46 14
29 20
79 15
94 4
37 11
10 5
52 27
43 27
80 75
74 45
74 10
35 2
94 86
94 52
15 8
25 5
44 31
62 61
16 9
53 37
42 36
19 5
81 75
14 7
96 38
92 10
56 7
83 75
27 27
71 64
22 3
11 6
12 8
90 88
56 53
59 59
46 11
61 7
15 4
93 26
84 28
55 37
86 61
90 73
60 3
25 23
67 5
58 3
79 73
78 51
76 11
66 60
30 15
4 2
92 53
16 13
79 70
69 56
38 26
78 74
81 65
75 58
99 16
63 19
87 64
80 67
51 27
24 20
21 11
32 15
13 12
39 6
80 22
90 44
29 6
82 3
29 14
86 60
37 22
18 14
23 15
94 10
25 20
36 14
80 21
75 17
2 2
59 17
21 19
6 3
76 8
46 37
5 2
12 10
55 50
80 38
94 63
38 18
29 11
44 19
22 2
41 31
26 19
68 67
85 74
91 65
96 56
9 9
74 2
94 31
29 21
35 26
5 3
88 40
23 2
85 82
92 65
21 10
97 62
42 32
93 53
39 39
75 24
35 3
96 21
22 9
20 7
32 17
89 27
84 54
36 9
52 49
33 5
14 9
69 45
64 54
98 47
46 43
3 3
85 19
93 68
87 19
100 87
47 8
49 35
78 11
55 16
44 5
76 19
4 2
22 18
44 11
6 4
83 33
62 33
87 25
22 2
41 3
89 78
93 4
6 4
59 45
95 5
74 38
61 53
40 6
23 12
86 63
95 43
24 15
13 10
23 16
89 59
39 29
45 30
97 17
16 16
100 88
71 58
6 6
48 32
40 16
80 71
51 32
71 56
100 9
53 13
81 24
10 2
81 78
25 22
93 48
29 29
25 4
95 35
43 8
3 2
16 15
60 37
47 42
29 6
54 9
40 23
37 10
30 22
87 78
32 2
82 20
29 4
56 50
68 53
99 57
100 8
23 5
27 25
55 2
98 14
22 8
46 13
30 17
37 24
49 10
22 13
78 58
22 18
79 22
59 35
14 11
64 7
89 16
73 26
35 10
33 29
77 50
9 6
96 45
47 24
7 2
25 12
4 3
77 73
40 4
95 84
20 10
9 4
51 25
79 44
71 43
89 31
9 9
57 20
11 11
4 2
15 14
82 67
76 3
41 28
85 30
4 2
48 35
42 3
86 73
65 17
4 2
89 76
81 54
32 7
88 81
9 9
76 40
52 46
98 93
68 21
53 27
79 10
95 41
94 63
35 13
9 5
50 29
64 61
5 5
14 11
25 4
74 73
26 5
61 4
22 15
78 35
82 48
93 63
14 4
72 29
38 4
86 34
42 15
33 10
77 39
17 3
81 42
47 22
29 22
7 5
40 5
8 3
32 22
69 57
50 22
4 3
73 54
33 21
48 26
25 19
59 37
20 20
4 2
78 22
12 2
31 15
26 25
32 14
33 13
75 30
60 46
22 3
86 51
81 49
33 29
45 28
12 12
35 25
33 15
100 29
73 10
87 86
36 31
32 29
36 16
21 15
54 13
99 5
59 22
64 11
16 15
79 38
57 26
85 62
7 4
22 9
90 15
17 5
52 6
23 12
64 43
72 4
26 18
27 15
5 4
100 74
94 6
31 22
8 2
23 3
41 41
2 2
83 58
58 6
6 5
71 27
31 25
25 13
19 8
86 29
9 4
50 44
80 8
42 2
77 30
15 14
24 17
5 5
62 58
50 27
41 12
78 38
80 69
72 47
2 2
13 10
76 20
59 48
80 71
2 2
41 26
11 3
22 4
88 52
39 8
88 14
69 55
9 5
18 10
66 20
56 20
16 12
44 6
3 2
51 3
50 4
34 18
76 74
27 22
33 31
74 56
27 15
56 26
90 52
9 2
98 52
14 3
28 23
21 14
25 21
79 66
33 27
93 20
18 4
56 47
23 9
72 71
59 46
17 6
74 10
91 27
77 77
19 17
16 3
64 13
98 25
14 4
18 3
18 17
86 43
93 85
94 4
27 14
78 40
9 2
16 12
24 24
39 33
94 39
27 14
34 7
25 8
45 37
36 2
82 63
74 15
19 14
2 2
92 79
81 12
56 25
63 22
24 2
31 25
36 34
26 2
21 2
91 25
31 5
53 37
31 13
2 2
66 23
37 20
26 17
30 22
62 38
17 2
82 18
17 4
29 9
87 53
35 8
97 78
25 23
86 67
60 41
17 17
20 18
69 53
73 69
48 36
60 46
93 82
10 4
59 39
72 23
33 32
100 48
58 2
18 16
58 58
93 84
96 6
64 53
89 32
83 79
83 24
16 4
21 21
18 4
49 12
90 55
35 24
90 21
29 7
43 22
25 24
3 2
87 74
75 24
23 19
94 52
87 22
66 16
31 22
79 66
76 5
16 7
30 27
38 18
81 79
54 4
24 21
61 39
52 51
30 28
17 15
35 13
64 8
16 5
49 47
28 11
59 17
35 3
47 31
49 8
28 5
18 3
56 12
62 51
93 38
54 52
24 9
18 4
63 31
35 15
64 2
98 67
15 6
31 28
21 17
49 20
67 53
38 2
11 2
71 24
31 18
70 63
19 13
63 32
4 3
90 61
29 25
46 12
76 41
53 47
8 4
36 20
39 4
3 3
33 24
85 74
65 19
14 10
11 7
93 12
4 3
74 53
88 5
68 59
18 8
47 33
28 18
56 15
69 42
78 36
97 13
50 42
43 27
28 7
2 2
33 23
68 11
45 20
52 39
12 9
12 7
13 10
36 14
70 40
83 23
16 6
89 54
54 34
51 42
23 21
86 34
95 85
72 27
86 59
34 25
54 27
47 46
87 27
9 7
58 25
64 39
3 2
98 67
76 65
92 90
22 4
65 31
85 27
19 11
20 14
17 6
75 42
53 17
5 2
86 45
89 75
64 10
81 53
37 8
85 18
11 10
27 4
19 18
91 31
39 16
79 10
13 8
86 9
87 15
52 17
73 63
36 20
64 63
90 55
22 15
23 7
48 18
24 23
74 21
68 14
22 14
8 4
44 12
47 40
65 53
55 20
8 2
71 67
3 3
6 2
22 10
61 34
63 39
36 21
40 31
55 41
26 4
43 29
96 82
31 5
30 8
64 29
9 7
18 18
17 17
98 78
40 39
22 21
14 14
82 31
29 18
11 11
67 37
20 5
90 65
60 12
65 17
96 6
13 13
41 11
43 27
25 13
14 12
28 28
68 2
37 29
47 7
66 8
32 27
27 5
68 45
18 2
100 58
24 14
95 59
26 4
5 4
77 49
61 58
75 56
99 92
69 4
64 10
2 2
92 92
90 30
48 15
100 29
35 20
55 51
21 19
30 22
65 17
45 37
88 73
38 4
33 19
28 24
14 11
28 19
21 4
62 33
99 10
83 2
8 6
83 28
91 77
18 6
5 5
13 3
70 48
33 7
10 9
4 2
51 16
29 23
87 53
89 82
85 43
14 7
74 65
22 6
86 65
51 23
14 12
32 23
57 36
38 36
99 12
95 77
37 4
78 71
91 64
16 9
73 55
58 9
19 16
84 9
77 56
57 57
99 10
96 10
34 22
21 8
13 10
57 26
54 45
11 11
19 12
51 46
53 51
56 24
94 56
93 6
58 45
36 5
39 18
91 59
66 10
10 8
75 51
79 69
20 11
62 38
66 46
31 15
49 15
37 6
13 7
9 3
69 45
89 50
66 35
44 15
95 7
6 2
13 4
78 45
73 67
59 11
18 16
86 86
49 15
32 27
54 9
32 29
90 55
39 35
15 6
19 11
85 60
99 14
90 23
66 64
30 10
88 21
15 5
4 3
22 3
62 57
86 11
85 73
48 19
78 38
87 65
76 11
5 2
84 78
90 10
10 3
15 7
68 32
10 5
18 13
53 17
39 9
76 40
5 3
90 2
50 35
62 40
3 3
32 24
31 17
23 13
54 39
29 23
89 2
71 63
7 3
80 74
17 12
89 71
50 22
100 5
40 26
69 19
9 3
92 18
94 50
67 39
29 21
66 59
91 61
96 17
56 27
75 73
11 8
20 2
90 82
54 4
94 4
26 4
84 38
5 4
79 22
73 5
30 8
55 28
45 21
23 20
7 5
61 34
14 9
48 23
90 62
78 39
9 5
36 20
33 24
9 2
21 2
65 21
49 3
75 73
93 22
74 44
7 6
66 43
4 4
66 48
69 41
88 3
91 77
15 4
94 15
50 35
56 51
49 18
4 4
82 56
58 53
4 3
47 18
12 3
77 56
12 5
71 10
39 19
71 31
93 62
35 13
96 87
83 7
47 8
77 50
71 5
45 43
4 4
97 29
12 5
92 52
4 4
20 7
89 66
8 6
44 21
45 2
50 50
20 4
51 8
50 24
66 36
79 22
42 28
24 8
56 17
9 8
36 18
22 4
22 10
50 11
25 2
24 3
64 27
26 5
52 30
27 11
60 47
64 16
80 78
5 4
86 40
75 45
55 40
10 7
64 56
91 10
64 46
95 24
68 47
81 12
28 18
21 10
80 60
99 96
72 37
68 49
66 64
73 48
12 11
65 48
84 16
73 51
77 69
97 47
84 39
97 14
55 47
46 13
59 57
51 35
36 6
97 24
35 28
44 25
9 8
71 23
96 5
68 24
49 25
58 32
28 5
87 46
10 3
78 8
92 2
69 11
23 18
30 14
25 17
31 7
65 3
31 8
78 8
22 22
63 6
7 3
36 13
83 67
54 4
77 56
57 56
82 48
66 40
40 4
61 50
38 10
58 9
60 23
47 36
28 4
49 26
92 54
92 42
20 9
33 23
86 76
35 24
62 26
86 86
69 44
62 58
59 52
5 4
13 5
78 44
24 3
88 88
37 4
91 12
62 20
65 64
98 71
71 48
29 29
3 2
43 14
80 36
20 13
50 10
38 17
58 55
66 55
79 15
81 34
44 33
66 32
40 5
78 32
46 43
46 14
62 3
24 21
32 22
76 61
97 25
40 16
77 42
43 10
77 43
10 5
30 5
19 19
16 13
81 70
20 19
38 35
41 20
70 50
26 14
87 35
78 47
31 28
49 48
3 3
49 12
14 6
87 84
38 36
67 13
6 2
58 34
36 29
14 9
66 54
64 48
60 13
23 4
7 3
91 35
25 17
7 6
69 67
94 10
3 2
51 17
45 29
20 2
39 32
83 11
62 62
83 9
74 60
31 31
71 5
74 7
91 25
3 2
2 2
34 3
52 41
57 57
31 22
97 21
70 53
40 28
63 28
83 51
70 37
48 36
13 6
72 7
4 3
88 64
78 10
23 23
57 31
69 46
61 46
77 36
9 5
14 11
82 52
86 12
78 48
89 21
85 22
82 42
23 10
32 32
75 63
30 10
20 18
75 69
18 12
9 8
52 24
63 6
87 13
49 20
2 2
11 3
11 10
65 14
95 70
70 60
52 52
29 12
3 2
45 43
49 11
34 19
59 47
75 49
42 39
91 27
33 18
83 9
35 5
86 46
63 9
69 8
76 30
16 13
58 27
64 63
99 59
18 7
90 50
24 12
35 33
56 37
55 2
49 42
30 28
63 3
93 58
93 8
41 4
21 4
53 26
88 65
80 72
13 5
96 24
23 22
63 60
90 3
65 40
65 24
46 29
76 6
61 31
36 27
35 8
67 15
20 17
31 9
57 38
98 22
88 6
44 36
49 15
93 3
67 57
42 15
35 10
12 12
55 38
47 16
72 59
71 19
17 5
33 27
33 22
55 37
21 20
87 18
98 91
69 30
9 8
93 74
10 2
36 14
42 42
6 3
63 4
54 6
51 32
6 4
36 36
19 18
96 56
23 14
96 80
56 50
68 13
45 2
55 14
91 8
3 2
2 2
26 2
30 20
90 80
18 18
90 55
55 36
50 21
36 16
12 11
32 21
3 3
50 20
93 89
14 10
66 47
99 25
21 6
93 26
63 61
66 35
46 23
40 4
47 31
24 7
79 61
33 24
53 51
49 41
14 2
60 31
93 21
46 9
17 16
28 8
12 5
47 15
89 45
25 16
14 4
29 29
2 2
64 54
39 13
93 16
59 17
23 17
88 75
62 17
49 46
26 9
44 17
14 3
62 6
71 53
49 47
75 37
35 23
19 9
23 23
10 5
40 5
28 23
91 26
22 8
78 17
15 14
65 31
60 53
14 8
87 11
59 44
33 9
73 20
29 8
86 11
76 26
33 22
24 24
28 8
3 3
49 16
56 40
75 9
26 25
36 6
4 4
6 3
41 23
36 21
73 61
43 7
47 33
98 88
52 51
42 4
35 20
84 77
5 4
100 41
61 33
70 32
14 6
28 4
9 4
67 13
12 2
8 5
16 16
35 6
59 31
80 3
7 5
62 27
66 24
4 4
4 3
71 36
5 4
67 65
90 33
78 23
50 23
15 15
46 20
77 74
14 10
9 4
51 14
27 3
93 16
61 24
19 12
2 2
39 26
55 41
81 26
76 69
46 18
100 67
47 18
4 4
48 14
36 12
13 7
48 24
61 11
11 9
13 11
20 5
89 50
66 42
75 16
35 12
50 11
33 33
68 33
41 8
29 10
49 38
35 35
91 65
37 35
9 3
49 27
97 68
34 32
53 51
24 13
12 12
88 51
69 28
17 7
100 43
16 14
49 44
77 53
19 5
52 42
14 12
8 2
85 46
43 20
41 4
36 30
43 38
97 64
98 94
98 51
89 24
20 11
85 58
69 35
29 17
31 29
16 4
79 47
59 28
92 85
86 29
90 10
8 2
60 24
41 40
77 68
11 2
69 32
10 8
39 35
5 5
44 29
24 6
42 2
49 46
39 28
36 26
94 86
5 4
81 16
7 2
57 16
5 4
3 3
5 2
72 44
95 82
2 2
90 74
14 10
64 43
56 38
38 8
83 11
5 4
59 31
78 14
58 50
37 26
63 25
14 7
83 66
47 16
48 28
29 18
29 26
56 12
16 14
60 53
21 8
86 20
96 25
29 24
99 95
28 9
58 40
70 4
85 41
42 41
74 14
100 79
62 57
26 9
48 48
14 3
98 73
95 52
77 17
21 4
70 41
6 5
17 10
10 4
20 3
76 52
11 10
40 12
46 13
87 82
64 40
87 19
8 6
32 12
32 25
89 7
17 7
12 7
3 2
69 19
56 36
54 19
34 30
13 11
99 89
22 12
80 38
14 11
96 7
21 16
71 45
60 44
14 3
37 32
43 22
64 24
34 24
5 3
72 28
74 72
53 22
47 21
64 36
85 9
83 39
37 24
12 8
60 34
64 37
56 49
29 14
53 40
67 50
82 23
59 39
12 5
24 2
36 23
47 6
85 32
44 41
56 33
4 4
7 4
99 6
69 31
3 3
26 9
93 3
50 47
9 6
43 42
28 13
86 31
36 4
98 62
53 29
74 72
8 3
7 6
21 10
14 10
41 38
91 67
66 38
83 2
81 63
18 16
10 4
5 3
89 16
99 34
72 17
100 52
60 49
11 8
86 55
93 3
96 60
90 8
26 26
37 26
60 45
5 2
71 53
10 5
59 45
65 53
4 2
11 8
32 30
88 55
54 41
55 26
3 3
65 16
24 2
78 45
21 5
74 34
26 5
70 34
31 18
33 25
36 11
88 49
74 4
12 12
39 4
36 25
27 27
48 28
69 6
83 30
3 3
99 63
32 14
68 44
25 3
59 46
69 54
19 3
15 7
42 33
43 27
4 2
30 23
32 18
99 19
82 23
79 16
72 67
18 9
23 20
83 17
85 56
78 42
19 13
3 2
43 27
62 35
58 18
65 24
53 7
39 9
43 25
47 26
16 2
40 29
37 16
71 8
31 31
78 31
7 3
51 23
97 71
84 62
88 41
62 16
55 53
93 9
87 62
36 21
84 30
83 55
92 13
70 13
75 29
83 60
38 23
37 8
32 12
21 12
16 11
31 10
66 38
85 82
34 16
98 83
23 13
32 11
26 23
2 2
71 4
94 55
93 45
30 5
91 12
28 9
74 53
28 23
22 9
65 51
38 17
34 9
89 35
97 10
69 67
33 3
32 10
53 12
4 3
34 30
82 24
3 2
53 49
49 36
71 16
12 9
10 8
10 3
21 14
79 9
80 73
83 19
31 7
87 54
70 40
46 22
83 8
29 29
78 77
37 23
83 78
15 13
26 21
11 5
14 2
58 37
25 4
36 21
32 9
83 16
62 8
56 13
22 16
89 88
14 14
97 21
29 12
10 4
88 25
15 2
9 4
31 15
81 80
49 25
42 2
9 3
56 21
59 33
68 45
37 12
7 3
18 5
68 6
31 19
37 19
80 77
36 4
81 42
66 23
50 33
58 34
6 6
13 10
31 19
54 47
11 8
71 39
89 5
64 7
53 25
94 46
54 37
16 10
46 26
33 33
95 91
26 20
28 8
59 33
52 14
59 5
49 14
47 36
10 2
69 3
67 20
22 18
22 6
99 53
36 22
48 38
40 9
34 13
16 11
89 44
79 79
7 7
89 4
81 80
85 16
67 15
22 20
75 64
74 20
12 10
3 3
86 74
26 3
73 63
9 3
52 19
67 58
10 5
85 83
64 37
99 22
73 31
18 17
66 7
66 15
95 7
55 26
77 23
76 56
83 81
45 30
33 15
29 21
83 40
72 33
35 28
98 69
63 29
2 2
84 5
16 6
55 39
2 2
17 11
78 77
35 34
50 24
72 5
87 10
21 16
2 2
17 6
80 23
73 60
77 62
62 38
34 26
96 18
49 43
96 34
82 55
71 4
19 12
77 16
71 33
41 8
53 14
29 18
77 8
100 94
60 58
11 7
25 23
86 54
21 4
5 4
15 4
14 12
74 45
51 16
72 46
29 14
47 2
98 15
56 17
56 50
52 15
25 8
27 7
23 3
51 50
54 46
41 38
68 57
39 26
22 2
5 3
83 33
20 6
66 44
76 23
17 17
54 22
8 6
42 29
64 59
61 49
54 43
3 3
89 47
51 51
55 10
46 5
93 38
77 51
10 8
49 14
44 32
25 20
46 26
94 35
88 75
71 14
22 14
75 48
22 16
2 2
42 40
9 7
79 7
25 12
32 12
73 17
60 37
63 14
23 22
43 35
87 81
30 29
17 13
16 2
24 24
44 29
98 60
39 35
51 7
54 5
3 3
17 6
36 33
14 9
99 33
39 38
14 5
43 42
48 32
27 4
3 3
26 6
37 4
93 6
21 17
56 36
87 64
93 57
85 75
32 3
80 74
68 21
27 17
28 28
38 3
22 9
38 2
81 3
7 4
5 3
61 13
62 30
48 8
69 29
13 12
60 21
48 33
39 38
71 9
6 3
46 25
89 33
17 9
61 23
12 7
39 23
76 2
8 5
30 10
15 11
53 45
69 11
98 20
93 80
11 6
91 20
57 20
82 52
23 11
56 31
52 34
73 29
31 20
51 47
98 94
64 2
73 23
70 41
7 2
38 17
81 25
5 2
23 18
34 5
76 42
56 37
65 16
72 46
79 40
96 23
91 88
33 17
88 24
61 7
31 10
30 7
39 26
34 14
20 19
94 92
99 7
38 11
43 23
40 23
49 29
47 41
83 76
41 9
98 95
68 46
96 2
73 59
29 10
38 26
21 21
95 18
17 5
77 67
73 32
85 31
28 22
75 50
57 45
14 7
52 23
17 10
95 31
53 2
40 21
21 4
36 21
3 2
71 39
49 5
11 2
23 21
93 91
41 5
9 8
28 8
58 11
2 2
74 41
30 26
92 24
39 31
59 22
74 55
79 39
56 10
64 58
47 27
84 84
73 58
30 24
24 19
86 73
92 32
46 23
74 32
84 76
94 31
92 17
33 18
6 6
30 7
51 2
87 19
82 10
18 12
21 15
35 2
62 8
70 6
90 87
74 49
57 27
88 13
80 20
64 63
70 14
88 30
84 71
37 26
18 7
2 2
36 29
70 11
35 26
56 33
100 9
98 41
100 49
21 19
58 12
88 28
88 36
32 11
20 18
23 6
93 43
68 25
55 43
20 3
39 8
5 4
89 56
21 8
31 14
20 8
62 9
48 18
31 18
76 64
91 77
24 21
61 16
89 78
95 70
8 8
69 8
23 5
83 80
37 30
59 54
13 5
8 4
8 6
46 3
95 65
100 78
82 37
45 8
77 27
70 61
92 29
52 32
75 8
5 5
7 2
69 46
43 12
76 60
78 63
67 12
74 50
32 9
87 9
71 45
89 64
47 14
26 18
62 56
14 11
42 32
94 8
18 5
65 19
63 17
52 50
64 9
43 39
37 34
38 8
85 67
36 8
31 9
11 2
18 5
30 15
80 3
87 41
22 2
91 5
71 41
96 95
21 13
43 6
5 2
38 6
23 6
60 30
81 63
96 55
27 25
32 9
30 27
53 48
76 10
62 45
29 3
31 17
40 29
44 41
66 41
43 16
4 3
29 27
25 3
55 23
58 31
10 7
38 31
88 35
32 25
5 4
60 6
38 27
68 66
61 23
73 30
55 16
14 10
83 22
54 10
80 55
24 3
98 55
36 2
88 57
75 10
28 22
85 63
35 4
88 48
21 14
61 45
86 83
94 8
18 11
17 8
42 14
72 44
4 4
63 47
65 27
49 4
57 26
50 15
32 17
10 8
77 28
49 18
66 37
7 3
59 33
68 59
90 16
78 65
58 33
14 13
41 32
73 18
46 20
37 12
32 6
48 35
43 29
47 20
34 25
100 68
17 12
7 4
23 11
12 10
53 23
7 6
84 13
58 49
18 10
54 53
14 9
92 81
29 20
66 42
34 24
99 20
28 7
9 2
17 9
39 31
20 12
11 3
16 2
69 62
82 33
6 5
66 42
51 28
74 14
38 7
4 3
46 7
17 14
47 6
84 49
5 3
76 62
66 33
60 4
79 35
90 63
21 13
83 63
87 87
76 13
94 58
85 24
26 26
48 47
49 25
2 2
43 5
40 40
51 12
94 64
92 92
9 8
66 53
93 85
19 17
43 15
59 25
32 20
3 3
73 10
9 7
8 8
32 11
15 7
80 48
100 24
85 49
44 23
92 79
47 47
30 14
86 27
39 25
71 56
83 35
14 10
74 48
6 5
39 38
86 58
53 31
82 33
83 51
32 8
87 55
87 49
83 74
71 67
25 6
66 61
94 70
77 58
73 9
79 41
92 7
16 13
76 26
49 43
26 13
24 22
6 4
34 17
3 3
20 8
28 9
89 54
35 10
42 9
17 13
100 95
52 2
45 15
70 39
61 38
100 93
53 22
27 15
86 29
13 5
99 13
2 2
2 2
64 17
14 2
12 5
51 20
38 23
62 35
34 28
14 12
56 36
98 9
85 19
79 63
70 63
2 2
37 24
3 2
90 10
56 51
3 3
47 9
2 2
95 31
50 38
65 47
43 41
50 3
24 6
81 55
92 81
91 79
50 35
68 28
65 36
3 2
18 17
68 31
96 19
2 2
10 4
38 32
84 36
43 19
68 24
83 82
16 9
34 27
94 35
96 96
100 96
15 13
23 14
58 17
25 16
24 18
58 25
76 63
11 9
24 13
53 37
40 9
20 7
5 3
20 11
90 17
69 66
70 10
79 43
53 41
90 22
75 6
95 74
59 23
95 83
26 11
96 65
81 49
74 13
83 26
18 16
75 74
5 3
29 8
45 11
82 12
29 27
97 22
71 9
99 88
73 62
11 5
25 11
77 25
10 6
3 2
100 77
28 16
42 22
66 18
32 30
22 14
77 34
31 4
7 3
62 58
39 37
80 73
19 15
73 55
87 49
40 8
35 20
13 13
36 15
98 82
60 34
16 14
51 48
3 2
72 58
17 8
89 2
53 36
26 5
78 76
30 10
84 21
71 71
5 4
14 4
87 27
5 2
55 41
79 65
51 30
93 9
84 76
99 8
17 16
48 27
24 22
61 54
70 11
80 58
83 26
22 10
35 35
36 18
94 83
40 20
89 32
21 4
91 62
29 24
17 5
25 14
17 16
25 5
14 8
34 14
80 38
50 13
13 7
21 8
11 11
83 58
83 8
42 14
98 28
85 18
39 13
91 64
74 65
66 39
6 5
24 3
3 2
66 3
38 24
22 3
44 37
21 14
3 2
99 32
47 22
50 3
85 41
38 25
60 60
33 26
19 11
26 2
79 30
81 31
68 66
68 61
69 18
53 27
98 81
73 14
83 77
23 6
86 8
91 74
89 61
21 15
71 59
70 16
4 3
96 76
89 46
85 41
13 8
83 45
51 16
68 52
18 8
93 87
83 10
75 71
41 8
28 10
92 63
8 2
32 3
15 6
74 4
53 31
76 24
75 23
27 11
44 21
82 36
78 38
34 14
67 63
98 62
54 21
98 91
89 59
14 9
17 4
7 4
88 77
84 17
53 22
21 20
68 40
15 8
88 8
24 18
82 31
97 23
48 6
75 15
87 11
62 16
68 51
86 29
34 24
25 19
43 17
68 32
34 3
74 20
78 49
79 41
90 59
37 3
72 52
54 45
86 46
54 47
54 20
54 9
28 21
78 28
90 64
21 8
30 28
84 76
34 29
43 2
98 33
91 75
38 36
19 5
38 32
59 18
20 10
95 33
34 26
60 53
43 23
99 20
29 15
61 29
72 63
27 13
10 6
46 36
58 52
98 59
60 4
81 43
42 15
8 2
24 24
78 46
79 43
95 27
94 51
26 15
59 35
42 25
11 11
90 33
36 6
63 23
26 22
18 6
29 29
86 75
53 3
34 23
68 23
16 14
91 59
92 41
33 16
57 23
26 8
20 19
76 9
98 20
16 8
58 23
78 2
3 2
44 2
33 32
80 55
66 65
63 17
56 14
5 4
69 62
17 15
39 37
16 16
31 20
53 39
97 3
61 22
79 26
15 8
33 3
76 49
52 34
66 8
70 12
51 4
33 25
99 22
58 53
10 6
44 30
52 52
12 6
67 52
85 57
79 44
26 3
48 36
7 3
7 3
86 2
17 2
84 37
45 44
22 14
86 14
21 17
57 6
23 10
18 7
30 12
19 15
67 2
89 19
21 20
74 63
3 2
41 5
35 10
32 31
67 43
93 52
72 42
74 45
34 23
65 28
50 48
27 15
76 19
43 8
96 34
26 15
80 3
19 18
36 15
93 34
54 38
51 49
67 28
11 7
82 34
23 19
99 88
18 2
65 65
94 57
11 10
2 2
45 19
52 45
26 8
100 100
76 43
98 88
73 61
81 55
11 5
76 25
43 32
48 46
39 9
20 12
51 16
62 26
32 18
86 14
83 18
49 2
62 45
19 13
57 7
10 9
13 6
19 14
3 3
12 10
8 6
26 20
34 20
69 40
93 2
28 7
16 5
89 24
91 33
72 70
14 7
90 86
75 59
69 26
58 43
69 19
62 3
68 68
21 7
5 4
34 30
43 11
46 4
10 7
78 33
92 92
95 89
97 56
61 27
71 34
30 11
65 29
40 5
29 9
26 20
63 54
62 61
88 45
38 16
35 28
42 3
15 7
54 6
88 81
55 41
65 57
83 60
52 42
59 34
14 13
79 50
7 5
39 2
93 76
54 34
4 3
12 7
23 22
11 8
70 37
64 36
69 60
37 16
66 60
14 2
26 17
11 5
34 34
88 51
77 53
3 3
50 10
92 68
73 27
32 21
22 12
71 9
74 39
42 17
23 21
49 12
17 13
77 51
28 20
81 51
90 23
44 27
29 16
24 22
42 25
66 4
100 43
40 9
20 18
44 3
50 40
86 8
57 25
65 21
38 27
28 26
15 5
84 66
54 45
55 37
77 66
37 11
19 10
80 24
18 12
22 7
14 11
86 67
90 11
59 56
10 2
72 71
51 15
87 50
2 2
82 37
59 40
20 19
55 54
54 3
82 16
36 6
34 28
97 28
62 13
2 2
26 8
76 46
44 28
40 31
19 4
53 10
45 38
36 17
55 43
45 7
6 5
75 34
80 58
20 8
8 4
5 5
82 13
29 20
28 24
33 12
32 19
20 19
77 63
76 56
48 41
25 15
23 11
45 29
24 9
46 7
40 5
67 63
13 8
48 44
56 46
56 30
22 13
57 44
47 22
89 5
59 34
63 62
100 74
90 41
84 7
33 4
40 22
58 36
87 47
21 16
96 66
11 2
65 61
74 51
76 19
93 12
34 7
76 75
83 41
15 4
8 4
71 12
83 70
45 22
61 48
51 27
24 7
2 2
6 2
3 3
19 4
93 3
77 28
85 53
59 43
90 79
93 6
74 53
89 89
41 15
55 35
24 17
39 14
57 42
82 21
78 42
30 15
35 14
56 6
80 58
47 41
7 3
50 30
60 23
9 8
41 27
16 7
29 26
38 17
10 3
19 11
60 22
43 2
50 8
9 5
39 9
85 46
92 49
98 11
98 28
81 15
27 3
97 57
78 49
72 33
44 17
87 63
99 47
6 2
29 15
52 5
20 5
56 20
6 6
39 13
64 46
9 7
9 2
68 40
89 59
42 33
61 56
74 40
24 11
84 6
14 6
87 79
16 11
19 4
61 54
55 38
54 22
64 6
25 22
4 2
31 26
49 27
49 22
32 12
41 2
48 45
51 27
53 48
54 24
6 6
73 50
39 28
99 2
12 12
25 5
5 2
76 26
15 9
48 45
9 9
64 14
55 8
86 56
54 53
14 3
80 48
43 6
66 36
95 41
5 4
62 13
97 66
22 3
45 44
73 64
90 64
99 79
95 81
47 8
67 63
78 4
96 30
24 4
50 34
18 5
98 7
72 32
75 25
97 36
12 8
80 25
6 4
46 41
61 17
35 19
72 69
25 17
39 27
32 5
58 3
100 43
80 66
36 13
56 42
56 46
42 26
53 6
73 12
78 7
63 18
92 40
96 35
52 34
94 86
7 6
25 4
6 4
68 56
86 38
95 62
96 85
12 11
4 4
43 9
11 5
73 10
49 42
41 22
35 34
28 22
45 3
22 22
24 10
99 79
73 10
4 3
57 36
28 14
31 29
26 4
74 32
77 43
74 23
78 22
99 18
30 21
60 36
34 21
15 2
43 11
33 18
57 26
81 66
29 26
45 14
34 30
52 40
39 30
66 41
77 41
7 2
16 2
6 6
83 8
14 3
69 13
13 12
29 14
18 9
84 35
43 35
58 36
90 85
24 13
68 21
44 21
80 24
68 62
92 89
30 27
20 20
10 2
76 21
17 11
95 57
13 12
50 2
85 47
70 20
58 5
76 75
39 2
96 88
65 15
72 43
46 13
95 65
56 13
69 42
15 12
90 2
87 8
90 12
86 16
94 38
70 4
61 20
31 16
48 42
69 22
71 59
42 2
84 11
61 34
70 66
83 70
18 18
48 21
58 56
40 18
71 55
78 35
75 52
2 2
38 16
4 4
56 10
65 31
76 57
9 6
23 2
79 73
10 9
89 22
22 20
50 30
60 12
90 29
87 24
12 3
4 3
40 31
34 16
6 3
83 19
55 46
62 19
84 65
50 33
14 10
32 30
17 16
55 10
29 14
65 51
35 33
17 2
35 13
57 16
32 6
11 5
64 35
47 39
47 45
57 48
37 35
67 15
94 42
14 10
93 2
5 3
53 34
71 55
81 35
19 5
38 4
68 4
43 29
64 53
70 61
71 66
94 5
52 41
87 82
86 15
57 6
71 23
3 3
25 12
57 21
28 21
84 45
88 54
100 16
5 2
65 21
38 18
53 41
63 28
100 24
58 3
24 16
18 3
57 17
40 40
18 6
34 31
74 37
96 65
24 19
82 38
97 5
95 51
69 40
52 37
59 57
65 59
75 34
25 3
45 45
60 45
62 44
85 48
2 2
52 7
14 11
28 18
29 2
5 2
43 22
52 7
43 4
90 22
8 3
84 13
61 38
5 4
50 31
76 17
44 5
78 74
20 6
70 5
46 33
60 12
52 21
42 34
86 84
27 20
48 19
92 26
96 9
44 35
31 21
53 33
63 38
21 2
93 50
38 37
44 13
21 12
59 5
41 8
3 3
84 3
2 2
68 21
9 7
54 48
44 19
66 7
99 34
100 37
47 45
75 5
72 44
38 9
34 17
55 21
76 5
42 40
87 59
35 30
97 20
4 2
43 40
19 11
19 11
49 9
94 51
9 7
6 4
68 60
48 3
31 3
83 34
37 28
3 3
97 43
25 14
54 52
100 46
59 37
41 16
15 10
69 67
39 16
27 27
49 27
17 3
2 2
42 37
46 41
29 7
19 8
82 52
31 14
79 45
6 6
65 60
56 17
7 6
90 50
3 2
52 5
4 3
58 27
37 30
80 52
26 19
77 36
82 6
23 6
15 8
5 4
33 23
37 2
44 32
50 48
66 25
25 10
91 27
44 24
20 2
27 6
84 48
34 22
21 16
53 11
32 18
31 31
64 58
14 6
26 24
28 5
18 4
54 3
60 12
36 9
38 20
24 4
68 23
65 40
19 15
26 25
87 73
29 20
63 59
48 20
23 18
50 14
41 11
73 25
43 34
92 88
35 33
32 12
60 29
47 45
76 21
91 68
98 3
59 25
71 48
53 23
42 34
100 33
98 23
9 7
70 34
59 34
38 29
58 36
74 58
54 29
7 6
23 18
84 43
52 44
26 20
6 2
63 16
16 7
37 29
50 12
79 14
22 2
53 28
61 30
27 15
89 50
89 41
15 6
13 13
37 34
60 46
87 32
39 33
94 59
69 22
68 40
51 23
12 11
70 8
92 19
24 11
43 39
71 53
67 12
36 15
100 70
91 40
61 33
29 3
59 33
46 29
51 5
85 82
30 19
87 75
9 6
32 17
86 42
65 15
3 3
43 35
87 39
45 10
65 51
77 32
48 9
89 88
67 6
84 48
18 15
86 27
59 17
49 37
37 37
68 58
19 7
8 6
53 20
13 12
89 76
7 5
98 4
42 12
90 49
11 5
62 4
86 3
45 21
75 4
40 28
73 27
24 19
52 24
69 14
99 97
70 60
82 20
47 40
100 43
87 54
87 51
90 4
32 4
84 7
59 42
52 48
81 5
72 22
30 15
7 7
48 14
54 45
19 16
17 16
87 74
76 12
69 53
87 66
92 61
76 32
63 62
75 59
77 40
99 16
67 62
35 7
9 5
22 19
73 51
100 47
91 3
63 8
71 17
66 53
46 10
13 10
98 2
93 15
54 10
87 82
10 8
11 10
4 4
88 28
93 47
90 13
68 52
23 13
11 4
10 8
54 8
90 37
8 3
65 39
88 63
28 11
63 12
2 2
5 2
4 4
46 24
94 39
86 53
6 6
53 19
87 78
74 73
70 59
35 10
89 47
24 14
18 13
65 51
62 19
96 10
27 13
12 11
32 15
35 9
67 56
78 37
39 16
43 22
64 30
15 11
64 51
70 19
59 25
26 16
34 26
14 12
64 7
20 7
38 11
4 3
32 16
85 76
20 14
68 6
60 8
13 13
4 4
63 23
64 42
74 30
69 41
62 28
15 4
72 60
18 14
73 2
53 17
63 54
67 21
37 8
97 63
55 25
33 13
92 4
62 59
100 87
8 5
97 29
29 7
90 69
75 46
96 31
82 42
44 24
6 6
61 7
91 63
70 27
64 12
97 2
51 42
96 42
29 15
59 45
33 5
97 90
31 5
34 24
88 40
9 9
46 38
20 6
96 43
6 5
9 9
60 47
17 15
15 10
58 11
53 6
75 62
77 20
57 49
13 12
91 9
81 42
11 8
75 7
84 29
81 2
6 3
70 24
96 89
97 3
61 16
81 55
68 20
74 70
89 36
44 12
17 15
64 62
79 21
98 60
78 77
8 8
52 37
43 13
62 30
31 10
32 14
100 58
87 24
35 8
57 17
6 4
41 24
44 43
48 38
15 14
77 33
55 39
15 13
19 10
37 12
49 48
51 9
17 8
31 16
66 36
6 6
83 76
46 13
85 55
94 69
16 10
61 15
96 41
59 17
75 47
49 11
18 4
81 15
78 58
14 14
24 15
67 19
35 2
7 4
84 50
54 20
60 23
15 14
94 64
67 31
45 35
90 7
34 24
31 11
71 60
20 3
89 8
15 2
38 24
90 65
39 2
8 5
90 42
4 4
14 7
90 84
97 53
75 21
67 3
36 33
77 64
79 47
40 22
20 16
54 41
29 18
78 43
59 4
86 32
52 41
79 35
50 26
16 12
81 17
36 13
73 65
4 2
74 55
8 4
12 5
99 63
87 9
22 18
87 71
24 12
82 12
77 32
83 78
73 40
91 37
89 36
77 73
24 10
62 56
32 3
7 5
69 57
83 72
49 5
41 22
74 10
92 21
13 12
68 3
74 44
11 11
9 7
81 75
66 65
81 36
66 11
32 20
83 72
10 5
42 10
67 13
35 3
15 8
75 69
98 56
72 65
66 65
76 10
35 14
9 9
46 39
54 21
72 71
17 9
52 2
2 2
71 21
69 47
74 21
4 2
9 2
17 4
32 22
24 15
98 60
100 92
92 87
70 15
29 17
40 34
7 7
43 10
57 15
66 42
19 17
26 5
32 13
70 65
91 39
26 21
20 18
99 52
21 21
79 64
55 12
3 3
98 61
100 80
57 55
81 25
59 25
84 53
76 12
45 24
34 25
76 61
86 84
59 13
24 10
36 30
79 51
96 16
22 20
86 58
61 51
25 13
53 13
41 41
73 64
66 19
82 75
42 41
32 21
87 48
99 77
79 35
41 22
51 49
75 70
10 10
99 56
85 32
56 9
76 30
29 12
96 41
53 11
67 12
100 50
71 34
27 7
56 55
66 54
33 6
92 10
45 22
19 16
65 39
82 69
15 10
60 26
94 87
43 41
81 65
53 37
69 31
31 7
85 24
10 7
51 28
87 57
23 6
6 4
62 11
27 14
41 9
100 49
44 2
37 27
91 16
20 13
60 25
88 53
88 72
95 94
35 4
91 72
10 6
34 18
53 6
48 25
30 26
24 4
95 37
59 37
48 41
100 38
7 7
40 31
93 23
76 43
27 15
46 45
16 3
76 12
57 42
68 33
58 5
20 18
25 19
51 35
50 26
12 5
26 22
89 8
84 11
91 44
94 40
68 9
53 20
46 21
72 41
44 34
92 13
19 4
4 3
93 18
40 15
39 11
55 11
5 5
23 4
50 28
14 8
27 2
12 12
60 13
80 16
25 23
31 16
50 4
70 65
84 69
79 37
55 14
62 54
46 39
2 2
89 31
27 7
95 26
25 13
88 24
100 90
82 5
73 59
18 14
18 15
73 33
90 81
15 9
47 47
9 8
57 27
46 9
48 13
70 65
86 67
17 3
77 5
52 44
39 15
49 26
47 8
3 2
68 36
47 4
69 46
51 48
4 2
14 12
82 6
81 8
80 43
100 88
51 40
16 11
78 10
17 7
14 13
20 17
97 3
22 13
9 7
42 18
28 15
44 43
77 60
23 10
22 15
24 11
87 60
94 7
15 15
92 49
69 46
65 21
94 28
66 41
99 12
9 8
77 70
70 9
18 18
40 21
28 24
28 18
60 2
56 19
20 19
6 5
90 32
60 46
94 33
48 15
72 16
18 9
60 51
30 26
84 6
54 2
35 33
82 56
97 45
49 38
38 33
26 18
62 8
84 74
76 53
10 10
82 5
41 41
16 7
71 45
83 74
9 6
52 34
97 17
53 3
97 39
4 3
51 27
53 25
86 69
79 16
75 39
93 19
84 70
73 4
71 40
29 4
11 7
78 21
70 64
76 67
48 38
82 34
66 51
69 25
32 18
91 54
27 13
82 51
6 2
35 27
35 33
7 7
31 9
32 15
55 3
25 6
81 43
100 26
55 29
71 36
26 19
44 44
33 30
34 10
96 21
92 31
95 25
52 8
33 8
57 27
88 38
40 11
30 19
16 13
30 18
57 16
32 9
29 12
3 3
58 21
13 13
98 75
73 54
67 48
15 2
23 7
40 5
30 24
31 26
87 64
72 27
79 44
41 22
98 78
73 62
61 60
3 3
37 13
70 46
26 17
96 85
65 14
73 48
69 48
56 34
53 5
51 15
28 17
3 2
95 54
69 23
4 2
49 24
64 17
63 11
80 67
74 18
74 3
56 38
46 18
58 36
35 4
63 38
47 45
47 27
35 30
84 62
25 2
57 2
73 57
11 8
50 17
54 19
37 3
38 22
68 41
94 9
62 36
87 78
48 24
10 2
51 21
12 9
48 14
66 64
83 38
87 78
38 14
47 18
30 30
43 38
86 7
57 3
78 21
7 5
79 73
48 45
51 47
89 7
63 18
38 22
21 19
38 13
55 11
98 79
8 3
77 31
88 44
19 19
87 39
15 14
32 10
13 6
61 24
9 4
56 44
10 5
14 10
64 34
96 18
76 36
68 9
63 39
87 70
98 40
42 13
51 25
75 73
59 28
80 40
76 25
67 59
70 33
34 31
26 2
53 20
82 2
41 41
34 26
34 9
26 17
96 40
49 10
5 5
36 24
97 28
57 23
16 5
2 2
89 7
93 71
65 22
70 38
74 68
97 5
33 5
47 43
49 9
5 4
40 35
84 38
91 33
27 4
34 16
32 19
3 2
25 20
45 2
40 20
60 34
15 11
85 6
19 6
5 2
95 2
39 15
39 34
14 14
77 5
91 3
29 16
56 20
35 7
71 47
43 20
39 21
50 49
30 13
73 28
12 2
86 24
43 24
39 3
47 8
70 69
83 36
77 32
52 52
9 5
31 7
53 28
12 9
21 6
59 5
94 34
79 64
12 12
2 2
17 13
23 5
95 49
13 4
72 11
7 4
59 53
36 25
32 25
93 28
89 11
62 49
71 19
7 4
34 18
19 19
56 18
45 35
30 23
54 39
55 37
43 35
98 41
12 7
68 43
19 14
59 38
94 25
56 3
65 19
73 35
65 54
87 12
78 67
20 12
3 2
48 36
98 58
55 5
33 16
80 65
41 15
90 15
66 15
53 49
5 5
8 8
8 3
92 22
19 3
52 35
66 39
49 33
30 25
97 89
99 56
55 54
86 82
2 2
66 29
71 23
30 21
26 22
38 11
46 24
52 34
18 14
90 3
78 55
25 25
93 61
66 33
67 57
13 12
51 41
26 12
13 11
53 44
4 4
44 9
40 38
66 66
31 28
17 9
49 14
3 2
97 75
54 38
60 48
67 60
84 53
26 8
72 7
18 16
45 35
80 11
93 52
39 3
10 2
12 10
9 4
2 2
92 11
10 6
94 5
29 11
17 12
19 17
50 6
81 24
82 6
97 81
55 16
50 45
54 17
67 25
27 15
45 36
2 2
17 12
53 24
8 4
21 6
48 16
97 10
38 28
88 36
100 37
13 4
11 6
10 3
83 75
20 19
34 28
35 23
84 61
12 4
74 61
27 23
58 47
30 15
66 14
52 44
32 14
100 88
10 7
4 3
15 7
14 5
59 20
31 23
18 10
80 80
31 15
35 15
43 12
38 19
64 38
90 52
30 11
34 13
91 86
50 43
70 62
40 21
96 65
27 24
18 14
91 54
98 5
44 41
51 19
64 61
20 10
61 14
29 11
33 20
8 3
79 61
9 2
52 9
29 16
59 5
40 31
53 14
42 23
40 8
56 20
3 3
93 73
79 24
76 24
81 53
12 11
74 62
72 50
79 10
53 35
51 22
48 22
83 58
45 17
49 42
40 5
6 2
77 11
47 7
11 5
85 22
100 98
63 38
29 26
61 40
15 4
37 31
2 2
6 5
64 9
43 10
68 10
94 29
12 9
48 25
42 20
44 29
20 13
44 7
13 5
54 43
32 23
26 11
44 33
48 6
5 4
75 42
73 47
37 6
51 14
12 8
88 22
73 55
5 2
43 20
25 15
95 57
71 36
9 2
56 28
90 12
73 7
16 12
54 51
11 8
57 27
95 28
64 20
58 34
63 27
15 14
50 32
57 20
14 6
63 38
85 15
6 2
79 41
33 20
93 65
11 7
76 69
39 4
67 33
59 51
35 9
42 17
23 22
33 22
18 11
54 37
92 81
13 3
92 39
24 10
24 10
54 54
33 6
27 11
4 4
71 19
78 15
7 5
20 4
63 35
27 15
98 34
17 8
99 11
31 14
84 13
49 47
39 16
24 11
2 2
75 38
41 15
25 9
48 8
55 23
28 3
21 8
59 36
23 3
13 4
27 15
39 2
23 15
51 14
77 70
58 31
10 10
78 71
66 62
5 4
10 8
24 24
64 34
27 27
71 2
38 23
3 2
11 5
82 65
86 64
12 12
95 9
59 7
40 12
55 50
14 8
48 31
99 67
99 61
91 87
77 30
66 23
99 80
39 9
32 9
75 71
6 3
24 8
43 4
80 43
63 35
70 56
14 12
96 56
83 57
83 47
23 22
52 38
3 2
45 27
100 62
82 35
69 32
11 2
76 46
13 8
76 76
27 25
34 14
61 19
9 7
78 76
97 76
84 79
57 27
95 87
26 13
65 50
85 18
23 4
41 36
60 26
29 3
18 7
32 10
62 60
65 34
22 7
34 11
33 10
28 24
56 11
87 36
33 28
15 4
84 46
3 3
22 5
57 35
52 22
97 16
32 19
79 27
58 38
14 9
43 26
52 38
4 3
15 6
12 7
90 27
19 4
6 2
48 6
58 51
79 14
87 87
66 36
9 8
89 84
90 77
82 74
16 6
89 86
50 30
38 15
7 2
77 68
8 6
24 3
2 2
65 5
13 13
95 48
25 11
46 9
38 32
53 30
89 25
47 8
15 12
53 48
30 4
40 25
45 23
68 56
93 29
98 61
10 8
31 21
36 34
57 32
43 15
79 21
22 17
14 12
72 22
62 19
5 2
85 9
96 82
81 17
66 43
31 10
64 49
71 32
35 21
22 17
88 50
20 14
63 46
21 20
65 26
92 91
77 69
21 20
90 3
10 3
59 22
95 64
63 3
43 29
5 4
84 27
36 32
26 20
25 15
4 4
61 40
76 5
67 25
40 21
39 12
22 22
55 22
95 28
14 14
72 72
47 46
59 54
60 32
54 16
78 12
38 24
82 65
97 67
71 26
48 38
79 6
38 29
56 13
9 5
36 11
54 52
66 60
71 14
3 2
13 9
68 32
57 14
88 84
45 4
100 73
66 64
28 26
66 26
37 34
53 9
29 19
18 3
10 2
21 12
30 9
32 32
29 11
93 17
35 24
100 93
85 49
27 21
84 79
13 11
21 15
75 40
63 56
10 2
20 6
7 6
87 31
30 6
14 10
49 10
73 40
39 30
58 9
37 4
45 4
42 26
4 2
21 16
30 19
33 10
77 55
68 67
92 10
64 46
49 35
42 3
80 41
69 68
99 75
85 35
72 25
87 41
13 8
92 45
4 4
90 20
87 31
3 3
41 20
97 7
63 27
19 17
29 26
23 11
34 14
77 42
54 30
70 42
24 23
92 17
84 18
25 20
40 7
93 46
25 24
85 7
33 29
8 4
87 5
36 7
46 41
17 11
45 43
92 60
27 2
51 10
80 67
54 45
56 53
36 17
90 55
88 75
37 33
70 68
91 23
67 20
11 7
77 67
54 41
20 13
31 14
56 13
83 6
19 10
64 49
41 20
22 12
19 14
85 59
62 49
72 57
68 55
34 12
20 5
69 3
52 27
6 6
65 45
93 45
81 15
77 77
89 45
86 17
81 59
20 16
43 29
45 41
66 38
24 21
74 45
91 87
12 3
52 36
64 33
24 24
22 12
98 98
20 20
31 2
57 30
100 29
83 27
4 4
69 52
37 21
29 20
88 53
55 22
73 58
26 17
66 39
30 17
21 10
40 15
85 37
49 4
90 50
41 25
96 23
61 55
44 31
99 85
94 85
3 3
91 47
34 2
96 66
59 57
39 36
16 12
76 52
24 18
54 34
43 19
39 38
77 31
35 18
2 2
69 66
67 16
2 2
88 28
98 73
39 3
67 63
41 31
67 61
99 88
34 20
4 3
100 66
17 5
89 72
78 37
68 2
84 64
47 36
59 32
69 4
21 13
63 4
38 28
6 3
82 35
28 27
7 7
47 29
83 77
60 17
72 12
43 4
7 3
15 4
73 25
43 29
37 3
45 6
98 34
47 3
18 4
99 26
64 27
52 4
33 19
89 69
42 20
82 42
26 11
81 65
98 15
91 79
8 8
79 53
2 2
72 38
15 14
97 23
17 4
44 22
55 25
92 38
28 19
88 84
68 32
84 19
7 4
41 13
34 9
76 11
95 69
87 16
99 70
31 17
33 23
6 6
45 44
91 19
86 73
71 15
7 6
63 22
63 16
72 50
51 3
36 12
16 12
65 26
67 63
28 16
80 30
69 28
37 35
64 42
73 13
66 57
82 56
6 6
38 2
74 13
17 16
19 16
9 5
74 52
30 20
48 16
14 3
10 7
53 52
66 6
14 14
75 63
25 2
14 6
12 7
61 20
93 47
87 51
66 57
38 28
10 9
53 15
98 98
39 11
55 47
55 23
78 32
84 8
73 43
79 3
23 18
14 10
37 12
94 7
91 38
17 13
17 4
65 48
46 5
65 28
22 6
20 5
49 7
29 27
72 50
84 45
38 38
26 24
25 18
94 13
62 56
38 19
59 39
96 5
78 16
63 5
13 2
39 12
24 7
16 10
30 14
71 20
23 21
41 28
11 3
61 32
50 23
83 7
62 42
90 68
34 18
91 19
92 72
93 53
82 65
2 2
47 13
55 50
30 14
28 20
29 5
12 11
89 42
89 53
44 16
63 22
21 12
17 3
48 48
83 82
21 18
56 47
18 15
12 11
52 48
97 33
89 5
41 33
67 34
13 2
16 3
21 17
17 2
60 32
30 22
93 92
92 63
57 55
70 36
36 27
98 82
52 34
25 15
29 10
57 25
81 57
52 33
18 17
4 2
10 2
81 54
74 19
21 18
8 4
55 14
95 28
31 16
36 29
89 50
62 16
61 53
32 30
21 15
23 12
57 45
20 20
63 55
61 49
28 27
77 12
98 90
89 57
15 13
72 14
84 18
42 14
10 9
26 15
53 10
65 41
28 24
99 66
34 11
9 9
64 42
78 6
37 16
65 38
85 59
27 17
33 7
47 17
3 3
91 26
15 13
23 10
7 7
13 12
28 14
3 2
96 52
84 46
24 11
14 8
89 70
73 17
39 34
70 42
27 3
12 12
23 14
87 40
100 61
14 6
55 43
31 12
3 2
70 65
93 52
45 39
7 6
23 7
94 45
53 47
10 8
77 17
41 10
99 47
28 27
87 46
65 5
30 30
88 39
89 75
73 47
71 7
40 31
29 13
2 2
39 36
24 9
63 27
14 6
2 2
23 22
39 8
83 20
9 7
76 52
21 13
8 2
65 41
9 4
53 41
96 13
32 19
94 54
11 7
78 68
96 6
60 46
86 9
69 48
78 58
99 57
97 85
51 28
2 2
2 2
53 13
21 6
67 57
22 6
28 19
89 17
60 17
72 26
85 43
63 52
28 15
8 4
61 25
80 26
33 16
53 33
12 8
96 44
12 5
5 5
77 54
70 65
75 34
49 49
87 45
40 24
19 5
32 29
8 5
60 34
96 37
50 16
49 43
51 48
51 32
53 14
59 44
61 48
68 47
50 21
98 13
50 50
15 6
37 3
29 7
36 3
8 3
25 25
98 52
34 8
85 25
52 46
28 26
54 39
38 37
92 4
62 32
83 76
98 24
11 2
54 20
46 6
54 18
50 3
72 54
70 29
51 37
39 35
46 43
75 15
20 13
92 42
18 15
47 33
84 41
16 15
96 44
63 56
55 3
15 12
66 11
37 3
98 40
55 33
89 45
73 64
34 31
94 19
30 27
99 98
88 33
96 15
77 72
24 20
78 12
48 16
84 31
4 3
80 22
94 20
71 40
2 2
90 41
42 4
30 15
92 16
75 20
84 55
2 2
28 4
76 15
37 11
85 5
16 2
27 13
26 16
71 6
77 21
89 26
36 29
4 3
53 32
24 22
97 65
41 39
97 55
67 37
38 16
53 28
29 5
99 83
58 21
53 47
57 42
33 24
35 8
4 3
19 9
32 15
94 53
5 2
48 35
66 21
24 5
9 9
86 79
45 33
70 40
30 3
27 18
42 2
9 9
49 24
73 19
58 44
33 5
85 66
41 34
54 24
8 5
69 55
71 46
5 4
86 53
86 77
82 81
23 13
43 16
55 5
93 6
22 21
57 9
84 41
89 71
26 2
60 55
7 7
100 37
75 23
71 41
86 75
83 30
47 45
93 73
21 18
37 22
15 13
69 32
16 5
29 16
66 48
10 2
59 45
38 12
15 2
18 7
48 26
53 50
13 12
3 2
94 7
49 28
19 13
82 77
72 50
41 8
21 7
95 15
61 6
16 4
58 54
47 17
27 10
78 58
54 35
24 3
67 12
44 22
47 36
38 31
2 2
47 21
66 38
32 19
14 8
54 19
84 45
38 12
33 4
68 19
49 32
27 5
38 35
82 25
3 2
23 6
6 5
27 13
81 72
85 75
43 23
13 12
4 3
10 3
2 2
20 15
36 34
39 33
89 7
59 38
90 37
64 42
36 17
58 22
93 77
97 90
71 4
97 33
45 17
56 27
47 20
86 25
55 43
40 17
83 83
9 6
76 42
59 25
28 7
7 3
73 65
62 60
17 15
8 3
69 46
65 5
38 15
51 25
54 45
84 73
36 27
12 8
86 23
21 13
71 71
19 19
11 9
36 31
52 27
93 37
10 6
87 87
27 22
7 4
36 14
26 18
88 6
13 9
78 47
32 28
93 38
46 21
97 68
98 80
29 29
81 19
89 40
67 52
45 32
80 30
81 58
87 72
20 3
8 5
70 9
91 61
59 59
21 19
16 14
87 82
53 39
90 76
80 16
82 71
78 63
5 5
44 44
50 9
92 76
68 62
53 45
22 5
87 60
92 26
20 8
27 22
56 20
91 88
10 5
92 84
50 8
63 33
67 54
64 18
48 40
18 12
25 6
20 17
81 62
91 58
42 31
81 22
65 13
31 16
41 18
15 6
96 50
62 29
26 22
55 49
41 6
14 5
39 13
11 8
64 10
82 45
99 15
32 13
16 15
19 16
23 19
24 6
33 5
25 14
96 77
71 52
34 30
7 3
85 9
60 57
72 34
23 15
87 63
41 24
56 39
46 7
81 8
64 49
29 2
84 3
75 28
7 7
44 34
11 10
10 8
50 19
9 3
34 28
44 10
5 2
43 4
50 16
86 14
9 6
50 32
79 57
19 18
25 4
55 24
33 26
64 21
44 24
31 18
42 31
85 12
13 2
17 10
8 7
27 13
17 6
58 51
12 3
27 13
47 37
47 7
27 21
4 4
80 67
46 22
83 63
42 13
30 23
26 24
95 88
93 10
88 11
52 20
6 4
48 19
64 5
25 21
44 37
55 19
67 31
33 31
70 20
34 33
61 14
44 9
76 23
67 51
81 72
85 25
90 61
33 22
83 21
31 18
65 17
65 30
82 7
78 61
49 25
100 82
98 35
99 84
42 9
31 7
11 11
95 6
47 46
63 58
23 16
21 11
69 66
12 3
32 3
36 17
6 6
95 66
74 61
29 3
94 50
28 11
3 3
11 2
90 75
11 8
17 10
29 29
23 20
33 2
67 62
84 46
84 70
50 47
66 53
52 14
12 9
62 31
29 24
31 20
41 13
49 14
40 7
85 2
73 21
98 9
92 22
28 18
69 17
39 13
34 33
97 56
23 18
28 21
2 2
35 31
29 9
13 3
83 26
34 10
73 39
80 73
57 39
95 19
90 75
85 58
82 61
48 37
21 8
33 4
49 26
15 13
2 2
26 4
20 19
26 23
27 15
98 76
51 29
95 53
59 28
27 15
28 28
82 53
33 30
63 44
81 33
70 50
46 37
44 25
26 25
79 70
43 3
46 5
51 39
49 17
91 87
78 22
73 31
46 8
79 55
7 4
54 43
97 18
37 19
66 22
2 2
67 48
94 54
76 71
4 3
15 9
96 77
28 26
21 3
39 26
15 7
53 3
63 58
76 73
18 8
98 18
51 26
17 10
76 4
74 69
13 11
76 33
47 3
53 8
30 8
40 10
16 11
12 4
91 31
94 3
20 15
20 6
60 38
5 3
47 19
44 33
81 39
55 48
9 7
5 5
59 6
41 5
23 21
93 57
21 6
65 62
84 70
81 32
60 2
21 8
99 62
4 4
41 33
56 48
81 47
81 75
37 17
30 20
11 4
99 29
73 23
27 7
58 11
13 9
93 83
22 16
20 7
78 7
80 59
51 45
87 74
55 26
66 6
3 2
35 29
4 2
75 37
26 3
51 18
16 4
89 29
2 2
86 59
37 34
58 14
49 40
83 82
29 4
44 5
39 14
39 34
28 18
76 39
22 4
66 32
82 29
47 28
38 38
71 32
9 6
61 55
72 63
60 31
54 10
