10000
25 21
73 66
52 43
75 16
61 53
6 6
69 37
44 2
30 29
18 4
18 7
48 27
79 70
88 24
13 8
7 6
78 68
98 46
57 26
78 12
99 80
99 78
75 64
29 16
27 11
83 79
100 70
73 72
24 21
60 37
30 24
70 56
96 23
42 5
26 19
10 3
25 21
88 32
85 83
26 16
39 10
53 9
29 18
36 4
77 37
89 7
70 31
4 2
55 35
7 4
33 3
79 13
94 36
38 8
87 63
85 73
15 9
28 8
59 59
94 79
18 17
63 29
39 4
46 13
75 55
91 88
58 56
41 8
94 68
15 3
74 35
89 85
31 12
46 45
82 49
15 2
10 2
93 47
63 55
10 5
89 24
33 32
86 35
26 22
80 13
76 45
61 54
80 45
63 6
59 12
24 4
47 44
17 4
59 49
17 2
9 2
46 16
22 14
13 12
50 22
53 3
93 25
15 10
90 85
45 36
68 64
14 2
90 72
72 8
35 35
13 5
64 17
34 29
45 24
8 6
78 7
95 69
74 70
60 25
54 14
9 6
87 34
80 7
75 54
55 53
62 14
23 14
82 35
99 62
56 56
35 21
7 3
48 28
81 24
50 37
66 65
15 4
97 46
52 29
5 5
26 5
95 85
17 11
59 29
47 32
63 42
80 62
62 48
96 7
15 12
66 22
24 11
23 17
17 15
55 49
88 18
61 5
97 31
23 3
80 33
21 2
24 10
6 5
62 7
50 40
29 21
88 76
43 36
21 19
88 52
4 2
92 36
37 2
27 3
67 40
92 90
81 59
26 16
24 14
96 61
92 24
16 12
84 20
42 37
13 4
69 56
51 50
60 24
28 20
9 5
35 16
85 77
100 91
48 19
12 8
4 4
48 14
22 14
3 3
70 50
26 22
7 3
68 59
66 32
66 12
81 72
21 16
39 13
95 39
53 41
51 2
36 18
98 63
31 9
96 34
26 18
21 20
49 37
36 24
87 36
83 28
91 81
54 37
11 6
94 58
29 28
34 28
65 10
54 34
81 50
71 63
50 27
69 15
65 63
11 11
32 4
80 14
52 6
98 10
84 50
71 69
71 63
11 4
82 2
24 5
49 33
8 8
16 8
42 19
37 32
71 50
27 6
4 3
60 35
11 6
80 44
52 26
60 42
100 28
92 49
16 11
93 42
38 37
44 22
67 56
83 75
2 2
31 31
69 27
79 38
69 10
62 29
38 30
13 13
28 17
78 63
54 46
53 44
99 80
99 13
60 25
78 10
37 26
5 5
5 3
40 36
29 23
95 70
99 8
100 35
80 17
78 53
4 3
50 22
81 8
95 71
76 11
33 23
6 6
69 67
41 18
97 51
25 3
82 71
77 8
4 3
51 35
96 21
28 22
32 8
77 19
59 37
99 71
13 6
53 17
36 27
91 36
4 2
97 44
80 71
28 9
85 28
2 2
80 12
7 5
25 2
33 11
25 12
42 7
91 3
64 58
18 14
15 13
76 51
80 80
37 26
77 50
76 66
23 5
50 16
31 22
68 22
11 10
41 19
44 6
56 56
58 2
59 13
51 14
88 19
41 21
48 8
22 20
32 16
16 2
62 34
8 4
80 59
83 51
75 12
4 4
72 71
100 4
24 22
28 17
21 13
69 65
53 23
3 3
16 6
74 24
29 18
43 38
22 13
17 12
27 24
59 44
19 4
96 93
48 44
30 3
67 16
60 49
52 23
2 2
5 2
97 31
69 43
42 6
32 29
23 17
96 94
65 24
82 8
56 49
87 64
41 11
30 7
19 18
35 5
29 24
25 17
77 11
58 20
9 4
5 4
36 13
34 20
17 16
46 22
53 38
41 30
73 65
36 17
38 10
93 57
23 7
4 2
69 26
36 29
34 34
100 28
13 4
3 3
95 83
6 4
95 39
56 36
79 39
9 3
21 15
51 40
21 8
59 10
92 16
98 6
78 47
6 6
73 54
44 15
24 20
77 27
43 31
12 3
57 51
67 28
5 2
79 43
47 15
23 8
18 7
20 16
89 87
72 56
84 83
14 10
69 9
20 20
19 11
30 9
45 18
97 30
61 17
93 13
95 45
51 40
62 35
5 3
26 6
78 54
81 46
45 11
81 49
29 15
22 2
69 66
68 53
69 8
55 50
98 96
18 3
79 68
94 54
31 13
62 5
68 68
17 16
73 43
55 11
96 17
32 6
15 9
34 9
89 47
73 7
31 18
6 2
27 6
47 31
66 28
72 72
41 12
94 72
36 20
67 6
81 80
63 59
58 36
82 70
3 3
78 68
87 11
67 36
79 37
45 24
39 25
58 28
4 3
53 43
31 18
98 59
55 51
64 20
93 8
7 4
95 28
14 9
26 19
10 2
48 34
19 4
9 7
21 6
18 7
24 18
17 13
82 46
68 16
35 28
75 60
86 14
5 3
98 95
6 3
10 4
11 4
91 49
95 83
60 12
70 5
31 29
42 41
97 66
67 50
80 7
31 9
30 19
50 42
45 19
47 10
60 28
41 15
38 27
51 23
63 48
85 15
74 41
57 17
63 8
12 6
69 34
36 27
44 41
19 11
46 45
31 5
36 12
38 36
79 47
58 16
16 11
83 76
35 8
15 13
56 50
11 6
22 15
39 26
64 12
23 3
82 45
57 27
86 53
67 32
18 13
60 48
3 3
39 14
28 17
16 2
81 57
86 74
34 16
8 2
54 25
12 4
45 23
81 16
31 29
90 54
31 2
90 74
66 7
64 54
32 8
34 22
84 31
69 47
53 25
24 9
76 12
19 19
59 10
25 10
99 49
53 19
48 11
14 9
89 10
96 85
89 26
33 22
85 83
3 2
32 19
6 4
51 23
15 9
55 47
93 55
27 8
91 14
62 10
38 25
71 64
69 19
7 2
78 23
16 10
79 10
74 29
56 12
27 6
66 41
73 70
83 16
58 29
2 2
100 26
78 55
39 7
41 9
41 6
26 19
35 23
6 3
89 77
27 19
22 16
65 29
30 20
39 26
67 18
99 78
54 48
64 51
31 17
8 5
55 49
33 30
89 50
54 47
50 38
13 5
12 4
41 31
75 19
89 20
56 40
97 51
7 5
44 18
31 16
90 38
17 8
47 22
37 25
35 5
51 6
86 61
71 13
7 5
70 13
13 10
14 14
21 18
64 51
27 22
63 14
77 73
4 2
47 11
51 43
13 4
22 12
64 53
33 5
42 28
22 9
18 11
69 17
3 2
9 2
94 14
10 5
69 44
98 8
43 33
34 26
77 65
14 12
23 21
86 7
64 60
30 11
45 9
51 49
72 64
73 37
48 14
80 60
58 24
48 41
35 14
28 14
56 45
83 82
58 33
74 28
45 7
17 14
95 42
33 9
55 31
55 18
90 10
84 55
66 45
91 89
25 7
62 45
72 30
39 38
10 5
14 11
52 8
68 29
2 2
70 40
89 61
27 20
85 81
30 6
65 57
3 2
75 35
65 11
4 3
6 3
65 16
79 77
49 30
75 21
56 15
93 65
34 5
42 13
57 50
12 9
93 9
7 6
80 33
93 7
65 12
7 5
15 14
98 6
66 6
51 44
83 67
56 7
31 4
47 47
61 39
24 10
32 6
75 56
24 17
32 23
27 3
53 51
21 20
73 68
88 40
31 28
97 53
45 28
48 45
6 6
84 25
30 18
69 53
20 17
91 5
64 37
95 3
8 3
53 24
17 4
79 50
26 7
85 78
29 6
90 62
21 9
4 2
80 36
32 24
39 19
59 50
3 3
74 24
96 96
66 28
87 40
74 62
69 8
53 13
5 2
18 15
42 8
27 11
25 23
59 19
42 37
5 3
87 7
50 24
80 66
63 4
55 40
87 14
58 44
9 6
85 58
56 36
99 82
64 24
12 11
86 85
43 33
95 9
46 44
88 87
71 54
78 66
18 16
29 13
53 52
21 6
25 3
69 44
58 44
74 55
76 38
98 90
49 8
2 2
87 44
39 27
86 13
48 33
19 19
34 10
8 3
19 10
5 5
34 8
58 34
100 34
24 3
23 19
89 85
82 80
37 11
47 24
36 3
98 11
54 24
63 11
10 8
63 16
64 5
35 33
50 32
23 15
58 8
53 29
11 6
29 7
77 13
66 39
64 32
87 72
36 17
56 55
69 9
46 30
13 8
12 12
89 14
6 2
70 37
21 5
28 6
34 2
73 24
63 30
67 19
33 15
5 5
82 22
60 15
49 27
17 8
70 28
95 48
62 28
21 11
70 42
3 2
10 7
64 61
13 11
17 16
84 55
99 85
85 64
32 5
56 19
100 6
83 52
10 4
37 24
28 13
66 11
60 27
70 18
30 29
44 27
65 32
52 52
59 48
56 27
3 2
12 4
29 27
49 31
37 3
6 2
9 3
45 37
77 34
20 7
49 42
94 59
41 14
77 4
38 26
88 52
49 13
50 31
53 46
20 14
29 7
17 5
79 8
80 69
65 18
35 11
17 4
73 35
65 34
33 20
43 18
19 7
58 53
78 24
94 19
85 6
76 19
55 28
72 7
13 4
69 33
41 37
68 29
51 43
11 3
11 2
56 14
9 9
22 9
93 2
90 31
3 3
75 32
32 5
31 26
20 17
57 53
7 2
67 45
58 39
55 19
46 40
29 20
98 4
25 22
53 53
60 56
12 11
15 3
65 37
56 49
10 4
89 4
61 61
35 5
57 9
52 50
93 57
12 12
83 43
74 43
46 2
68 61
61 46
59 41
75 48
7 7
93 76
3 3
12 5
21 9
82 53
53 23
39 14
42 14
13 3
53 6
63 13
90 42
95 71
13 10
55 23
40 33
83 52
84 76
21 13
44 37
64 18
68 33
29 27
68 61
3 2
95 18
85 51
77 72
2 2
67 48
46 9
13 10
29 5
16 5
58 9
52 44
12 10
47 25
70 60
84 75
48 16
41 37
13 6
32 7
86 82
83 25
50 19
39 10
17 3
53 30
8 8
9 2
18 2
27 6
55 19
54 5
86 85
80 37
30 22
73 29
70 24
51 12
54 19
61 49
47 19
75 10
2 2
88 13
100 29
14 8
99 91
81 13
92 3
51 47
29 13
49 43
52 14
17 4
81 20
62 43
98 43
83 66
33 18
94 66
86 21
60 50
46 18
74 9
25 17
59 56
16 4
6 2
73 40
56 41
28 17
41 3
63 20
83 36
9 7
87 47
27 23
12 6
56 35
23 11
33 3
98 23
45 37
88 11
54 30
55 8
91 34
25 24
12 7
74 36
84 8
44 23
28 14
7 2
52 35
45 33
96 27
15 5
44 15
100 18
98 25
5 3
31 22
23 10
69 15
19 15
76 9
35 26
62 34
18 2
46 9
17 5
45 15
17 6
30 27
44 26
89 62
88 25
53 29
77 47
16 2
72 55
73 4
64 37
40 7
69 29
35 19
42 33
62 31
48 37
10 9
78 27
81 62
83 50
79 8
83 58
10 4
95 21
83 25
47 38
55 50
90 8
81 37
24 20
69 56
4 2
75 75
33 9
78 63
30 12
50 10
64 30
93 73
59 48
17 11
85 14
10 9
74 48
74 34
52 7
100 35
13 12
84 60
65 5
39 23
73 40
66 23
18 5
76 71
80 52
73 46
22 12
19 14
7 6
68 64
69 19
98 88
39 27
50 23
78 32
18 14
69 15
31 7
94 17
63 29
98 65
26 22
85 78
6 3
95 33
3 3
51 12
72 28
68 32
63 18
69 23
7 5
20 12
78 36
61 23
84 46
87 68
95 77
34 14
89 87
54 31
77 57
84 7
15 6
91 82
17 10
10 3
11 10
20 12
33 7
83 17
8 3
43 20
18 5
65 8
85 3
30 19
70 51
55 17
85 76
10 9
76 34
58 22
43 33
16 11
79 46
96 17
26 23
54 54
6 4
93 31
92 64
80 54
15 6
36 6
11 9
12 7
85 20
96 77
42 32
30 24
34 33
81 14
57 14
27 27
16 13
32 32
18 5
80 37
22 16
69 44
42 14
96 64
89 51
52 40
42 9
7 2
85 57
100 25
86 86
36 34
82 20
63 38
93 74
44 6
92 57
55 10
27 19
68 36
7 2
10 9
73 36
25 14
71 59
4 3
53 7
32 27
25 19
28 4
48 28
44 30
13 12
51 31
79 70
82 32
74 46
65 65
4 3
15 5
60 26
27 13
46 27
29 9
40 34
24 5
6 4
22 13
17 11
67 52
68 58
12 3
90 56
72 52
43 24
12 8
93 65
18 11
55 20
63 4
97 56
48 32
86 36
24 17
99 5
76 53
29 14
68 39
55 33
30 16
80 73
85 34
61 6
81 63
90 24
47 41
28 3
38 27
48 41
2 2
87 7
33 30
63 61
11 4
29 27
60 38
59 40
86 9
26 13
51 29
46 32
73 62
51 23
76 33
20 19
58 46
79 47
90 52
98 4
8 3
4 4
60 33
72 37
41 33
69 4
18 13
82 68
69 20
89 14
16 11
51 29
31 10
93 91
89 58
58 39
45 41
90 56
67 62
72 68
27 22
87 34
42 28
85 35
26 11
96 12
8 6
17 10
9 2
67 12
69 19
90 62
60 24
73 3
47 31
3 2
27 8
54 51
42 25
37 4
97 76
16 6
61 52
75 46
27 24
93 37
27 18
11 8
83 73
67 39
52 48
32 9
17 12
45 34
35 26
85 30
32 9
22 18
84 42
23 8
14 3
31 11
99 23
100 36
21 10
77 25
75 46
71 43
94 22
96 60
8 3
5 5
11 2
50 22
43 33
22 15
78 72
64 33
82 35
67 12
88 51
69 13
67 14
93 37
5 2
47 30
22 19
35 25
38 15
38 30
43 36
48 35
6 2
15 13
28 27
43 39
78 47
11 3
7 4
72 17
2 2
25 11
21 19
71 65
52 49
42 5
77 42
97 96
32 17
18 13
46 34
27 18
5 5
88 39
30 25
31 7
74 52
89 18
35 18
46 34
55 40
91 13
26 2
79 37
81 7
57 24
99 47
14 5
57 11
62 8
55 47
35 29
58 19
61 14
64 37
58 28
100 48
6 2
21 8
98 16
76 51
89 11
84 49
94 71
7 5
23 8
5 4
29 19
57 27
91 26
66 39
90 83
18 3
6 4
69 8
85 68
44 13
32 24
20 6
85 56
58 35
80 59
12 11
82 22
51 14
92 82
56 20
22 10
58 51
61 55
48 48
49 7
87 54
91 88
29 11
69 43
39 18
6 5
38 25
90 18
83 45
78 55
19 3
68 13
8 8
56 32
4 4
82 30
3 2
77 37
17 11
25 3
64 19
83 60
32 2
73 33
32 15
53 49
67 8
42 38
74 25
23 4
40 17
4 2
25 2
30 21
5 2
56 40
47 12
35 18
53 32
100 92
55 9
11 10
14 8
10 2
100 72
25 7
48 11
39 30
77 5
38 30
25 16
5 3
6 4
8 6
7 7
43 43
17 5
88 8
57 43
5 5
51 44
98 49
59 6
11 8
35 35
5 3
84 5
25 7
34 32
15 14
9 6
91 59
73 35
43 8
25 11
27 13
37 18
29 7
33 19
83 82
48 31
52 12
2 2
21 20
77 4
83 48
91 49
21 21
86 26
62 38
26 9
2 2
38 15
44 7
16 10
71 18
36 22
63 10
52 29
10 9
74 71
72 41
57 36
31 28
69 16
65 63
73 17
50 13
22 19
21 5
94 26
43 4
6 2
23 2
11 2
87 87
97 5
47 20
65 32
59 45
98 56
61 54
91 71
48 31
8 4
9 9
43 23
34 29
45 39
76 32
39 26
51 48
54 42
70 54
16 8
68 48
56 27
32 30
33 3
21 14
37 6
76 13
75 4
5 4
18 15
100 6
80 3
59 21
32 6
29 11
95 67
87 27
5 4
8 2
37 9
36 10
97 37
65 56
51 23
82 74
10 3
21 19
24 19
83 12
65 44
77 72
49 42
71 8
82 51
33 28
13 13
98 51
29 7
48 31
12 6
78 41
99 83
18 18
86 73
21 20
40 6
94 43
90 11
41 30
79 9
100 36
39 32
10 6
92 38
75 17
44 29
82 8
30 30
38 26
84 37
6 2
76 29
56 14
4 3
2 2
61 60
35 9
69 29
37 27
96 57
12 9
75 25
10 7
36 23
13 9
74 35
97 34
46 12
45 37
18 4
8 3
16 14
91 16
10 4
32 19
100 32
12 3
61 10
88 76
29 24
92 88
29 24
93 71
67 47
46 28
73 36
56 4
53 46
86 85
12 8
83 63
57 43
61 24
73 63
38 24
100 56
30 12
20 7
33 9
10 6
5 4
27 11
81 30
30 7
67 45
67 49
76 63
53 9
65 22
36 12
78 73
48 4
67 64
47 2
75 53
36 28
39 35
75 28
55 12
71 33
13 6
55 46
91 88
80 24
2 2
7 2
79 34
61 17
78 21
80 2
93 62
84 2
45 12
73 39
33 14
61 13
91 64
24 24
6 3
41 3
9 3
37 12
94 7
23 17
68 35
6 5
97 4
74 21
33 28
33 28
95 46
35 24
4 4
9 6
21 11
13 12
85 25
53 48
44 34
79 64
32 9
90 17
81 56
71 2
32 5
7 2
44 36
79 31
80 34
85 20
6 6
66 60
91 65
80 80
15 9
53 31
95 35
7 4
18 5
80 77
3 2
5 5
10 10
57 40
84 7
58 11
54 13
94 42
59 53
14 14
77 7
35 26
58 17
8 2
34 22
24 5
95 89
24 23
44 33
24 2
68 16
76 76
56 30
66 24
69 60
64 38
11 9
4 2
96 31
5 4
82 58
5 4
34 27
72 24
24 13
57 19
45 8
42 13
39 36
2 2
75 27
25 14
89 34
19 3
2 2
66 29
53 32
31 23
31 21
74 69
39 17
11 4
100 60
3 3
14 8
26 15
21 12
63 33
72 70
45 37
42 37
31 31
61 34
74 12
31 14
94 65
29 20
89 30
40 16
75 57
99 31
45 30
80 67
87 44
55 55
98 25
100 6
94 64
76 74
29 15
10 4
84 41
46 24
62 34
41 4
76 65
70 22
12 11
89 73
46 6
100 67
71 11
9 5
52 22
47 20
52 52
62 35
24 2
92 82
32 15
30 4
79 62
25 2
100 55
85 22
21 18
55 12
48 19
99 69
27 19
6 2
36 35
97 64
4 4
100 76
94 72
47 6
86 83
70 8
9 9
95 56
17 5
44 21
65 52
67 44
29 8
80 26
65 60
61 3
60 20
64 13
10 9
40 15
28 26
97 35
9 4
49 13
55 6
35 18
93 37
37 22
50 31
8 8
47 10
83 32
58 4
90 26
88 41
41 10
4 3
35 8
54 29
24 23
85 43
45 10
79 28
94 11
57 44
37 19
35 34
84 49
73 8
82 47
30 28
89 44
100 14
36 16
74 64
12 6
56 40
75 59
9 9
86 23
69 33
26 24
22 5
45 13
97 88
80 52
2 2
10 7
46 9
21 18
91 48
53 5
85 9
52 16
84 54
90 16
39 23
16 14
18 11
7 7
92 50
9 9
88 20
33 9
42 12
64 25
50 14
61 60
8 5
10 2
90 80
86 81
42 11
56 13
84 46
42 35
19 6
29 22
15 15
46 7
55 54
8 6
99 54
68 21
56 11
8 2
16 10
32 14
99 58
51 2
47 15
14 2
12 3
98 84
22 2
72 10
44 13
30 3
70 21
38 5
34 29
31 2
71 9
40 2
73 36
71 71
94 44
69 66
30 28
100 71
73 61
8 6
78 33
23 22
80 62
77 28
72 5
60 18
44 17
2 2
70 62
13 11
79 35
22 7
48 44
84 78
26 2
21 15
39 21
86 42
17 14
100 93
19 10
72 16
31 17
68 60
50 14
38 19
76 5
98 44
98 50
54 6
41 14
87 46
40 23
46 29
83 31
65 45
3 2
81 49
34 27
93 34
47 47
6 6
36 26
17 17
54 14
22 6
20 13
68 31
77 64
23 15
65 4
89 5
28 24
85 81
89 34
33 14
7 4
99 69
60 16
25 17
74 35
83 63
51 35
43 39
5 2
5 2
81 17
23 5
80 25
49 44
85 55
90 31
90 36
29 8
15 12
3 2
88 4
14 4
46 28
81 11
45 14
92 30
15 6
63 26
4 3
4 4
15 2
43 5
71 55
81 24
99 32
20 3
13 5
59 42
38 20
55 4
67 19
8 8
82 11
52 28
86 73
76 21
63 45
28 20
38 25
58 25
8 8
7 5
4 3
45 12
24 21
38 33
80 31
14 9
82 22
91 30
41 28
49 42
51 40
72 25
49 33
97 9
25 13
37 25
5 3
92 33
76 34
23 4
92 63
12 2
30 16
73 39
25 17
12 7
79 30
76 21
79 32
92 57
71 12
33 16
87 38
48 9
8 6
5 3
69 16
40 8
79 60
62 35
24 17
96 23
54 43
100 46
56 35
73 24
60 4
19 14
35 25
54 25
18 8
68 57
5 3
79 57
3 2
42 20
93 13
27 5
57 5
83 12
81 65
66 6
68 23
79 79
34 18
20 3
46 27
100 12
21 20
19 16
11 9
28 3
18 14
27 17
68 30
60 28
97 31
23 7
94 37
89 13
24 7
9 2
78 69
78 72
80 19
14 10
3 3
66 3
38 33
99 93
67 46
90 64
5 4
20 4
84 12
38 12
60 53
51 30
23 15
51 10
21 3
74 6
87 54
35 30
94 90
44 14
90 47
89 33
2 2
71 48
93 85
91 16
97 13
44 10
80 64
87 56
32 2
48 38
9 5
31 21
27 21
84 55
4 4
33 21
16 9
87 70
53 25
19 9
19 6
39 39
57 2
46 29
78 34
95 74
85 20
24 4
90 80
99 56
24 14
74 44
3 2
33 2
75 57
49 15
76 41
54 23
40 34
70 70
36 16
27 3
35 9
15 11
93 77
47 28
49 7
52 11
75 74
68 47
60 14
14 6
39 3
45 3
91 10
11 6
38 25
65 40
74 5
24 10
19 11
68 33
94 91
12 9
87 14
33 29
76 39
63 42
45 14
10 5
38 37
90 11
46 25
71 52
89 48
3 2
19 4
71 10
27 7
54 13
50 17
38 6
68 28
50 18
32 25
95 82
57 25
64 13
50 8
2 2
71 6
5 3
74 14
60 3
76 12
17 6
90 10
44 18
15 4
29 2
94 66
63 21
61 3
47 31
10 7
9 6
74 64
44 32
36 6
35 31
8 6
80 77
59 29
66 65
75 29
3 3
56 12
81 26
96 13
73 65
30 28
29 19
46 39
25 16
70 39
21 5
37 17
16 10
81 23
45 3
15 4
47 35
80 41
44 40
61 25
50 42
97 48
48 22
39 6
53 20
14 2
10 4
85 15
66 20
81 8
17 6
61 23
98 25
76 54
99 79
58 11
16 7
86 60
94 37
16 3
25 10
2 2
31 9
9 3
65 20
82 59
26 16
7 3
54 39
23 21
46 23
54 11
98 8
98 66
75 15
85 59
9 2
97 93
85 79
72 10
65 34
7 5
100 78
65 31
71 2
68 27
53 46
67 62
58 26
64 26
23 4
50 33
92 47
52 6
94 47
88 9
62 35
63 50
94 25
15 13
10 7
48 9
98 11
21 11
15 13
54 23
53 29
34 5
95 2
85 35
63 62
62 30
42 19
60 35
11 9
67 19
19 10
26 19
27 16
72 51
20 4
84 82
61 10
95 93
10 5
17 7
63 23
21 8
51 39
75 25
24 3
28 18
50 19
35 26
95 52
19 3
56 9
12 9
96 93
16 12
34 27
23 16
91 59
26 12
67 63
44 2
87 39
36 17
45 28
8 8
82 9
86 4
26 26
50 45
5 2
51 36
23 16
9 6
12 9
32 21
70 59
30 17
80 7
12 4
6 2
51 10
37 22
29 14
74 56
83 51
85 23
80 10
67 52
78 25
83 81
57 43
59 13
54 7
7 6
92 54
7 3
25 4
87 60
58 31
95 3
53 33
59 4
5 2
43 5
93 80
21 13
25 2
93 80
78 63
95 81
55 13
71 8
5 5
75 75
67 56
97 71
87 51
18 2
100 82
45 26
85 68
75 23
68 25
76 27
22 2
26 15
64 54
66 13
36 33
91 20
83 38
95 39
96 43
90 72
96 72
58 26
14 8
65 40
96 51
30 3
61 60
48 29
53 42
19 6
92 39
11 2
56 48
48 3
65 30
73 23
84 68
81 23
54 30
92 88
82 57
8 8
72 65
91 43
72 55
5 4
6 3
33 29
69 48
74 44
31 19
75 3
61 60
50 4
64 31
55 17
21 12
82 13
30 14
69 3
94 71
43 4
35 7
66 19
41 15
83 17
35 31
67 27
46 12
26 23
88 20
30 30
41 24
82 65
37 36
3 2
85 79
43 41
10 10
73 65
70 24
57 56
71 57
79 42
51 28
36 6
29 10
7 4
94 20
31 15
25 19
96 73
74 21
74 42
87 32
42 8
3 3
67 12
9 2
91 72
52 3
92 90
57 31
42 19
67 16
77 28
82 55
93 50
54 8
79 44
13 10
68 65
35 6
5 4
27 6
9 2
100 72
27 6
44 35
59 33
50 29
78 39
68 12
32 21
81 54
49 2
99 12
61 34
69 18
45 16
92 69
61 36
87 6
2 2
76 76
7 6
15 5
34 2
69 4
34 23
76 12
47 36
32 26
79 21
18 12
71 52
13 3
17 17
21 20
69 41
11 8
58 54
26 22
63 20
100 57
42 6
11 2
97 52
68 50
24 24
80 24
10 10
11 3
68 34
89 58
96 32
3 2
95 30
65 21
58 15
64 11
99 45
3 3
15 6
20 7
33 29
67 59
47 2
79 41
34 12
58 58
86 76
65 42
84 50
54 22
30 26
3 3
99 99
92 33
85 70
72 34
53 10
64 13
60 37
69 69
28 17
72 41
27 13
11 4
28 15
31 7
62 50
57 57
89 77
72 52
45 41
93 31
3 3
38 13
86 26
100 47
72 61
82 70
54 22
50 7
13 5
73 58
87 28
85 19
13 2
10 2
43 41
9 3
8 2
31 6
77 68
51 15
32 16
73 55
77 55
81 6
75 13
76 42
11 3
85 31
67 60
36 17
7 6
59 24
32 26
8 2
21 14
27 12
50 34
11 8
25 13
72 33
94 67
45 23
68 29
71 64
71 16
63 22
36 19
27 22
23 23
96 49
89 29
33 25
25 18
36 6
27 7
77 72
16 6
31 26
16 16
10 6
15 13
50 7
62 15
22 13
94 90
60 23
34 18
3 2
91 53
13 6
74 33
62 46
63 58
37 35
52 18
30 19
25 11
7 3
36 4
82 70
57 38
54 14
19 19
97 93
69 17
39 6
60 6
9 5
33 2
100 69
54 36
55 32
25 11
77 6
39 24
75 53
17 2
56 39
86 2
8 6
15 12
35 22
96 82
68 5
99 14
52 4
42 39
83 56
34 23
99 5
96 88
66 51
5 2
78 51
52 21
92 72
10 10
84 39
27 8
9 9
34 15
85 54
26 24
53 35
67 16
16 5
12 2
78 74
19 2
67 67
33 23
28 13
3 2
76 46
96 79
50 32
90 56
58 8
18 2
31 7
36 28
78 16
60 59
34 4
24 23
62 32
94 5
30 27
67 44
22 22
70 44
58 17
61 33
21 4
78 9
41 33
18 12
16 2
8 8
13 10
68 27
54 4
34 4
2 2
44 4
25 25
56 28
27 20
5 5
17 14
82 22
36 36
74 39
20 8
22 5
35 3
9 5
80 24
50 3
57 2
98 67
94 79
81 8
49 4
34 3
65 13
12 6
9 3
75 24
34 32
89 41
66 61
27 19
30 7
73 67
15 14
22 10
21 12
92 65
58 57
58 19
8 5
4 3
68 18
45 33
19 16
41 38
25 22
59 30
26 25
24 3
16 15
83 49
40 29
62 39
62 20
53 29
66 11
73 9
23 4
74 60
45 38
26 2
33 25
21 15
43 12
12 11
47 28
66 61
98 40
29 6
51 14
90 76
51 18
67 66
79 11
21 6
47 40
95 85
65 61
98 72
73 62
61 14
53 5
20 20
31 20
4 3
2 2
67 5
82 57
63 37
15 14
55 47
93 21
21 11
100 99
41 14
48 2
45 12
2 2
19 15
81 78
70 26
48 24
18 12
85 38
41 37
10 6
97 85
17 16
74 49
70 16
97 59
45 30
26 6
93 80
46 46
87 20
90 59
36 27
60 29
20 12
58 37
39 10
52 42
13 11
31 26
92 77
84 12
93 30
22 22
41 19
68 68
33 30
69 39
56 16
50 39
55 28
28 10
81 20
19 7
29 10
14 2
72 5
38 21
28 8
46 22
72 63
19 18
12 7
2 2
69 60
97 87
8 5
70 21
97 74
64 10
88 36
89 50
55 29
83 54
34 20
67 65
97 51
68 40
64 53
72 49
6 6
91 56
45 42
8 2
35 26
22 19
37 27
44 36
44 26
49 38
3 2
3 3
72 71
71 42
12 2
80 2
12 7
34 17
81 8
64 28
57 28
38 27
54 41
65 15
12 2
64 62
18 10
42 22
63 28
8 8
51 14
3 3
74 22
64 41
70 63
54 16
51 28
67 36
71 22
31 25
88 37
66 63
56 4
94 5
12 6
36 15
31 5
18 10
67 57
47 9
41 36
52 42
78 55
2 2
25 6
21 2
91 44
18 18
29 18
100 88
70 16
69 17
5 2
65 12
34 21
43 38
57 47
6 3
70 30
5 4
85 64
5 3
78 8
77 75
98 90
3 3
61 55
46 30
48 37
86 10
5 3
9 7
92 76
11 9
57 50
89 78
75 37
54 35
76 49
41 29
45 45
4 4
52 28
42 31
100 75
83 46
79 71
38 11
67 45
65 6
56 35
24 17
10 8
31 25
87 4
18 4
58 25
26 26
10 9
87 33
36 31
48 26
28 9
38 23
65 27
69 43
25 22
13 6
50 5
40 23
54 18
25 24
33 8
35 12
70 10
9 9
50 16
33 21
94 30
53 49
51 50
83 29
37 14
33 11
39 27
81 57
88 53
75 10
45 24
16 5
28 9
69 41
73 28
5 2
76 68
36 22
94 71
46 38
7 3
64 53
53 14
93 73
19 5
37 24
29 10
55 28
46 13
58 9
29 23
66 31
16 9
11 2
29 24
22 5
6 5
5 3
62 36
80 15
14 5
15 9
46 44
30 14
5 2
89 4
33 31
6 2
25 11
22 4
80 59
12 6
75 35
84 79
99 99
60 60
58 58
68 64
17 4
89 43
24 10
73 47
7 6
100 32
44 18
85 73
39 23
31 3
32 4
76 7
4 2
99 40
7 4
94 60
13 7
32 18
81 70
28 15
93 73
77 69
71 44
67 63
58 31
72 30
15 7
49 20
23 11
67 23
83 13
45 16
28 20
28 15
54 3
14 2
30 15
76 30
16 7
87 4
84 55
72 12
9 2
38 15
23 5
63 21
99 83
9 8
90 64
38 13
76 32
99 71
28 8
28 23
32 14
21 19
28 23
69 61
97 53
86 36
79 20
19 17
65 45
99 73
63 31
25 21
11 6
62 61
10 5
52 43
44 31
91 23
62 24
38 12
64 22
39 31
15 14
14 10
77 75
57 54
2 2
41 35
31 21
38 9
73 44
42 38
5 4
95 57
54 52
38 17
20 8
2 2
61 57
71 61
44 12
87 60
54 17
41 32
15 9
66 61
80 68
39 17
24 5
78 32
75 36
19 3
33 10
81 33
97 80
5 4
89 64
92 56
62 30
98 32
92 20
17 3
56 38
98 18
23 11
69 24
78 59
90 11
42 30
64 43
95 51
58 53
49 8
41 39
43 10
60 5
40 22
50 30
65 46
54 35
39 32
93 19
91 53
94 23
43 24
61 27
8 3
8 2
4 3
85 3
94 55
62 30
73 9
28 28
2 2
12 6
67 14
14 3
65 60
4 2
31 9
9 6
4 3
19 13
4 4
86 84
49 16
43 10
66 40
3 3
28 4
38 32
14 12
18 14
43 8
39 3
58 41
51 20
34 11
59 6
28 2
59 45
73 54
31 19
91 80
57 35
24 12
2 2
71 53
77 66
44 13
7 2
76 63
75 4
54 49
16 5
25 24
85 71
56 10
85 77
79 15
7 4
50 28
49 13
61 34
84 69
68 49
90 62
36 4
18 4
71 59
19 11
88 45
2 2
21 10
27 5
88 6
26 19
31 17
82 46
74 28
44 18
50 8
18 6
16 2
98 46
97 81
76 54
65 33
64 33
83 39
7 5
18 16
10 2
66 64
69 62
88 47
16 5
29 29
64 29
81 33
5 4
67 53
81 76
47 39
89 37
24 20
37 25
12 4
78 40
8 7
33 24
80 9
79 32
25 18
37 36
10 10
48 3
61 60
5 2
25 13
84 44
15 7
61 14
67 2
77 3
29 26
45 40
96 95
86 76
92 43
86 30
23 16
8 3
29 17
19 16
18 9
69 31
92 70
83 73
15 9
77 37
21 10
38 16
99 9
67 57
62 53
12 2
83 70
58 40
37 26
28 7
44 15
43 7
98 50
39 33
8 3
86 37
43 24
17 15
22 3
7 4
33 31
43 31
82 72
70 61
74 71
96 56
21 6
76 32
55 39
94 6
4 2
38 26
14 4
47 44
94 48
56 5
62 15
42 8
39 10
69 3
23 2
79 33
52 13
31 9
89 57
36 14
13 10
61 38
20 10
43 40
36 28
22 16
47 30
31 3
100 16
18 17
28 15
74 21
12 6
40 2
51 17
92 75
90 36
11 3
65 57
4 3
75 68
18 7
60 57
5 4
72 48
45 34
40 22
98 80
72 47
16 3
65 43
42 26
4 4
49 5
64 3
6 2
17 17
42 20
67 47
36 28
99 23
64 37
90 11
59 4
23 16
83 16
38 14
64 53
64 60
52 9
48 14
98 48
17 8
100 32
27 17
41 16
15 11
55 38
45 37
7 7
22 20
47 22
51 29
41 35
54 17
74 21
87 34
22 21
36 11
83 79
32 2
55 25
49 34
6 5
74 51
11 6
97 68
36 7
67 16
44 32
95 42
13 2
70 52
5 5
17 6
47 9
97 49
86 75
62 19
46 44
71 26
72 23
24 21
34 4
25 3
93 75
85 44
55 41
65 35
61 56
88 29
44 3
73 17
33 13
71 10
15 15
51 46
94 73
27 22
91 77
84 76
7 3
32 29
20 11
46 45
83 36
50 12
64 22
31 2
24 9
5 4
75 12
5 3
99 36
37 27
26 17
41 10
95 50
71 50
45 26
9 4
82 49
58 8
52 9
88 46
8 3
36 24
58 57
45 42
41 14
95 10
79 11
12 3
86 27
27 23
82 71
83 64
66 29
56 37
77 69
4 2
18 7
50 20
19 18
8 6
45 28
14 6
90 60
19 8
95 78
91 82
91 46
23 21
38 13
69 28
6 4
80 3
24 2
7 2
9 9
4 2
86 55
36 35
93 35
65 2
70 11
86 39
57 51
84 2
44 14
39 22
81 41
45 40
10 7
18 10
75 67
37 22
13 8
100 40
19 16
100 11
19 5
61 3
89 80
89 82
33 12
6 2
91 28
87 9
49 17
41 30
33 30
5 4
61 53
62 45
63 33
26 2
51 41
93 3
65 31
69 7
72 25
38 31
60 24
90 79
47 43
74 53
50 38
55 42
71 61
33 29
78 77
76 70
96 12
60 14
86 37
43 30
20 7
33 25
78 78
71 28
98 94
73 5
33 32
54 27
31 24
94 48
82 26
80 12
16 14
95 43
92 35
40 34
18 7
57 11
62 51
40 28
30 21
22 2
13 5
19 12
13 11
57 50
19 8
71 12
42 2
33 23
36 14
65 30
86 86
64 63
24 24
70 49
69 68
32 14
87 47
59 49
96 68
59 47
10 6
22 20
28 2
5 2
19 18
75 10
77 68
65 28
30 19
29 16
64 43
85 27
68 42
49 4
6 4
96 47
78 77
22 18
86 20
30 4
27 2
61 22
73 35
24 10
26 14
17 15
6 6
80 40
86 37
38 2
53 53
6 3
39 16
83 80
4 2
68 3
42 35
77 70
59 34
8 6
70 43
57 51
33 29
26 24
86 83
85 30
13 7
10 10
48 12
82 71
84 76
95 6
71 10
42 18
68 31
25 25
100 39
78 48
87 60
18 4
9 5
85 27
31 24
60 26
99 13
58 10
36 25
28 8
71 71
95 40
7 2
82 80
67 56
60 43
71 18
51 21
60 2
8 3
73 40
78 36
54 38
43 4
26 16
39 17
99 20
83 61
12 8
45 39
58 48
87 87
18 5
37 34
15 6
32 16
37 13
43 3
56 25
33 5
12 12
2 2
63 8
73 33
81 69
64 41
28 13
67 12
50 18
10 9
42 30
43 22
79 3
61 37
29 13
17 14
65 38
17 14
94 20
67 34
62 10
73 31
85 38
12 6
64 53
37 22
83 72
60 4
60 8
10 4
67 43
88 20
65 24
72 16
10 6
19 13
56 24
92 83
65 64
84 22
75 48
39 6
54 33
54 29
99 34
81 26
57 31
23 9
92 75
67 64
33 21
28 12
2 2
29 23
80 60
25 3
71 37
11 4
17 10
100 9
37 25
51 35
97 65
41 38
71 15
17 7
84 50
5 4
80 34
30 25
57 22
12 8
30 2
99 68
66 38
68 64
26 19
27 6
13 7
45 22
74 9
76 14
10 9
6 2
6 5
42 32
30 15
53 43
19 9
28 24
81 65
48 34
68 62
11 5
35 25
13 9
6 2
18 15
21 16
10 10
10 2
98 70
46 17
84 83
8 8
58 28
95 36
7 5
68 22
50 36
51 15
3 3
59 48
53 53
14 5
18 16
56 40
61 48
3 3
29 9
68 32
11 5
9 5
62 11
49 43
91 12
44 38
78 53
43 32
81 15
63 39
7 6
81 76
20 19
80 17
32 23
62 38
75 30
29 7
67 17
77 12
10 9
63 5
38 5
72 38
42 3
57 15
5 2
70 37
75 49
56 40
61 39
41 30
29 28
77 14
96 67
10 4
8 4
83 21
2 2
76 2
90 62
62 21
4 2
51 51
74 20
3 3
89 9
58 57
18 9
13 10
100 75
34 20
87 76
17 12
12 7
4 3
93 55
29 10
100 41
100 11
4 4
59 49
82 82
98 7
46 25
48 32
81 58
28 6
79 54
88 32
57 45
5 4
63 7
16 13
85 61
39 6
66 42
20 5
98 88
8 2
46 29
46 21
75 16
30 10
42 18
32 5
8 6
49 33
52 37
24 12
29 10
64 61
76 71
57 48
60 19
91 91
20 15
99 88
41 14
51 47
62 52
47 25
67 53
9 7
41 41
62 58
19 19
47 21
35 21
16 2
82 30
17 6
27 18
92 90
42 6
63 62
96 15
76 15
4 2
57 45
68 57
7 2
24 24
31 24
71 19
60 14
56 29
81 51
84 52
63 11
35 35
57 13
18 15
53 28
77 65
17 3
71 67
99 37
47 30
8 2
14 11
97 96
82 29
85 53
50 2
34 5
69 6
96 55
39 7
12 2
54 51
24 3
86 15
84 55
26 5
59 48
19 10
84 26
9 3
19 18
68 45
6 2
17 3
6 6
31 26
7 5
10 8
22 17
37 2
37 11
78 76
52 51
42 40
49 2
63 49
3 2
82 44
63 14
37 4
69 23
22 3
64 27
8 8
68 51
16 5
34 12
11 7
60 7
96 96
40 7
50 49
7 2
35 30
70 37
58 36
62 57
80 30
60 25
80 49
40 28
15 3
2 2
97 27
71 33
94 56
7 2
25 24
27 15
26 19
91 66
84 30
73 59
4 4
25 18
48 43
86 5
13 2
50 45
89 26
22 14
6 5
2 2
19 18
54 25
13 6
82 75
42 41
98 43
34 16
84 21
41 14
6 2
17 16
44 38
71 21
50 39
40 10
25 8
73 17
35 29
64 21
82 73
62 32
77 8
66 22
90 33
94 41
97 31
45 4
68 45
9 4
55 23
24 2
9 7
76 30
64 3
65 57
27 11
28 6
39 6
41 29
3 3
78 64
64 33
61 16
21 3
14 10
67 51
82 48
40 6
38 3
10 8
41 33
76 14
97 85
15 4
68 7
93 20
72 63
27 19
98 19
25 3
9 6
7 4
81 26
89 16
32 22
17 11
62 61
58 13
81 68
55 46
57 31
73 47
3 2
79 8
60 46
12 2
62 31
66 47
3 3
65 50
54 11
45 11
11 5
37 2
82 59
13 9
4 2
89 25
18 17
35 16
24 5
67 15
94 79
29 23
27 5
71 9
76 45
15 12
26 7
20 2
50 15
71 24
73 69
32 17
100 19
38 9
20 9
73 65
31 28
38 37
92 42
78 65
51 38
94 69
75 40
34 28
15 15
46 5
89 33
40 33
56 18
35 16
65 47
78 27
77 2
39 6
20 4
41 34
77 28
96 79
55 26
49 27
41 24
30 12
74 10
66 55
53 43
33 11
64 32
56 35
57 8
26 2
4 3
92 60
6 2
23 8
31 11
43 10
16 5
30 18
78 41
42 4
36 16
29 25
61 34
47 39
4 4
77 26
38 3
9 3
79 25
36 35
14 14
48 6
31 13
84 81
80 80
41 2
59 41
22 17
99 94
17 17
55 43
50 41
28 17
15 4
76 55
71 9
67 10
63 43
71 9
80 62
58 41
86 38
12 2
71 8
68 58
56 39
43 42
32 5
53 36
49 9
9 6
83 12
30 7
83 34
56 38
77 30
47 45
85 17
17 13
27 6
38 26
35 30
33 29
54 14
75 42
58 54
40 26
17 15
22 18
29 2
56 53
25 7
23 16
41 34
32 14
81 44
66 2
36 33
42 15
55 26
72 4
14 7
68 14
30 7
38 28
57 20
76 34
4 2
36 24
23 8
25 13
76 64
68 29
67 13
63 2
17 4
21 17
71 13
84 25
30 13
55 48
51 28
15 4
55 4
19 18
96 30
10 10
84 10
29 15
28 24
41 38
23 16
96 73
65 29
26 16
26 14
66 19
77 74
45 23
23 9
32 16
82 51
93 64
51 42
32 2
6 2
54 39
64 17
33 26
26 5
28 6
87 60
63 59
52 9
51 28
11 3
11 5
9 6
35 26
41 16
7 6
21 2
86 18
17 7
33 13
67 13
43 38
45 30
37 15
75 22
22 14
42 22
14 12
58 19
39 2
50 37
35 26
94 79
90 77
5 2
86 80
41 27
87 52
60 33
77 64
14 14
80 22
83 77
16 12
80 71
91 86
6 3
15 7
68 60
48 38
54 30
82 65
53 46
99 81
26 15
90 65
59 50
72 8
21 9
49 15
79 75
13 8
95 58
2 2
26 18
10 3
23 9
79 63
88 52
11 9
95 80
93 26
70 61
36 28
13 13
86 13
67 18
28 27
68 34
62 6
59 53
2 2
87 71
23 5
74 69
86 46
42 3
20 6
31 22
15 15
66 14
87 28
40 14
72 43
4 3
9 6
15 9
14 8
97 22
57 39
75 13
85 26
23 12
43 13
21 3
74 38
90 45
81 79
2 2
28 19
83 73
93 56
76 50
58 45
92 72
55 9
93 92
100 82
3 2
24 11
86 12
44 38
67 44
55 31
40 26
98 25
9 6
68 68
82 82
52 52
43 37
88 23
85 24
88 82
89 67
51 41
70 67
87 30
56 52
53 7
10 9
81 78
12 11
30 2
9 5
64 31
22 6
86 40
74 70
57 6
11 6
25 20
69 59
20 10
60 19
31 31
32 5
37 24
97 46
57 8
85 60
68 41
21 6
77 77
67 7
20 12
66 65
90 56
88 65
32 23
72 7
89 19
82 17
60 13
78 16
45 22
39 12
60 10
22 5
18 12
50 24
12 4
75 9
92 92
46 43
37 4
75 72
12 4
45 33
10 6
22 19
58 42
33 2
70 7
62 39
63 41
92 58
44 39
30 3
16 3
39 36
12 5
95 82
84 84
58 11
95 3
3 3
19 18
27 4
22 11
45 36
56 15
2 2
38 29
70 41
90 36
89 69
55 19
78 46
47 15
44 17
33 17
10 10
19 18
93 16
31 31
87 15
50 49
39 38
61 53
51 28
87 30
4 4
100 88
71 8
55 6
16 5
30 3
10 5
66 11
14 9
89 42
67 62
44 18
4 4
33 4
5 3
47 34
95 93
57 2
12 12
92 59
87 56
58 24
83 82
51 51
6 4
99 61
52 20
48 18
90 26
7 6
7 2
84 73
75 62
73 60
56 9
54 9
93 39
53 33
31 3
9 7
30 16
39 24
41 37
47 40
78 69
29 9
81 13
55 15
8 5
44 29
87 31
10 2
40 22
2 2
71 57
73 20
26 24
78 61
35 28
20 7
83 39
51 28
96 86
84 33
24 17
16 3
54 15
40 8
53 51
8 4
9 6
78 62
87 52
81 62
83 16
8 7
88 51
6 5
10 3
84 24
22 9
11 5
19 15
13 2
31 29
15 10
25 2
27 18
46 16
75 64
50 50
75 24
2 2
59 53
68 28
66 55
25 18
90 10
92 64
36 17
50 44
13 8
74 55
96 75
46 35
22 2
76 25
62 6
85 46
83 14
63 33
98 2
81 71
5 3
100 47
63 33
83 75
84 81
72 13
18 14
11 10
5 2
47 35
89 23
52 46
31 4
63 40
49 34
77 45
54 3
46 23
88 64
17 2
64 10
24 14
78 55
88 57
42 5
95 22
82 41
15 4
30 28
80 35
55 18
53 45
62 31
63 47
5 4
56 26
91 81
65 2
12 8
82 67
74 13
69 10
89 6
77 22
31 28
17 9
99 6
16 16
28 20
30 22
62 10
79 55
28 6
6 2
62 2
33 8
47 9
64 49
5 5
57 42
89 16
76 3
18 17
68 28
72 56
43 15
40 2
14 3
81 20
32 5
3 3
6 5
28 26
8 3
62 41
67 2
71 59
41 5
20 18
10 5
80 21
89 6
74 29
99 60
41 10
45 18
34 13
33 25
48 31
29 10
42 36
17 4
18 3
77 66
85 77
35 32
30 26
70 52
13 7
85 42
47 33
94 77
85 85
2 2
32 18
76 7
35 7
52 29
75 3
71 55
35 29
35 28
33 22
23 6
77 46
74 54
69 10
32 26
44 18
77 75
50 15
30 21
19 17
74 57
59 58
69 40
92 84
26 17
24 3
69 8
14 4
65 10
75 69
40 24
95 24
97 12
13 8
13 10
12 8
22 22
14 13
49 18
35 3
90 73
42 20
92 51
100 64
24 24
9 9
62 34
95 20
49 10
64 50
96 52
19 6
46 32
11 2
20 3
96 75
66 22
49 20
53 10
98 38
82 58
6 6
3 2
57 47
3 2
95 78
14 6
73 53
77 28
51 38
51 8
28 25
40 31
99 25
26 21
26 23
86 60
37 32
55 39
10 3
66 38
37 2
98 19
78 73
100 100
5 2
73 49
90 85
41 16
94 59
75 27
58 47
60 18
95 28
28 23
35 21
44 32
36 25
87 17
53 5
67 48
29 28
77 44
4 4
94 18
74 58
27 4
12 7
12 7
9 6
36 31
2 2
24 22
9 6
65 40
28 14
54 27
79 28
97 35
15 9
75 20
55 42
37 14
19 17
28 28
67 50
38 16
24 22
31 2
100 85
48 40
20 15
75 58
70 26
75 24
29 20
88 41
17 14
64 3
40 3
38 6
43 19
24 9
39 13
28 3
26 12
25 14
16 2
87 58
67 47
37 30
91 23
71 40
90 41
45 28
18 8
50 27
54 51
3 3
30 29
61 4
4 4
16 4
19 2
67 19
87 50
86 58
64 29
91 55
83 74
30 28
40 8
56 11
82 79
85 68
78 64
44 6
17 10
48 37
72 55
5 3
65 41
100 79
20 2
37 8
25 8
88 52
64 27
15 10
61 13
73 14
65 58
15 15
82 2
63 37
77 52
97 37
74 72
46 43
76 46
9 6
8 2
92 74
35 2
92 74
58 57
69 4
70 25
20 15
69 19
34 6
75 44
57 22
6 6
21 20
92 51
4 2
18 2
4 3
95 35
57 20
63 12
66 22
19 7
48 34
51 24
23 12
12 5
73 18
2 2
25 6
26 22
68 58
46 34
15 9
100 96
9 9
71 44
100 62
18 10
38 15
94 6
12 9
55 18
20 4
97 64
48 42
79 7
50 21
64 32
50 44
79 20
36 13
41 26
16 4
90 20
12 2
88 85
26 19
90 12
8 7
34 30
41 13
9 4
46 19
90 78
65 30
72 49
60 2
82 8
40 30
71 34
87 71
56 44
80 14
60 22
3 3
73 54
85 12
44 40
66 29
53 50
6 5
65 47
16 9
52 16
9 6
40 40
91 53
26 16
92 91
47 30
8 5
42 28
94 68
85 30
70 16
97 27
7 3
96 43
91 89
75 48
71 36
75 64
92 73
77 54
69 8
21 5
51 14
30 24
71 13
44 19
2 2
50 16
59 2
79 49
14 5
36 30
67 56
67 51
38 9
83 39
78 69
21 19
57 50
90 27
21 9
64 16
58 22
30 13
78 38
96 34
46 3
69 35
55 38
51 28
100 23
92 78
19 8
15 3
46 2
70 62
79 36
43 39
46 3
3 3
6 4
100 42
36 21
91 70
78 33
61 33
78 47
63 17
91 16
86 60
63 15
50 3
73 36
64 49
67 20
15 11
2 2
60 35
97 73
7 3
87 30
72 31
65 29
42 7
87 76
72 10
91 5
62 32
19 10
40 18
78 16
76 69
87 31
55 40
70 32
29 9
6 3
5 4
22 20
15 2
87 17
83 47
68 17
15 2
46 38
81 40
73 10
73 25
45 15
81 50
2 2
77 58
17 7
19 14
5 2
72 62
45 4
42 24
39 3
38 28
63 13
98 39
100 80
2 2
99 34
34 21
81 28
64 56
36 12
33 15
95 75
69 20
74 2
16 10
91 67
26 3
51 31
88 8
46 46
33 23
83 48
77 17
49 48
36 14
39 7
6 6
43 9
24 14
79 79
83 25
63 25
65 49
22 11
18 17
79 61
32 22
2 2
92 17
28 28
20 4
62 27
70 68
50 39
47 32
37 16
52 14
5 4
77 46
65 54
40 10
78 23
56 53
3 2
100 68
37 16
60 57
73 17
42 7
98 65
43 11
72 21
16 13
45 2
47 36
56 5
20 17
17 10
27 25
71 26
80 69
4 2
41 36
42 12
23 11
42 28
50 45
25 15
67 62
56 33
81 60
59 54
38 32
52 36
29 13
7 7
10 4
97 45
63 21
45 23
14 7
54 41
70 63
41 30
98 28
88 5
80 47
58 14
74 47
50 18
11 7
97 72
24 24
38 30
79 52
56 19
73 66
22 7
28 14
52 41
59 16
18 2
90 13
39 30
8 7
31 10
14 14
64 8
28 20
28 10
76 37
15 3
30 13
28 12
81 33
96 38
39 7
45 35
39 35
89 39
74 13
52 4
14 3
46 42
43 24
25 7
22 3
74 39
69 9
34 5
82 21
68 19
44 18
38 17
17 12
46 45
80 6
55 30
9 8
96 85
2 2
77 30
71 53
37 17
76 33
15 15
17 6
27 21
50 26
89 68
49 34
59 41
89 41
89 42
89 81
18 18
93 70
64 51
20 16
77 46
93 16
12 7
63 6
17 3
20 12
30 11
25 23
57 15
23 5
59 44
93 7
14 10
95 68
14 5
38 13
31 9
91 67
91 40
52 47
72 60
27 4
3 2
55 9
41 15
42 19
64 45
39 27
49 46
95 51
79 48
89 10
64 58
52 29
99 68
72 56
88 48
61 36
30 16
15 9
43 12
95 43
71 46
8 5
8 7
27 3
98 44
31 27
63 9
61 49
53 6
69 58
91 48
12 6
59 35
13 3
44 42
31 9
43 29
45 21
29 15
34 16
58 37
12 4
86 50
57 11
48 20
18 4
97 4
66 49
92 89
51 46
10 5
94 69
38 36
31 29
18 12
19 12
29 19
57 57
82 26
94 6
76 71
3 2
25 10
41 22
40 23
95 44
13 5
90 21
40 20
9 5
64 60
41 3
7 2
44 23
2 2
68 35
55 30
84 12
52 30
80 56
25 14
75 75
98 94
51 43
58 42
3 3
36 19
59 52
25 7
42 16
14 3
77 50
85 77
34 29
60 50
28 21
20 16
42 28
73 29
78 56
10 7
13 5
15 14
60 4
13 5
26 20
3 2
15 3
59 35
39 5
78 23
43 23
40 11
11 11
16 3
61 23
37 34
3 2
31 23
30 9
25 25
34 27
88 63
89 47
69 51
68 15
38 22
96 64
79 37
72 6
82 66
58 34
37 11
58 28
17 9
53 15
41 41
56 4
76 23
27 4
87 40
95 68
14 3
17 4
45 40
69 26
3 2
56 34
73 29
99 9
65 14
31 14
78 23
46 44
49 10
34 30
11 6
17 4
87 38
31 21
23 14
66 33
66 9
29 21
76 58
98 8
100 31
5 5
50 22
4 2
45 3
5 4
32 8
91 38
14 2
82 18
53 43
45 44
65 2
32 4
72 14
44 23
8 3
44 38
24 13
10 3
68 52
32 18
28 22
84 35
8 8
96 67
72 11
56 38
11 8
25 25
42 30
64 4
3 3
76 37
5 5
67 46
37 30
37 13
66 11
82 56
57 40
44 3
42 21
9 6
16 8
78 72
4 3
34 9
50 46
57 21
52 33
55 27
30 6
28 9
45 27
53 18
28 4
36 10
32 28
10 7
83 42
33 29
30 20
79 2
12 7
12 11
92 65
86 4
74 22
94 13
82 71
93 48
29 8
99 88
95 52
25 11
89 29
74 22
2 2
61 42
3 3
23 16
19 14
84 80
53 40
72 70
80 68
98 12
88 41
44 12
82 67
59 28
58 48
87 62
83 29
33 32
64 21
43 36
49 46
19 9
15 9
95 88
37 7
80 40
8 6
65 24
9 6
93 15
57 29
68 43
7 6
53 2
86 37
41 27
27 5
40 39
34 18
39 30
17 6
61 22
77 48
5 2
28 20
2 2
73 19
87 35
98 57
90 59
61 6
55 26
62 27
74 30
80 13
93 77
10 4
10 2
78 51
97 73
77 10
21 6
66 3
97 50
82 23
60 59
41 34
52 15
61 44
41 15
21 5
49 43
72 67
17 10
35 10
54 16
90 18
11 9
44 37
96 56
19 13
70 66
68 61
68 18
96 95
81 32
99 29
24 11
28 28
95 73
90 38
83 23
67 59
36 24
87 53
23 3
40 37
22 22
29 3
15 14
95 83
71 26
22 8
76 52
13 10
35 4
20 11
23 6
74 2
83 3
67 27
72 71
98 18
9 7
16 5
67 42
52 33
50 3
53 53
11 9
100 7
46 6
58 19
50 25
33 17
74 16
27 26
40 26
43 27
88 7
48 30
93 76
15 2
50 33
44 33
100 6
3 3
4 2
2 2
88 33
60 57
52 16
58 28
49 25
23 10
53 36
40 5
43 34
11 9
96 26
40 25
19 4
26 8
5 5
60 12
72 36
11 9
36 19
26 17
51 4
90 71
17 4
61 44
35 10
51 15
90 21
83 3
37 25
49 10
22 22
80 43
23 10
93 19
96 89
84 60
55 55
29 20
98 21
100 88
92 11
72 54
14 3
82 43
43 38
42 38
50 36
81 17
89 30
84 55
27 3
90 52
11 9
58 9
40 22
8 6
91 79
31 23
12 5
59 45
65 63
58 10
36 11
84 33
62 48
14 6
66 8
20 20
54 24
7 5
46 3
92 51
24 7
43 9
76 26
67 7
89 50
47 12
14 8
71 63
76 40
90 24
76 10
62 44
21 15
16 3
44 30
79 48
92 69
45 4
68 43
9 6
100 33
25 12
28 26
43 27
78 76
37 7
70 67
44 9
45 5
35 32
78 14
58 42
5 4
98 94
36 10
58 17
12 6
91 14
16 16
44 18
2 2
13 6
49 7
47 2
48 34
97 27
33 2
45 25
20 18
61 53
38 37
10 9
52 24
96 78
61 34
67 16
8 5
73 41
82 47
31 16
21 18
45 12
26 17
92 54
14 10
45 24
50 38
100 98
74 25
61 15
29 4
49 5
69 31
99 81
86 48
86 83
82 13
73 18
80 36
67 3
61 33
70 59
46 19
87 48
35 26
27 7
18 8
45 36
63 28
68 5
29 25
77 52
10 5
74 34
13 10
26 24
7 5
41 8
58 29
29 5
72 12
77 47
61 55
100 27
48 10
52 47
82 2
86 30
20 4
77 58
61 16
15 8
81 15
69 22
70 3
73 37
99 98
5 2
73 60
75 20
40 13
61 32
42 42
98 62
17 14
66 64
98 88
53 26
45 41
51 16
59 31
30 3
82 71
84 40
85 6
48 46
83 69
89 72
8 7
88 55
33 28
21 19
90 11
50 47
27 8
49 30
65 35
80 66
90 3
42 30
39 22
58 15
80 5
68 54
31 30
33 32
99 71
46 29
8 4
17 5
43 24
63 59
92 82
26 12
75 66
45 20
80 59
76 36
73 62
54 28
68 40
98 11
76 37
26 8
72 25
13 8
21 8
7 3
9 6
69 67
17 14
69 32
20 18
63 5
91 72
29 21
57 22
54 18
51 5
57 25
70 47
41 18
62 53
42 29
45 31
74 29
81 75
74 47
89 20
93 12
63 39
53 17
52 22
29 11
81 41
4 2
22 22
24 24
51 8
74 53
26 18
36 7
64 24
28 10
27 26
20 20
45 13
30 3
59 35
71 55
12 4
66 23
11 7
56 17
17 11
17 15
68 10
68 62
30 12
23 10
91 50
55 38
51 51
70 6
36 22
73 15
44 16
59 18
72 8
52 15
70 40
37 6
65 12
99 18
71 66
19 17
7 7
56 33
7 6
11 10
28 28
87 31
33 29
75 34
18 2
69 38
68 56
40 38
49 39
65 45
10 4
18 6
88 17
11 2
12 11
83 76
20 17
85 80
37 14
62 5
10 3
2 2
37 37
27 7
40 30
15 9
24 15
13 4
58 17
43 5
48 30
46 10
72 52
12 7
55 23
92 28
86 63
69 31
2 2
24 7
68 27
17 13
33 3
39 7
30 27
33 22
84 32
93 77
39 39
100 16
44 25
76 63
96 11
99 84
74 30
12 9
69 46
42 18
72 52
40 39
69 56
50 37
18 11
17 5
95 7
18 11
100 73
78 65
76 15
92 30
8 4
79 40
42 23
51 18
47 29
72 44
18 9
13 8
73 7
61 56
23 19
60 4
67 18
71 44
60 23
79 40
70 14
70 9
8 3
36 14
90 84
13 7
39 22
24 22
46 28
39 26
24 4
15 7
68 63
12 3
12 12
11 11
100 58
7 7
22 9
90 46
93 22
10 2
31 14
93 39
47 16
17 7
7 7
99 6
3 2
23 4
92 32
10 10
7 7
12 9
4 2
28 11
58 48
90 89
14 12
17 8
40 20
81 4
31 23
6 2
22 16
24 16
52 43
48 44
13 10
99 48
65 55
92 30
61 24
66 24
13 5
95 9
51 46
50 38
61 38
2 2
52 36
59 19
50 23
12 11
13 2
97 61
12 5
31 26
90 44
85 27
5 2
46 24
30 30
60 13
84 25
99 43
89 29
81 67
22 5
35 10
29 7
87 71
82 60
79 65
91 24
92 56
71 70
33 21
54 6
62 50
51 15
2 2
99 62
27 7
25 11
95 56
41 12
42 14
10 7
6 6
38 10
57 14
87 27
93 79
6 6
15 3
46 10
70 52
6 6
28 4
51 37
78 14
98 48
35 35
60 32
79 7
32 10
45 40
50 24
84 34
19 9
2 2
47 15
70 45
88 83
54 14
15 5
53 19
9 2
19 17
81 30
77 63
4 2
88 57
3 2
6 5
56 54
3 3
25 8
27 14
98 41
30 16
64 14
9 2
48 6
30 18
9 3
73 23
24 16
74 61
57 5
35 35
96 71
81 11
43 21
55 37
73 28
46 8
41 27
24 10
10 10
83 35
17 2
7 3
79 7
68 60
84 17
64 31
88 6
22 15
12 4
72 15
61 55
89 51
50 39
50 38
97 13
8 3
56 40
60 55
56 52
8 8
7 6
34 12
50 29
9 5
80 36
85 8
56 46
72 68
60 59
29 17
32 4
68 49
99 96
77 12
39 20
79 15
56 54
86 13
45 28
88 9
16 7
16 14
92 2
3 2
74 11
4 3
3 2
85 45
13 10
62 33
99 11
54 14
65 47
25 7
19 17
67 38
24 18
50 22
33 32
67 57
6 6
78 2
98 62
29 23
8 2
50 2
91 83
40 25
23 6
25 16
33 2
13 8
28 6
60 3
27 22
54 51
55 55
76 71
54 2
69 56
7 5
66 62
14 3
70 40
47 34
28 4
77 51
64 32
73 58
78 32
64 34
100 92
63 6
64 39
56 33
27 15
95 22
9 2
93 46
74 13
25 6
84 63
53 32
40 9
28 21
56 9
22 20
69 23
17 7
28 14
37 36
47 21
7 2
36 20
98 2
48 12
60 32
28 6
65 50
13 10
93 19
47 6
46 5
77 6
95 75
84 77
98 65
30 29
82 58
55 31
83 53
71 53
38 18
88 44
42 2
51 4
7 7
36 33
41 18
50 13
31 17
53 3
71 9
83 82
41 35
58 56
43 39
61 48
48 22
33 14
86 50
20 15
26 24
27 2
10 9
38 19
59 57
72 30
14 12
58 14
52 42
73 53
47 35
72 14
3 2
13 13
42 24
50 43
73 13
38 23
13 9
75 67
80 71
53 31
13 10
66 53
90 35
84 61
18 18
72 47
19 7
98 76
80 23
98 80
35 4
65 21
51 23
75 21
17 2
96 37
25 4
79 76
82 37
53 25
23 8
8 5
65 44
51 5
89 76
18 7
60 29
7 4
42 29
6 4
25 22
35 21
93 60
60 41
100 7
43 41
12 11
38 6
16 2
33 23
10 8
27 17
50 32
62 9
2 2
100 25
25 17
20 12
20 12
84 69
69 47
20 2
38 22
60 60
66 64
38 32
56 11
41 28
93 39
51 39
86 9
78 38
30 14
17 13
86 74
65 15
64 37
27 14
66 19
67 25
18 8
21 17
55 22
18 14
77 17
94 45
57 33
77 74
46 30
40 21
51 47
70 12
49 41
22 6
89 73
77 48
81 28
67 35
49 4
18 18
47 39
45 36
39 19
37 28
43 33
76 47
82 35
34 10
97 79
23 23
29 11
17 4
56 47
82 52
21 6
49 17
17 7
4 4
20 17
75 58
95 12
90 51
7 5
57 18
18 2
67 39
34 15
54 33
22 22
44 3
40 16
64 24
88 69
85 13
98 70
77 33
100 41
3 2
78 73
37 9
81 16
24 3
53 24
8 5
51 18
61 48
5 4
34 5
4 4
95 76
44 5
41 35
77 12
69 43
10 3
83 14
53 39
63 61
51 30
38 6
63 63
62 23
24 5
90 76
50 7
58 38
70 22
2 2
91 72
3 3
53 52
27 21
32 25
87 54
74 68
55 5
46 35
36 28
23 8
79 43
67 24
41 14
32 21
61 8
48 24
10 2
89 75
69 52
80 5
76 8
85 68
53 52
75 44
56 7
84 24
42 18
99 61
31 8
41 22
47 34
69 69
65 32
74 71
33 9
42 38
94 4
75 9
51 40
78 46
33 13
73 15
28 5
43 39
87 69
9 6
53 10
99 10
80 29
16 15
82 39
36 20
26 9
17 8
76 59
5 3
20 12
58 20
70 41
69 18
48 47
74 32
57 15
6 4
97 32
50 22
90 25
16 3
85 4
45 17
11 8
21 3
60 18
89 28
98 50
72 70
35 28
76 15
45 21
88 5
3 3
30 9
43 7
16 5
8 7
19 9
3 3
62 28
29 5
46 17
38 8
68 12
77 60
69 29
28 24
83 17
30 19
77 25
17 6
75 47
99 3
54 22
26 8
52 19
3 3
23 11
63 32
78 27
89 76
60 14
71 51
77 34
86 13
43 37
89 63
68 28
70 9
54 2
50 48
24 20
36 3
55 40
38 34
87 18
34 4
60 60
90 38
62 56
28 28
35 23
47 12
49 34
7 3
21 20
12 11
86 50
68 46
65 30
29 3
3 3
34 30
91 23
43 25
23 2
53 30
43 24
71 2
7 2
10 8
55 50
72 28
30 24
87 12
86 50
74 69
65 14
15 9
5 4
24 13
37 6
22 9
90 7
40 35
6 5
29 26
86 11
89 71
61 7
13 2
97 68
50 31
10 3
33 22
37 14
24 16
46 15
13 7
53 19
56 22
21 16
86 5
72 68
17 2
27 10
65 23
18 2
28 13
5 2
64 19
66 27
30 10
96 37
7 2
23 15
60 43
73 35
53 3
69 47
74 59
49 32
85 15
24 8
34 7
99 69
98 8
57 54
83 28
86 19
57 36
32 29
76 3
94 4
14 10
21 21
8 5
84 36
16 3
21 5
3 2
3 2
62 46
73 9
5 4
7 4
25 18
58 25
95 92
33 30
2 2
11 6
58 27
70 45
30 2
13 2
93 21
78 34
37 25
48 31
27 3
24 4
84 8
61 51
46 22
76 22
52 11
80 52
63 4
78 56
62 12
90 28
50 47
91 58
12 5
31 10
91 68
85 78
100 20
46 20
11 5
30 21
3 2
29 8
27 11
56 23
66 7
97 42
65 2
75 6
48 25
41 41
24 4
56 30
98 86
99 81
39 33
79 16
68 14
25 9
37 8
90 64
80 73
11 9
16 16
39 14
80 13
26 16
86 53
69 68
35 23
83 48
35 33
86 35
8 3
36 25
60 49
15 5
9 2
59 17
74 60
55 18
50 31
32 19
9 6
5 2
56 53
99 75
40 4
64 56
40 31
46 29
47 6
55 53
52 21
47 12
39 13
89 67
83 75
92 77
4 2
6 2
23 22
20 20
91 5
89 50
45 18
79 39
15 5
2 2
7 6
31 29
86 12
59 12
14 2
81 24
80 25
38 31
32 12
90 57
23 5
73 22
63 49
18 10
47 2
25 2
24 6
42 29
65 53
98 27
88 63
59 23
97 19
60 42
65 16
11 10
51 12
20 5
37 33
100 22
82 41
13 7
74 42
52 39
44 35
52 38
45 30
56 2
85 73
36 3
53 31
83 21
2 2
96 95
28 10
78 28
55 46
5 4
89 21
90 88
75 32
40 21
11 9
60 41
82 6
22 22
98 78
6 3
66 53
93 6
41 25
88 75
8 3
33 8
61 33
27 22
8 2
34 31
15 10
87 28
52 43
67 56
24 8
78 32
50 46
76 69
59 9
55 34
95 41
64 10
83 81
76 38
44 33
11 8
47 42
53 36
25 3
56 56
82 6
2 2
95 37
33 25
79 66
14 11
82 11
29 8
11 3
94 13
8 6
40 8
99 54
100 45
85 70
53 18
100 70
86 4
53 39
73 71
18 8
86 64
16 9
50 9
29 21
65 41
52 12
14 8
13 6
72 11
27 16
11 8
53 53
19 6
45 38
13 6
80 40
65 12
22 16
85 55
14 12
30 29
92 34
99 5
70 42
97 93
26 11
91 65
87 24
95 31
43 20
30 5
46 34
58 40
69 10
73 18
2 2
29 14
45 12
17 13
75 12
46 13
55 31
22 5
41 9
13 12
32 29
26 19
95 54
14 8
47 35
40 3
43 14
31 6
75 30
19 8
4 3
74 41
95 73
4 3
12 4
70 37
75 35
36 21
17 9
79 61
16 15
10 10
95 42
4 3
33 19
52 4
50 8
38 16
53 9
78 41
12 5
62 26
91 23
59 30
82 77
77 4
15 8
36 7
19 14
72 33
63 62
27 19
70 6
21 15
47 42
46 15
48 17
57 47
24 18
46 17
14 2
24 10
67 49
70 22
16 4
32 11
20 8
58 3
34 6
76 52
17 8
75 38
25 13
64 11
12 9
52 11
34 18
39 33
34 32
81 12
26 19
64 59
40 21
100 6
47 19
74 6
44 7
11 7
24 24
50 11
73 16
67 56
27 24
83 71
42 24
89 23
15 8
79 16
57 27
96 48
71 28
25 24
48 34
31 31
87 57
10 5
28 10
33 6
37 32
75 54
73 67
20 6
43 31
69 39
13 7
28 14
75 9
95 23
85 9
37 3
2 2
66 19
15 6
54 42
11 6
61 43
64 36
49 14
68 29
30 25
90 84
35 27
71 51
12 4
26 2
81 46
30 13
42 41
28 25
41 32
55 40
98 5
71 10
59 50
55 37
97 94
24 15
56 50
61 36
80 3
47 25
34 10
79 14
29 9
86 81
26 19
96 72
49 11
23 12
25 22
70 6
78 24
100 92
47 22
37 26
42 21
11 7
45 19
47 47
64 61
76 14
5 2
75 40
85 40
55 14
14 10
41 40
24 7
92 48
44 21
5 5
89 71
28 7
70 46
90 74
26 19
9 6
37 21
68 16
79 51
30 15
57 28
26 8
26 21
50 2
59 43
19 3
73 16
11 6
46 40
40 38
20 2
3 2
5 2
49 6
89 69
75 43
21 9
15 8
46 35
20 18
97 82
94 82
60 4
33 6
96 43
74 68
80 37
49 40
65 29
57 22
44 41
74 38
22 7
87 35
21 4
32 6
45 21
78 13
98 46
28 16
85 51
74 5
70 28
59 10
86 85
5 2
58 40
18 14
24 6
26 8
68 47
25 23
5 2
89 77
82 9
90 21
81 20
52 50
80 80
28 14
24 9
6 2
17 16
51 27
100 85
72 45
93 47
21 5
72 35
95 71
17 8
99 76
17 14
80 5
30 7
87 52
43 17
35 16
62 27
4 3
31 19
59 26
71 31
50 37
54 24
66 54
93 92
18 3
17 15
63 48
8 4
83 14
44 21
57 10
77 44
95 47
28 22
91 22
92 50
27 11
3 3
3 2
62 14
86 72
99 17
94 52
31 14
69 49
20 16
27 15
61 9
19 2
85 22
93 31
18 18
3 3
63 3
37 7
13 10
72 72
18 17
70 3
33 10
94 80
97 45
54 48
41 4
73 37
15 12
33 25
77 74
25 18
74 63
21 8
92 32
67 41
58 28
47 6
87 70
75 2
97 93
73 24
55 18
84 51
66 16
14 13
18 12
37 13
38 18
8 4
77 52
30 29
88 30
71 29
96 85
70 4
74 43
86 79
87 31
32 30
37 29
8 5
26 7
95 3
20 16
82 31
42 8
73 18
52 47
33 22
49 28
58 14
5 2
32 2
62 30
16 5
75 8
69 11
75 57
19 4
49 21
49 21
19 16
89 75
85 65
99 6
86 81
2 2
58 33
21 21
32 23
66 28
6 3
91 47
10 3
84 40
7 4
26 24
68 14
83 75
76 54
82 46
54 50
18 18
80 56
54 47
65 2
34 4
62 56
74 7
30 11
61 12
90 68
38 32
91 72
56 26
30 2
53 50
67 43
44 27
68 15
76 56
13 6
82 16
96 75
49 25
36 32
72 2
38 36
25 18
76 19
87 46
90 7
73 61
40 5
19 18
82 64
68 60
12 12
25 9
70 27
8 4
15 11
54 15
4 2
45 5
68 42
99 31
49 39
65 59
56 9
30 23
18 5
8 3
86 82
75 69
50 34
15 7
35 21
92 19
81 64
59 13
53 36
93 56
19 14
53 47
45 22
49 16
62 3
67 18
43 25
39 21
66 48
54 51
40 16
28 5
82 81
47 31
74 36
54 15
76 20
63 27
6 2
85 37
26 14
34 3
33 6
34 3
13 12
12 10
84 11
96 17
98 38
32 16
4 4
74 8
21 3
41 18
7 4
73 34
65 62
96 69
77 60
4 3
35 25
63 16
10 2
2 2
97 32
15 14
41 3
60 9
56 22
22 2
74 62
43 13
76 33
63 12
26 7
70 33
54 38
86 75
85 43
100 53
28 7
11 3
85 40
26 18
21 8
84 10
92 29
50 8
72 43
32 29
56 27
98 79
14 5
49 45
92 84
18 3
84 72
25 8
64 4
81 19
63 2
68 8
15 11
58 52
88 36
3 2
45 12
73 70
21 21
21 18
86 18
44 36
72 71
81 5
33 11
62 48
78 38
61 4
52 19
44 18
82 62
77 65
97 49
80 15
46 43
90 46
63 57
54 11
43 5
19 3
75 23
29 12
13 6
24 19
15 8
92 9
46 24
48 18
76 6
26 21
24 18
61 13
47 17
31 10
29 12
12 4
74 48
9 6
88 84
89 42
41 11
14 2
64 12
67 26
14 2
99 78
40 2
43 19
90 63
53 23
38 25
61 16
70 32
95 8
38 10
40 35
68 43
14 7
27 11
19 5
99 26
87 79
97 43
60 41
45 30
54 19
100 73
46 7
73 59
9 2
69 30
18 15
50 49
24 19
46 27
59 23
81 35
42 7
10 9
85 6
49 42
63 62
11 3
35 8
10 7
22 4
54 36
67 10
22 21
71 36
27 26
52 42
18 11
41 17
94 16
64 63
52 31
47 24
84 84
11 9
87 8
87 48
86 61
35 13
35 10
91 80
9 4
5 4
13 12
29 6
92 45
3 3
78 57
27 13
84 43
75 47
60 25
83 53
94 37
16 8
69 29
4 2
82 49
55 23
23 9
75 41
49 18
26 22
34 20
61 47
54 9
62 45
22 6
30 8
99 26
36 18
45 34
93 45
27 23
32 5
67 67
75 31
32 23
32 10
12 5
92 25
71 44
65 57
82 10
38 8
86 20
36 19
98 12
2 2
60 29
94 13
18 4
32 5
43 28
21 11
33 33
30 16
36 7
68 28
34 24
32 17
4 4
34 6
36 27
47 26
64 22
34 30
74 28
73 52
36 7
70 51
88 15
61 55
94 71
98 79
43 10
32 15
22 17
9 9
62 28
62 6
67 39
60 46
94 66
82 17
81 6
2 2
27 5
46 27
4 2
32 11
58 21
25 9
46 16
12 4
69 19
46 8
37 30
27 24
93 45
9 5
19 12
26 3
83 52
52 38
66 18
58 21
73 26
93 10
86 63
26 12
48 47
6 4
58 29
7 5
85 7
97 15
5 2
15 9
75 48
43 25
25 19
4 3
52 25
17 16
34 2
12 5
59 17
32 25
55 5
4 2
95 75
32 10
18 12
42 11
65 49
78 2
10 7
79 42
28 5
98 95
14 10
15 7
50 8
70 31
11 5
53 47
53 35
8 6
30 13
13 4
27 10
72 51
32 25
16 11
21 21
39 2
85 4
29 28
67 8
16 11
76 39
22 8
69 37
58 13
47 28
80 18
79 6
76 14
66 28
4 3
79 20
46 9
60 25
50 31
15 10
76 48
79 23
66 8
100 5
54 31
27 26
42 19
12 10
38 31
22 21
7 7
22 7
41 29
54 35
64 64
8 5
97 58
81 17
45 43
85 83
50 46
44 14
14 11
53 11
30 26
100 13
78 78
53 2
41 38
18 16
59 51
7 4
21 3
25 12
65 44
8 4
67 29
42 33
14 11
8 3
91 8
68 10
91 8
19 15
42 21
12 12
13 7
42 21
42 8
57 34
48 6
91 3
52 49
81 58
91 31
90 12
17 13
83 39
33 30
10 6
24 18
43 40
5 5
72 9
65 23
48 47
5 2
89 23
59 26
45 14
16 7
16 16
8 6
68 10
38 10
69 44
91 25
41 38
75 60
84 79
8 4
43 24
7 6
12 5
56 19
9 7
98 79
43 41
50 16
9 5
44 12
86 24
17 5
98 17
55 15
35 7
7 7
10 6
45 10
26 3
89 7
82 33
100 35
43 37
67 4
54 47
90 4
20 16
79 12
72 68
18 13
67 35
59 41
9 9
66 61
81 62
48 41
69 48
14 3
73 64
37 27
18 14
94 26
44 4
43 7
12 12
15 2
53 21
94 44
93 11
12 6
32 18
99 26
65 36
73 63
61 2
74 64
64 20
17 7
16 12
55 42
30 13
99 34
5 4
55 28
23 2
78 42
83 68
8 5
100 74
22 12
21 12
20 5
5 3
78 75
8 8
54 29
4 3
69 68
79 34
38 26
77 46
24 23
87 85
90 86
28 27
86 45
7 6
10 5
31 17
61 20
62 34
79 42
3 2
98 34
17 12
89 79
14 3
83 18
36 5
33 25
75 61
72 31
60 43
47 47
11 8
78 74
79 31
90 15
2 2
64 32
72 31
28 22
57 27
7 2
37 28
74 7
23 18
57 53
22 15
89 86
92 31
33 9
87 28
60 57
27 13
4 4
30 19
21 15
91 12
62 22
80 7
62 40
14 11
9 7
60 56
61 51
30 11
30 6
84 57
28 4
68 68
56 11
14 6
20 9
40 2
50 36
60 45
69 35
55 21
67 8
72 52
53 18
11 11
35 26
26 2
29 29
50 49
80 59
35 23
14 7
72 50
2 2
93 14
23 12
18 8
22 3
25 12
11 11
4 4
74 9
25 15
65 12
89 29
8 7
62 22
17 15
10 10
79 40
43 32
58 37
65 14
34 15
100 46
46 42
53 38
76 10
35 28
93 16
38 38
30 18
75 62
97 90
78 34
65 31
99 93
36 7
95 58
55 28
93 21
67 47
26 6
18 4
96 30
8 3
69 7
29 6
41 12
33 20
56 33
84 13
53 41
42 7
29 23
97 88
43 17
49 18
23 7
60 26
78 2
85 72
79 21
88 10
83 53
95 58
26 2
11 11
34 28
87 24
90 66
17 8
70 65
50 39
67 16
72 55
19 2
54 10
52 11
12 2
67 21
13 3
63 21
20 15
18 16
91 56
57 14
17 17
42 15
37 9
87 56
66 31
55 38
13 2
69 48
45 45
44 38
8 4
37 31
89 16
79 45
57 5
81 48
4 2
94 66
31 28
92 53
44 33
70 30
39 25
71 51
54 4
64 64
41 22
79 27
46 15
75 40
66 64
96 95
3 3
63 12
20 18
9 9
68 56
29 16
7 3
67 45
36 18
48 29
28 8
86 63
59 46
25 2
72 43
41 39
82 63
70 33
87 52
43 11
33 10
41 34
73 27
83 75
89 84
90 75
79 57
18 2
88 37
70 5
49 7
17 12
72 23
49 2
14 3
95 52
34 20
28 21
5 5
68 67
33 7
10 5
73 16
96 75
83 75
41 22
83 73
48 39
50 38
37 10
4 4
13 7
86 85
27 3
21 17
51 15
16 7
98 88
25 21
39 6
95 9
24 13
29 21
93 50
37 16
65 22
58 6
80 54
8 2
16 16
79 51
20 12
89 80
20 9
21 9
83 9
8 2
75 30
6 4
5 2
44 11
69 7
16 5
2 2
75 43
59 14
22 11
2 2
66 41
76 40
68 19
85 60
34 33
39 32
59 40
38 13
14 3
25 5
69 56
60 5
98 77
21 12
27 4
58 11
48 48
75 7
87 19
69 44
66 6
40 15
31 14
2 2
49 48
36 6
37 9
45 6
6 2
63 49
40 7
56 44
39 6
6 3
77 33
76 21
52 11
8 7
58 52
26 7
55 53
93 19
16 11
9 8
39 11
77 17
61 2
43 39
4 2
84 9
9 2
99 3
46 14
82 65
45 41
29 26
85 12
70 31
86 58
84 76
89 88
12 10
86 26
42 35
38 24
86 40
72 60
66 10
17 17
4 3
79 29
68 52
37 37
84 43
55 19
52 24
79 33
14 9
8 2
28 11
57 26
15 15
72 9
96 35
40 37
27 5
28 28
7 7
96 25
53 15
65 56
14 7
91 15
59 46
54 8
80 25
49 22
71 12
21 18
4 2
6 6
7 6
41 38
99 31
82 73
92 56
56 47
64 42
52 28
23 5
39 23
43 21
33 8
16 15
14 8
35 9
35 5
67 30
36 19
78 74
32 23
47 47
22 18
33 30
94 11
37 13
13 3
11 11
47 28
77 9
14 2
72 26
27 16
32 23
96 20
43 8
96 49
60 13
64 57
42 12
37 29
4 4
92 21
13 3
3 3
72 11
50 47
8 5
53 47
98 24
61 11
11 5
76 14
62 20
69 23
77 42
5 4
82 47
79 45
42 4
100 96
28 4
48 22
50 10
87 75
88 77
35 26
62 13
73 58
94 44
60 55
18 17
66 21
90 3
41 2
26 17
3 2
75 45
87 11
31 26
52 5
27 26
48 17
59 48
9 7
73 23
15 4
47 47
51 24
15 9
41 20
14 10
2 2
40 28
15 6
33 17
83 82
91 52
39 29
68 63
18 13
26 7
89 50
71 27
90 58
41 31
80 43
48 21
22 12
51 40
43 6
85 63
95 15
35 33
59 3
20 4
14 11
78 7
13 7
48 23
23 14
71 20
44 11
6 6
77 56
78 52
11 2
69 63
5 2
91 78
27 3
37 8
82 21
3 3
91 17
52 19
42 3
19 4
13 8
97 45
96 52
49 15
52 50
58 15
99 82
70 20
68 53
77 37
70 5
81 59
29 23
39 37
49 35
13 11
17 11
86 41
44 14
60 55
97 91
2 2
47 21
33 19
23 13
50 35
84 30
55 18
12 5
69 49
100 73
52 20
87 13
40 23
57 40
25 14
44 9
100 15
57 43
45 39
67 64
40 21
92 78
63 43
6 4
96 4
48 46
35 22
35 23
48 16
17 16
67 58
72 34
90 30
30 26
25 21
74 49
13 5
6 2
32 29
31 30
96 31
98 29
75 63
94 17
64 52
40 30
98 62
71 14
29 6
26 9
36 8
13 13
80 36
42 33
86 59
4 3
79 12
49 16
69 61
97 63
76 72
29 14
29 16
84 57
78 2
8 2
82 3
76 39
65 62
92 58
92 40
65 39
89 57
86 68
58 44
71 48
65 57
75 17
96 7
34 3
24 15
98 17
96 25
84 70
7 6
50 29
61 12
53 18
64 17
29 29
82 35
10 2
5 2
90 16
97 92
43 13
84 44
12 6
56 42
35 21
54 43
27 9
15 12
13 9
92 65
96 42
11 7
61 50
32 19
29 20
68 50
26 21
43 41
91 70
33 20
10 3
33 15
37 22
91 9
73 27
10 9
29 19
93 24
41 16
89 77
93 58
32 28
39 35
34 11
55 27
61 36
16 13
20 11
55 6
70 25
60 8
3 2
67 20
85 48
31 10
30 28
60 45
11 8
6 6
96 32
97 31
28 11
68 33
96 6
58 51
17 8
36 29
22 5
26 7
11 10
26 26
52 15
65 64
14 10
28 23
5 5
98 90
7 5
66 50
38 26
71 30
95 23
18 5
81 44
84 41
63 20
41 7
77 18
6 6
32 8
9 9
42 32
16 12
29 15
46 2
12 8
22 14
70 11
89 77
100 89
20 10
94 39
75 32
90 8
80 48
72 66
42 33
10 4
38 16
66 9
40 33
49 12
10 2
33 4
31 28
9 9
45 31
84 52
41 11
69 66
37 36
99 81
23 3
60 5
27 13
48 22
35 22
16 11
83 54
62 40
76 12
11 6
87 32
70 5
41 13
26 4
95 91
89 76
37 3
39 14
63 39
32 23
84 65
29 26
93 4
48 39
39 37
75 7
64 34
30 15
91 79
36 7
8 7
63 28
13 9
67 37
59 13
33 30
79 37
52 42
51 25
96 77
45 32
23 13
41 39
40 12
75 73
56 39
15 3
53 20
16 13
47 13
87 66
7 2
94 67
30 22
98 78
13 10
58 26
49 8
68 11
81 48
71 69
60 53
89 63
8 4
37 3
15 8
64 40
95 75
42 17
99 43
10 10
71 55
67 29
72 19
16 14
29 29
13 3
73 68
7 4
57 32
34 4
12 5
13 11
12 2
88 27
16 15
19 5
5 5
98 40
4 4
43 6
61 49
70 57
43 2
19 18
65 15
89 78
89 78
70 53
83 3
38 19
2 2
50 48
3 3
62 61
88 54
82 42
39 10
11 5
63 53
63 58
48 17
24 20
17 10
93 34
21 4
49 24
97 14
59 49
25 6
6 2
65 4
27 2
68 6
96 81
79 52
55 47
79 19
70 2
72 40
70 53
9 4
47 33
95 31
4 2
59 54
2 2
7 4
59 15
95 28
86 76
59 46
82 54
90 75
41 36
81 63
49 47
84 31
24 14
22 9
2 2
80 8
19 13
8 8
23 15
54 53
93 31
17 4
93 29
12 7
32 21
50 38
80 21
89 45
67 9
25 6
61 53
4 2
63 30
97 34
75 15
59 47
68 5
47 2
97 35
2 2
18 8
89 12
5 2
47 15
78 55
29 18
63 16
43 13
25 10
98 40
11 10
30 24
57 19
21 4
6 2
47 41
45 7
74 10
64 37
67 50
78 68
39 33
78 34
87 40
60 30
96 21
37 13
67 17
61 49
31 11
48 34
34 5
10 8
60 7
21 21
59 44
89 41
94 41
67 30
78 28
92 89
99 65
93 62
88 40
89 44
51 49
57 25
76 28
33 15
20 20
79 3
89 15
95 64
69 32
92 36
3 3
70 52
62 45
97 75
80 15
35 6
84 10
26 8
46 21
20 12
77 70
52 44
94 64
52 2
30 23
19 3
29 8
38 7
20 5
10 2
58 22
28 6
3 3
78 3
55 16
54 40
50 10
7 3
68 19
81 44
65 60
59 31
100 9
36 3
71 40
51 35
94 69
24 15
82 23
99 93
61 24
4 4
89 5
88 80
4 3
72 68
40 14
70 23
2 2
71 41
21 18
33 21
32 6
45 6
64 47
35 13
33 33
3 2
40 36
45 19
22 9
80 64
70 46
57 35
73 34
6 5
53 34
10 6
41 20
68 50
11 3
61 34
96 70
52 17
51 38
84 82
2 2
16 15
36 19
97 38
97 19
38 23
99 13
43 42
79 58
37 6
60 50
86 61
36 10
78 24
82 60
17 11
91 79
84 15
22 16
100 68
2 2
22 15
43 14
79 28
45 34
32 26
32 10
50 46
5 4
4 3
69 31
42 3
97 28
59 52
64 18
65 27
24 20
48 22
30 24
14 13
93 67
18 8
21 3
40 6
55 54
46 13
81 70
79 8
25 19
79 66
34 5
80 9
89 67
33 8
41 31
2 2
79 53
26 22
3 3
58 4
85 17
78 15
11 5
33 33
7 3
97 68
94 89
8 4
52 48
76 60
79 5
42 2
73 45
13 8
99 18
26 9
5 2
52 17
100 31
55 22
5 2
16 14
73 52
98 37
6 4
40 11
82 24
82 13
28 10
72 43
85 9
25 20
79 16
73 33
82 38
30 8
9 2
8 5
3 3
77 61
89 77
45 20
80 45
43 19
12 2
65 8
27 27
10 10
75 28
73 47
56 56
72 42
78 76
9 6
66 49
46 41
54 45
62 45
67 65
63 18
63 54
24 5
95 22
13 5
16 10
79 23
68 40
87 86
19 12
55 10
70 40
21 14
37 11
17 12
100 7
55 31
78 12
71 20
27 8
51 41
93 52
27 16
58 30
12 5
17 3
21 7
38 3
37 18
74 7
42 8
31 7
50 32
81 64
44 4
37 13
20 5
18 3
64 28
29 10
54 43
46 20
46 21
3 2
61 56
31 25
84 6
43 38
52 52
95 28
74 18
59 45
86 41
9 8
77 34
35 22
2 2
79 6
67 29
3 3
50 30
70 7
57 30
73 48
55 29
43 28
32 11
66 28
9 2
73 44
19 16
65 55
26 2
76 26
5 5
40 3
74 8
84 84
11 9
34 12
72 56
33 31
41 25
48 25
46 44
76 35
25 9
55 52
6 4
37 24
28 19
39 39
41 40
52 22
21 7
59 26
72 71
44 24
22 9
75 31
48 8
64 28
69 10
9 3
22 9
19 2
90 40
29 18
42 21
63 35
88 63
18 9
60 41
13 2
32 12
24 15
95 46
58 42
92 85
18 16
69 5
37 15
30 7
90 77
18 7
24 22
11 9
59 24
55 34
16 13
54 39
21 16
71 30
20 19
48 7
72 34
79 10
47 31
45 38
10 3
11 8
39 24
51 33
21 2
25 16
75 46
67 7
69 58
7 2
68 13
68 40
91 91
27 21
33 26
94 34
65 59
94 53
83 18
69 52
79 69
68 44
54 22
5 3
94 92
76 48
22 15
81 78
75 32
6 4
24 7
28 7
58 24
74 40
19 10
79 59
46 32
98 23
72 25
37 17
56 15
4 4
27 21
58 2
46 27
94 93
60 35
37 23
36 28
33 16
76 11
4 4
8 3
94 52
90 43
2 2
94 52
26 9
29 27
89 7
31 18
38 28
81 55
92 32
85 42
67 47
4 2
89 72
61 55
90 85
44 16
49 23
96 61
58 57
31 31
50 13
50 33
94 34
43 3
49 8
81 65
35 33
100 14
39 26
50 45
69 60
21 11
79 39
42 11
18 3
64 31
11 2
58 26
54 22
41 22
57 32
67 11
13 7
71 54
50 11
40 36
45 38
83 53
6 4
33 21
94 42
59 43
38 21
32 32
26 15
87 83
5 2
4 3
50 34
2 2
70 63
48 36
63 50
76 37
49 26
64 31
56 4
45 34
36 22
12 6
21 11
76 56
5 4
73 58
57 30
23 22
48 22
38 25
100 19
89 7
44 14
7 7
14 8
9 7
92 92
2 2
40 13
47 15
66 65
23 11
34 28
77 69
81 30
95 3
24 16
53 53
4 3
53 32
68 9
65 14
91 36
98 7
57 23
9 5
94 24
21 12
53 26
65 59
93 61
70 52
31 6
84 63
66 24
89 44
23 18
29 5
95 64
75 28
94 53
28 8
20 20
41 6
65 59
44 7
91 83
92 11
51 6
41 25
54 2
36 19
58 41
