10000
74 66
42 30
6 2
63 30
46 24
34 28
13 13
75 54
88 49
44 36
48 18
90 86
67 38
10 8
27 14
28 27
75 19
12 7
93 62
46 5
32 21
43 14
31 2
40 19
62 60
54 54
43 43
95 38
59 58
26 2
56 16
71 67
70 46
70 17
4 4
86 84
34 12
47 42
53 39
46 2
51 12
39 37
13 2
38 29
60 20
99 85
9 8
14 3
76 43
79 14
23 17
7 7
51 27
70 5
67 25
56 9
74 27
58 4
55 47
6 5
48 14
18 3
89 36
7 6
73 55
79 64
31 31
77 32
98 73
62 7
66 45
40 24
67 24
21 11
90 2
6 5
17 14
63 3
26 21
50 26
35 32
65 40
71 32
42 16
61 38
68 12
94 11
40 39
47 2
49 6
15 15
88 15
71 8
73 41
91 6
58 6
39 19
98 80
10 2
46 27
11 9
100 67
31 6
30 14
76 64
3 2
46 36
41 12
4 4
64 31
70 49
93 27
4 3
37 36
17 17
54 41
100 7
26 4
18 7
73 66
17 14
66 56
95 79
6 5
34 27
36 13
92 40
91 66
46 33
92 55
56 49
62 62
30 30
77 48
90 69
65 3
70 36
91 84
79 75
15 9
81 48
14 5
98 30
48 4
41 10
44 8
14 8
27 27
26 10
55 38
19 14
3 3
55 13
55 25
94 92
8 8
64 21
31 29
46 39
78 5
91 60
49 12
51 48
7 3
27 24
84 52
53 31
2 2
100 70
71 54
55 2
62 28
87 56
5 3
73 48
41 12
70 46
66 20
81 52
21 10
17 13
16 3
61 24
80 17
40 21
96 34
15 4
39 32
55 35
31 21
53 18
14 10
66 59
33 29
81 73
8 8
20 10
66 11
62 38
18 7
30 14
49 31
44 7
95 24
41 23
48 11
80 7
76 31
9 9
53 45
33 24
20 4
47 21
90 56
97 18
53 3
72 10
36 2
24 17
26 3
6 3
73 33
96 92
28 26
84 51
73 12
98 53
58 37
79 40
85 82
55 11
57 34
68 15
96 60
81 61
50 10
79 32
49 15
53 19
81 51
9 9
60 9
17 4
26 20
26 26
97 89
4 3
3 3
18 14
83 66
54 35
25 14
50 14
2 2
77 40
86 21
66 46
93 32
19 9
45 14
65 57
57 42
46 40
40 9
90 88
74 71
96 35
9 7
63 41
65 18
19 16
19 2
99 57
61 41
29 27
81 68
51 41
32 2
20 11
75 45
60 28
14 7
44 2
62 58
75 53
41 8
20 7
61 30
9 8
64 44
93 27
90 90
48 40
3 2
14 4
51 21
24 6
83 35
25 3
36 16
88 84
43 43
28 2
98 47
63 10
41 26
6 3
88 44
49 25
99 30
22 16
94 93
24 12
8 5
84 82
82 45
86 47
93 68
83 64
6 4
61 20
38 3
39 9
52 51
75 9
37 22
89 75
40 12
14 7
31 11
8 4
15 6
57 5
81 9
78 12
42 17
58 6
73 63
72 31
31 29
76 75
95 56
79 22
36 11
92 3
11 6
84 7
65 39
41 32
38 27
51 9
62 62
79 22
73 60
77 50
23 19
100 37
52 44
64 36
50 28
99 76
71 8
39 21
10 10
94 39
15 13
91 43
18 18
37 35
72 11
48 37
69 50
83 28
38 38
10 9
81 24
3 2
33 20
76 13
14 4
73 19
6 2
94 82
96 29
83 23
76 66
83 19
60 31
59 10
63 52
98 10
60 21
85 12
41 15
48 4
62 39
32 17
83 77
65 36
88 40
58 20
70 55
46 34
58 39
73 60
80 43
24 2
77 15
84 18
49 45
28 3
95 48
12 7
34 3
96 29
27 3
99 71
64 29
50 19
16 6
75 31
21 18
42 19
26 12
11 11
24 15
82 23
90 35
94 84
22 2
91 39
64 22
74 64
35 12
15 7
87 15
67 15
41 25
85 22
47 8
16 6
40 30
71 45
26 22
20 16
25 14
58 20
72 17
77 75
72 53
23 17
88 46
26 19
52 10
9 8
96 67
9 5
27 12
30 3
24 6
55 28
99 74
27 5
95 13
73 55
16 5
79 67
53 15
39 23
3 2
18 8
37 7
97 73
51 43
45 31
43 14
26 7
86 57
62 49
80 11
72 46
88 17
24 17
59 33
23 11
8 2
65 40
45 23
19 13
34 22
67 59
97 95
97 56
51 7
63 13
92 88
8 8
80 52
88 66
74 13
10 8
95 66
55 15
58 8
8 8
92 17
11 7
21 5
93 64
9 7
10 4
29 29
46 35
48 30
98 74
27 23
43 14
3 3
26 18
62 10
86 73
81 21
24 19
36 35
94 90
17 12
28 21
47 7
36 21
61 9
55 4
76 39
53 2
61 61
9 4
28 14
47 44
10 2
77 54
97 90
22 12
70 62
25 17
7 2
83 45
39 26
69 41
43 9
69 42
29 17
28 26
62 40
10 6
82 11
35 9
33 33
13 7
31 31
83 39
28 20
81 72
14 3
98 49
8 8
49 44
88 56
83 53
28 15
23 12
42 35
36 15
47 35
74 26
44 34
96 94
21 5
34 14
55 45
52 19
94 40
49 25
31 6
27 26
94 25
63 33
85 84
100 29
30 2
71 49
92 13
45 38
97 51
61 52
99 76
3 2
76 17
83 9
31 28
61 42
75 75
65 17
76 6
54 46
49 48
9 4
26 21
90 26
31 16
24 15
67 27
57 8
86 16
94 55
71 42
48 44
73 46
45 32
4 4
56 24
74 2
78 32
48 43
17 4
54 22
69 27
45 19
57 14
89 35
94 37
48 21
18 15
52 34
93 91
52 23
76 20
36 26
30 12
88 55
54 32
3 3
44 8
28 18
83 74
93 16
24 5
65 15
47 6
77 45
100 99
3 2
2 2
66 14
53 6
55 55
84 68
72 38
52 2
82 8
34 23
14 10
68 45
52 3
93 62
5 3
67 41
44 36
29 5
17 11
25 25
98 66
24 24
8 7
9 4
95 22
99 22
9 5
8 3
63 12
20 12
91 36
69 46
37 37
2 2
12 9
62 7
19 7
81 71
67 24
74 49
38 2
64 48
68 28
84 84
61 28
64 36
15 6
64 63
33 3
15 12
36 27
98 26
29 3
88 86
70 12
79 40
6 4
34 6
31 18
64 4
92 72
92 35
94 43
55 47
84 51
97 30
93 92
8 6
79 54
52 46
26 15
82 36
3 2
90 26
78 64
87 72
29 24
99 92
70 61
85 57
64 20
2 2
61 23
9 4
46 3
72 18
62 56
41 15
17 5
67 33
41 9
6 4
62 60
61 5
42 29
27 22
58 35
54 28
76 7
73 33
42 19
71 6
92 66
70 61
44 14
61 14
34 7
57 3
15 4
87 71
12 4
38 24
19 10
22 22
8 5
89 30
93 60
6 2
8 3
84 28
93 89
45 12
38 16
79 14
29 17
40 22
42 2
88 30
65 30
30 29
43 32
3 3
35 30
25 5
42 20
55 7
82 63
72 63
89 66
9 4
2 2
27 14
27 15
93 7
100 90
14 6
72 3
69 43
67 44
42 41
49 23
94 89
24 7
60 56
73 19
68 28
55 40
8 4
79 23
79 17
77 57
72 12
87 44
91 52
34 2
5 2
43 11
31 28
85 44
31 9
76 71
22 5
37 17
64 39
27 15
59 17
61 37
39 19
99 6
12 8
69 42
41 13
11 10
91 28
43 39
58 9
75 19
49 26
44 41
95 63
74 62
74 6
84 69
40 6
92 37
30 26
9 5
67 66
58 21
15 10
15 7
91 24
78 46
41 39
86 76
81 58
99 39
36 34
5 4
36 28
69 30
74 66
37 26
68 62
23 6
72 65
68 48
61 30
25 9
5 2
29 29
24 12
70 10
42 16
58 54
39 26
64 31
84 21
23 15
75 72
15 2
59 31
26 24
3 3
85 40
17 9
15 3
42 12
85 52
60 40
53 15
66 63
43 16
33 15
43 24
42 20
92 44
86 26
35 14
44 4
21 18
41 30
54 5
65 29
17 4
57 55
6 2
98 47
44 39
45 37
17 9
56 49
87 24
93 12
51 17
19 3
23 5
23 4
99 89
98 21
43 25
45 41
69 12
39 11
42 28
4 3
54 51
28 28
79 72
19 8
72 11
70 31
85 41
12 7
12 12
28 8
28 15
18 18
11 10
54 50
67 25
20 9
95 75
31 16
62 31
99 4
46 43
18 7
51 38
10 7
6 2
15 8
13 2
56 56
75 75
16 16
98 77
62 57
43 14
15 7
49 10
31 27
4 3
44 43
6 5
93 68
46 6
84 29
53 12
98 73
22 11
76 49
46 5
98 7
58 39
68 20
14 4
7 7
14 8
54 35
25 8
22 3
40 14
14 8
82 69
65 2
46 25
64 64
51 50
25 8
6 3
27 3
3 3
78 61
29 17
58 18
45 29
40 37
20 2
14 9
7 7
80 42
40 18
100 24
86 80
77 42
80 8
48 37
11 3
96 64
10 8
18 12
63 4
80 35
67 52
30 28
63 31
79 21
62 15
58 49
44 12
38 37
15 3
24 15
6 5
40 23
71 5
29 12
20 18
16 8
48 18
30 30
9 8
55 15
84 15
85 67
88 7
87 80
20 11
39 8
74 21
57 51
95 67
80 51
62 42
88 60
53 49
45 24
72 45
99 63
28 9
24 10
16 16
47 47
49 13
100 37
47 10
42 22
89 50
37 37
23 2
16 4
81 44
70 51
3 2
33 5
97 71
37 3
41 14
25 25
23 11
91 82
44 10
41 32
68 12
3 2
82 59
96 8
86 76
64 13
91 83
4 2
94 46
64 34
40 25
98 80
28 7
46 38
75 71
46 19
19 5
69 12
82 15
46 27
76 5
8 2
9 9
88 70
57 13
26 4
32 16
91 51
18 10
74 50
82 9
77 28
48 6
68 31
37 6
20 6
9 3
57 14
38 26
92 55
37 29
18 3
26 16
9 4
71 53
26 18
79 27
66 51
47 45
77 40
50 10
89 9
83 49
91 36
41 24
20 12
35 35
17 10
50 18
13 5
51 7
38 26
58 51
19 5
73 37
26 19
57 52
67 44
50 42
12 8
52 40
73 72
65 23
75 44
76 6
53 45
69 57
58 22
25 20
23 22
10 8
77 14
83 38
93 47
30 2
24 11
8 2
72 41
50 6
39 34
66 18
49 27
51 29
80 3
34 16
82 54
35 15
88 39
27 22
25 24
23 8
27 16
92 55
47 30
95 46
46 27
42 36
19 15
30 11
9 7
42 3
42 26
94 12
50 29
75 66
99 52
25 23
83 37
35 22
15 6
45 43
69 69
16 16
67 65
23 23
23 12
8 4
62 18
59 46
46 34
77 25
2 2
86 13
49 20
41 12
21 18
67 43
33 5
14 11
40 20
55 33
66 43
67 63
44 26
66 43
53 44
83 54
55 44
54 20
84 30
31 27
51 50
97 18
37 14
11 7
98 3
7 4
34 17
13 9
46 18
8 2
82 24
63 49
13 5
53 37
60 21
44 2
37 10
96 64
33 29
13 2
74 58
82 57
55 16
2 2
55 51
83 61
67 66
59 45
43 2
80 69
93 71
80 53
50 48
50 33
7 2
86 13
68 68
95 61
93 9
47 11
16 8
77 39
46 11
74 63
67 66
12 10
94 86
42 18
61 22
52 46
78 52
100 42
97 82
14 13
6 4
69 66
83 3
40 25
9 8
31 29
11 7
48 26
95 50
62 51
57 26
51 43
49 49
84 5
8 3
100 62
70 49
73 66
100 47
59 58
50 26
65 15
80 25
16 11
63 14
64 22
65 48
91 71
37 24
28 17
26 18
86 73
100 8
13 4
67 54
36 31
58 36
91 74
70 31
78 6
86 71
32 13
70 40
43 14
99 90
81 32
54 13
56 13
15 15
31 2
82 16
50 41
55 22
26 9
73 70
25 6
71 67
51 31
27 10
13 4
12 8
68 10
64 6
32 2
82 5
85 47
85 21
94 32
44 15
57 9
69 26
98 45
92 24
97 32
35 4
4 3
58 48
19 3
27 8
32 7
66 13
12 4
90 5
70 63
74 23
23 23
49 41
80 47
100 62
20 5
47 33
3 3
99 5
19 10
41 39
29 8
92 40
59 31
23 11
45 5
76 72
21 13
20 10
18 8
80 49
15 15
20 15
5 3
89 22
3 3
34 24
62 5
34 4
55 43
7 4
99 18
56 28
34 7
58 24
42 3
27 12
52 11
91 49
100 86
74 20
65 23
20 6
38 21
3 3
29 17
12 5
81 38
42 21
81 18
98 5
22 12
23 15
91 9
58 58
7 6
93 70
33 15
24 23
17 13
57 2
53 35
19 12
75 48
55 21
55 33
16 10
22 21
90 74
94 67
44 15
93 12
62 21
5 3
29 9
96 30
66 36
37 19
66 36
33 29
51 39
49 28
59 22
73 16
69 20
83 76
31 29
69 53
47 20
28 13
5 2
100 49
16 2
4 4
21 16
77 27
20 9
76 46
31 24
21 15
38 14
99 53
99 17
79 24
37 34
81 48
32 25
48 14
43 26
66 28
77 3
23 16
32 30
23 6
78 52
17 16
22 8
98 75
100 6
82 34
38 19
87 27
66 64
13 10
78 74
40 10
30 4
96 85
34 31
93 70
48 8
10 8
68 62
84 80
100 89
45 42
66 54
5 3
57 31
18 18
28 23
30 28
30 15
51 51
24 14
25 5
68 43
44 36
59 28
22 19
7 7
88 54
14 11
47 19
17 12
29 26
8 2
31 19
69 10
18 18
46 40
55 42
59 9
19 11
98 53
89 26
83 80
30 6
53 26
48 19
39 27
20 17
80 2
52 8
85 60
41 31
55 14
42 12
6 5
70 7
95 17
73 54
65 22
24 4
62 15
60 23
5 2
48 38
19 5
10 9
27 19
44 3
11 11
86 46
67 28
89 34
40 40
3 3
61 21
50 27
53 31
79 30
35 17
79 29
83 11
63 19
29 23
92 39
36 31
38 13
73 43
46 13
68 40
96 78
33 32
14 11
60 12
91 85
67 51
5 3
45 9
33 12
55 42
2 2
47 9
19 8
52 52
23 8
27 11
76 59
29 24
16 12
11 11
43 22
50 3
11 2
9 7
70 53
80 19
99 7
53 40
29 23
89 83
69 36
50 20
12 7
84 59
94 14
66 12
53 46
7 5
39 7
72 47
75 42
83 76
52 42
68 68
94 5
99 25
60 18
12 5
16 16
87 87
2 2
23 10
48 16
71 39
39 29
39 11
33 18
25 12
50 29
29 15
49 21
95 56
78 37
20 13
62 7
100 82
38 2
57 10
80 15
7 4
85 8
34 4
64 21
23 16
22 16
93 13
86 76
19 7
61 33
29 26
44 25
56 6
88 2
22 3
68 34
4 2
78 57
75 69
17 13
53 53
79 33
67 27
44 44
10 7
100 24
91 62
97 22
15 2
34 29
62 47
15 15
40 34
43 27
45 36
33 32
3 2
43 41
7 3
8 4
25 19
38 3
89 54
8 8
65 59
22 3
87 66
71 46
5 5
54 53
71 62
52 9
33 33
46 43
32 23
7 4
3 3
57 57
73 41
3 3
95 17
54 23
87 62
62 30
3 3
87 35
80 63
50 37
75 48
71 66
27 18
89 15
27 3
50 32
69 40
88 55
22 10
41 34
69 7
72 20
38 10
10 6
16 15
5 4
31 22
44 27
39 34
65 2
92 9
63 57
96 7
56 46
18 18
76 39
21 3
35 24
14 7
88 36
84 49
8 8
29 29
68 19
38 25
45 17
11 3
80 46
9 2
4 4
56 52
62 37
76 18
39 24
3 3
12 12
45 41
46 5
85 47
32 27
98 76
71 12
62 19
40 30
81 45
72 41
79 63
14 13
80 11
39 17
23 19
80 70
90 9
74 38
86 65
60 46
88 8
76 50
85 17
18 12
54 43
64 53
87 63
25 18
12 12
45 18
62 37
91 68
77 4
71 44
75 73
74 22
68 12
53 29
88 54
73 39
100 35
71 21
67 8
73 41
54 37
16 15
8 8
62 32
55 29
42 4
65 9
50 44
62 21
67 51
66 40
45 31
17 12
58 27
46 46
16 15
72 65
99 39
45 43
98 83
8 6
11 5
56 37
100 32
29 14
4 2
54 3
55 40
33 30
38 14
38 6
39 5
48 12
30 28
76 44
39 3
41 33
91 16
59 34
93 17
78 5
78 2
4 3
51 19
2 2
96 42
68 13
4 4
32 14
76 75
15 3
23 17
95 19
30 23
89 55
34 17
67 38
39 37
36 23
59 45
80 50
80 60
8 8
88 59
91 50
64 43
89 62
80 43
34 12
44 3
56 41
52 15
91 73
93 66
71 4
19 2
49 42
96 53
26 6
34 17
17 5
84 14
99 35
43 38
94 81
30 21
31 25
74 45
93 73
52 13
17 16
48 48
92 41
83 7
33 8
93 5
90 78
54 30
72 32
91 82
96 20
97 36
38 34
52 48
79 2
44 6
78 38
8 5
6 3
69 25
96 67
58 34
30 24
97 14
34 2
90 53
6 6
6 3
88 27
45 11
36 27
71 60
73 8
37 12
71 61
26 26
100 47
73 43
45 11
41 7
97 76
71 69
27 23
56 8
63 33
26 16
26 7
84 10
23 8
30 20
82 55
3 3
11 4
51 15
10 4
13 2
46 2
32 18
82 57
29 9
30 18
5 5
34 5
48 48
18 2
47 25
95 8
92 41
9 7
29 15
90 22
31 20
20 10
95 61
75 42
47 11
26 10
29 5
50 24
5 4
31 9
74 10
14 12
78 69
17 14
52 12
18 12
16 9
29 26
11 6
84 5
24 6
75 6
59 15
16 7
69 51
39 5
64 30
50 31
4 2
32 17
79 54
56 5
36 7
70 51
63 38
40 34
4 4
72 63
93 8
7 4
59 4
59 33
94 43
81 14
72 14
74 14
77 49
22 2
74 45
81 39
93 6
36 36
62 49
10 3
26 21
91 38
40 15
37 15
39 36
31 28
61 37
10 8
67 64
7 3
62 62
86 86
9 6
42 10
94 46
96 56
46 5
73 55
38 15
87 82
9 2
61 49
8 3
32 10
37 30
95 91
62 36
38 35
12 9
38 6
39 22
53 34
69 20
48 2
35 24
71 64
98 56
52 22
27 20
5 5
99 65
25 20
10 2
87 60
2 2
9 4
82 67
86 44
77 16
75 40
37 4
60 32
41 11
93 16
60 35
20 16
6 5
65 53
59 4
85 67
73 73
73 16
84 61
61 14
19 7
37 8
18 11
13 12
93 34
51 7
15 4
97 91
60 7
63 24
96 86
40 4
47 35
73 68
65 27
94 92
26 6
90 28
46 7
57 9
39 9
54 39
82 11
16 11
6 2
5 5
97 49
29 17
80 13
72 42
6 2
95 50
68 65
74 73
46 22
79 60
68 33
83 38
4 3
22 8
27 14
63 22
52 41
17 5
85 75
80 67
76 72
38 29
41 9
3 2
49 33
23 2
56 16
54 31
21 4
91 21
99 94
81 53
57 24
96 66
41 41
30 16
91 15
41 2
6 2
12 10
42 28
13 2
15 8
16 10
8 3
17 17
42 8
19 9
53 10
31 30
80 27
34 19
43 40
81 52
90 13
31 9
48 36
49 30
81 37
98 57
57 35
42 14
10 2
86 6
70 33
52 34
45 29
64 20
78 19
47 21
37 21
94 17
63 49
31 20
89 20
21 20
76 45
28 27
54 12
71 31
12 9
96 22
2 2
90 58
11 6
42 6
65 31
59 45
56 9
68 15
97 67
69 18
79 25
51 42
40 3
70 51
58 51
53 9
71 70
70 33
96 76
40 25
50 4
86 7
32 20
17 9
2 2
19 9
24 17
82 79
64 36
85 55
63 8
97 97
83 39
42 24
65 57
72 19
62 2
48 23
92 52
2 2
93 19
42 22
28 26
55 53
13 9
53 18
12 8
34 13
22 22
78 30
82 29
40 16
39 17
21 15
47 15
76 49
20 2
70 19
70 25
84 13
91 48
61 19
49 14
65 22
66 61
45 36
40 19
2 2
43 33
28 7
65 19
93 2
52 12
86 83
90 66
84 48
90 15
3 2
81 51
93 75
63 60
42 36
37 8
3 3
33 30
32 13
19 8
92 85
82 70
95 37
59 59
85 20
8 7
34 2
46 6
37 23
55 12
62 29
4 3
70 29
34 9
100 34
81 54
53 52
33 13
78 31
78 54
17 12
95 84
63 30
70 68
25 17
39 7
91 73
43 33
19 17
96 47
94 66
75 4
13 4
75 74
38 29
40 29
77 45
3 2
74 10
54 41
3 2
78 13
50 6
19 6
49 46
96 14
9 5
37 11
66 39
48 31
99 98
9 5
24 17
3 2
61 9
87 14
27 12
74 17
51 35
84 21
73 41
47 19
60 21
80 49
49 31
32 17
35 8
97 21
41 41
77 45
76 18
21 14
29 21
12 5
71 6
25 19
20 6
28 21
71 5
92 37
13 4
86 16
55 25
63 62
42 10
22 12
99 73
7 4
63 35
13 3
80 51
85 33
57 57
61 22
16 11
50 24
49 44
96 11
59 27
81 45
10 10
10 7
11 10
17 11
47 4
25 25
82 80
43 24
70 54
48 36
72 66
3 2
37 27
2 2
56 30
30 16
14 4
98 64
46 3
95 83
21 11
21 8
33 25
76 8
84 35
85 74
42 18
48 41
25 21
20 9
60 23
6 3
23 13
83 34
42 31
48 36
12 4
81 76
5 5
13 11
53 32
95 33
31 8
57 8
48 5
82 63
78 41
78 53
34 12
14 5
4 2
40 36
46 6
42 4
10 7
23 21
58 51
26 16
26 18
90 74
24 7
58 23
11 9
49 39
84 73
6 3
12 10
27 24
66 9
22 5
7 6
67 17
97 77
90 21
60 37
11 8
3 3
12 9
62 5
67 25
16 3
71 27
69 4
66 34
26 18
2 2
35 6
96 87
51 4
70 66
19 6
70 21
58 16
62 52
89 16
26 21
63 36
89 68
14 12
88 38
65 6
51 31
39 33
63 33
85 33
100 41
79 63
24 6
39 4
37 29
83 4
8 3
66 52
23 23
75 43
31 4
53 42
2 2
97 86
22 9
95 42
83 69
66 66
16 13
75 18
88 38
98 59
27 18
75 16
13 13
48 34
74 8
69 49
68 34
70 26
75 17
34 24
46 36
14 11
22 11
43 14
53 11
82 7
87 54
86 51
43 41
60 59
89 76
68 15
91 3
92 74
99 93
6 5
53 2
90 77
78 41
87 72
87 57
87 56
25 20
77 10
47 9
21 11
20 11
16 3
78 43
51 41
31 9
78 53
24 6
99 67
24 12
94 88
78 71
76 27
47 34
13 3
42 11
56 25
98 82
93 27
32 23
9 9
95 69
72 30
15 4
8 5
86 22
83 59
74 52
29 23
40 11
85 61
12 2
3 3
78 23
94 6
51 38
79 61
63 54
65 16
66 18
4 2
26 22
96 77
66 40
6 2
4 2
17 11
65 20
60 2
84 73
98 25
60 22
41 13
11 9
22 17
27 20
69 23
91 49
63 39
12 7
31 31
86 33
97 23
49 24
17 5
44 33
43 4
91 81
6 3
99 86
47 47
99 94
62 30
47 36
41 31
64 45
5 5
10 4
76 44
93 11
17 12
62 20
35 23
49 12
49 25
11 8
33 2
83 20
91 23
92 16
16 5
44 36
8 7
84 23
30 22
66 45
34 3
29 11
22 12
57 23
98 35
15 10
82 17
44 19
100 27
42 27
31 10
96 18
55 38
82 15
92 77
2 2
52 6
41 11
14 11
94 10
86 79
55 18
73 56
14 3
26 8
70 56
12 3
92 73
96 68
77 10
10 6
18 8
60 21
10 10
85 66
65 4
79 4
36 31
24 7
9 4
67 48
71 53
58 21
11 4
33 10
62 55
2 2
99 93
40 36
94 90
57 24
40 5
25 21
80 16
22 4
12 9
88 15
82 22
40 31
14 3
41 10
44 3
41 32
69 33
95 42
86 4
48 48
15 5
75 46
55 11
30 24
72 18
17 6
60 46
26 11
31 8
49 6
37 31
46 44
4 4
36 26
20 12
64 51
81 76
47 10
17 12
34 10
7 4
2 2
63 41
42 40
29 15
49 29
69 47
34 8
75 9
34 21
77 67
23 13
69 7
78 22
53 24
24 15
73 69
27 14
98 73
84 45
46 40
38 24
88 43
21 2
82 25
84 41
32 29
57 4
62 48
13 3
100 16
100 7
51 25
11 5
87 17
36 33
12 5
35 29
73 45
92 14
72 52
17 16
41 23
12 5
40 4
16 8
80 29
23 16
73 49
23 22
41 8
20 17
39 24
52 9
63 10
80 12
93 14
53 53
69 5
76 10
78 25
17 7
62 35
77 56
16 6
96 75
60 9
34 18
95 38
36 24
99 27
56 23
73 34
38 14
95 16
52 40
20 7
9 2
76 27
50 45
57 3
12 7
77 64
99 28
28 4
26 8
43 8
20 17
6 6
33 4
76 4
15 15
3 3
19 14
55 10
14 6
94 39
87 26
97 8
13 5
25 12
95 90
68 10
29 4
97 36
39 3
12 3
63 54
90 80
55 27
33 20
23 8
28 10
19 9
4 2
10 10
95 89
41 28
16 10
11 10
64 32
33 7
21 6
71 4
72 39
2 2
63 22
7 5
17 4
93 81
22 22
55 35
91 28
22 18
52 34
79 64
46 25
84 5
95 88
12 10
45 19
76 48
31 16
6 5
41 21
92 39
39 2
100 62
2 2
3 3
22 4
60 5
79 27
85 9
47 5
97 11
60 54
8 2
11 4
6 3
6 4
2 2
61 56
38 4
11 7
29 21
42 34
82 75
67 2
74 60
88 21
99 63
24 5
70 39
50 39
74 66
99 25
87 26
38 25
17 10
99 10
51 20
49 20
98 65
67 9
29 22
93 60
75 67
62 45
20 14
57 51
66 65
20 3
92 28
38 11
44 34
4 4
54 46
52 46
77 18
74 48
44 37
96 29
81 43
32 22
58 43
71 60
93 20
88 22
81 7
61 22
96 95
37 21
4 2
9 5
45 7
38 10
25 11
34 22
85 22
80 63
97 82
80 77
9 6
24 17
53 28
10 9
21 9
56 51
12 10
61 49
97 84
74 58
23 18
61 21
100 73
68 2
96 16
16 12
51 7
11 11
29 15
34 19
67 44
67 41
30 10
88 17
30 17
66 23
41 3
7 3
68 52
23 9
65 5
69 23
88 58
18 13
64 13
98 98
10 9
89 73
39 10
83 4
53 9
80 72
17 15
88 66
70 11
38 13
48 14
52 45
29 25
22 11
78 32
46 28
96 32
50 13
76 75
29 23
60 39
62 54
80 33
56 34
75 34
91 54
53 23
89 87
96 24
25 22
83 61
91 59
29 27
89 52
9 6
10 8
48 32
41 27
96 81
20 14
63 35
69 58
11 10
84 21
56 53
83 68
84 54
81 15
41 6
27 4
13 10
88 9
66 65
13 8
11 6
21 7
18 2
53 9
85 65
42 16
88 3
33 10
91 53
23 18
20 10
7 6
70 67
42 20
22 12
28 18
56 37
61 47
75 13
79 22
35 6
69 2
15 2
22 19
95 84
42 28
39 38
28 6
56 17
8 8
67 46
86 40
64 25
45 31
18 3
51 6
22 8
63 44
14 8
77 5
34 21
38 37
42 28
27 12
67 55
13 8
37 16
60 16
25 21
54 31
67 49
26 26
48 5
81 41
63 56
40 4
95 85
70 57
47 2
65 61
76 3
4 3
23 9
29 11
79 32
26 2
74 12
11 9
45 18
42 31
98 50
87 58
4 3
100 72
25 18
71 39
37 19
53 12
45 42
68 42
50 12
75 67
6 6
84 68
83 38
7 7
54 43
93 71
4 2
39 37
33 30
69 23
78 64
29 22
11 10
50 27
47 36
49 46
10 10
75 26
97 90
56 31
63 47
86 84
46 19
97 14
57 13
96 11
23 14
54 40
9 3
13 3
61 5
25 23
22 10
25 11
56 32
61 11
46 13
3 2
33 27
61 24
82 70
11 9
85 54
100 49
32 32
37 11
76 57
12 12
64 17
12 12
91 64
94 11
92 89
74 9
42 25
22 18
22 12
53 10
4 4
100 54
96 45
94 43
23 22
9 8
70 28
11 4
99 13
60 6
62 37
76 23
3 2
97 35
46 36
20 19
90 62
88 31
64 6
29 9
70 17
58 4
60 23
92 50
28 8
23 19
19 13
74 34
49 12
31 27
25 6
85 54
52 42
100 26
25 24
91 23
64 11
80 39
24 21
53 23
99 25
8 5
49 27
35 32
67 54
3 3
97 59
79 79
17 6
51 43
9 7
30 28
84 14
97 32
38 11
55 14
31 5
42 29
85 84
74 52
48 11
18 11
49 19
27 2
76 44
39 39
91 41
17 4
33 32
34 12
8 4
16 6
89 2
43 29
100 66
5 3
75 53
66 58
17 6
78 69
28 27
70 29
2 2
62 23
34 30
4 3
78 35
60 45
89 40
59 3
83 23
51 14
26 19
98 57
13 3
51 48
90 56
65 19
71 27
19 9
87 68
81 32
53 14
68 30
55 30
58 28
5 2
47 10
11 2
84 55
19 6
29 13
6 3
63 20
15 6
30 23
45 23
44 11
92 8
86 57
28 26
92 14
68 46
22 5
63 52
66 61
57 47
21 7
32 22
93 79
33 11
11 11
63 38
29 13
56 39
16 3
30 13
51 24
43 3
100 24
22 15
76 24
54 33
61 22
96 32
99 34
55 27
84 67
50 42
63 4
3 3
65 37
47 37
8 6
2 2
51 25
47 40
78 42
59 50
51 37
44 11
44 34
80 38
29 17
60 32
47 37
48 8
98 13
99 96
26 20
16 7
73 64
34 3
67 16
67 22
17 17
70 19
9 5
65 53
59 33
58 48
70 10
37 6
34 10
100 53
18 12
97 61
68 31
58 32
28 14
72 44
92 10
6 5
60 4
24 16
86 71
14 11
13 11
25 5
10 3
56 19
39 39
5 5
45 44
54 35
47 24
67 57
26 22
73 39
2 2
40 18
6 3
60 16
68 55
100 69
65 55
48 20
76 69
76 10
67 27
83 50
2 2
73 38
2 2
89 63
21 5
96 59
61 36
24 4
38 29
47 35
89 25
97 23
65 61
68 23
36 30
66 26
41 35
40 19
100 49
75 46
95 86
63 44
40 28
94 86
37 19
22 16
26 22
43 33
84 34
64 32
36 33
74 37
63 51
74 35
99 6
74 46
52 10
38 3
37 9
26 10
87 40
81 61
43 26
45 23
32 30
18 17
2 2
2 2
68 22
24 8
30 15
93 40
31 11
59 24
2 2
64 48
38 33
52 3
47 4
57 11
8 3
81 41
10 9
76 68
58 52
93 22
31 31
33 11
62 61
23 9
79 5
20 19
44 9
88 8
40 36
26 25
72 35
24 3
16 11
32 14
25 13
75 14
38 13
97 22
95 37
41 39
94 2
66 34
92 10
3 2
8 4
73 34
47 12
54 22
18 12
12 12
21 7
72 2
29 20
73 12
65 30
49 24
14 14
41 16
72 65
35 23
44 4
32 27
84 12
97 57
92 23
76 74
30 15
4 2
31 15
92 50
42 22
16 16
41 24
74 32
33 27
95 16
39 9
51 10
97 72
90 31
13 6
67 46
67 12
58 2
96 10
80 10
11 8
91 51
76 8
89 38
84 13
52 7
66 6
90 7
31 15
27 8
6 4
60 24
9 5
53 45
74 57
2 2
46 33
55 54
16 12
15 5
97 73
30 12
78 58
85 10
60 25
58 53
65 3
53 52
90 9
63 51
67 50
50 15
83 80
31 24
80 5
100 60
86 41
65 35
70 21
93 33
51 37
6 3
40 30
90 30
51 6
4 4
86 58
88 82
60 12
54 12
29 8
90 16
2 2
69 11
57 2
36 35
100 98
7 3
28 6
27 24
19 17
76 36
56 42
96 43
4 4
59 49
4 4
4 3
49 44
35 15
96 64
97 45
37 20
51 38
98 11
22 22
53 49
41 11
79 62
35 34
60 9
96 58
26 4
40 14
13 6
71 12
83 12
97 71
20 12
62 42
30 24
69 66
4 3
68 58
14 6
98 46
73 23
86 64
59 56
34 2
20 7
98 75
9 7
36 20
86 34
86 29
37 37
73 73
63 63
74 60
13 4
46 21
40 19
48 33
46 39
25 17
46 31
12 2
30 14
18 13
42 26
45 31
7 5
96 50
73 65
16 9
26 10
99 42
13 4
87 77
54 29
33 2
98 64
17 14
18 13
24 20
45 30
99 27
17 12
29 21
77 46
48 36
69 55
33 14
5 4
80 76
76 69
83 48
57 48
77 6
22 7
74 67
68 60
40 11
46 34
89 29
79 47
43 15
84 40
37 10
77 38
31 25
2 2
94 48
62 8
15 12
17 4
24 24
57 37
14 14
64 61
8 2
15 9
13 2
38 36
71 56
36 15
30 13
85 52
48 8
73 37
61 7
44 43
44 40
6 4
67 20
13 6
76 40
50 47
56 43
34 8
54 12
46 21
50 38
79 74
89 79
52 23
65 24
87 19
34 28
68 48
46 37
12 7
23 3
71 24
13 6
2 2
72 52
22 5
39 22
60 59
86 47
21 15
4 4
51 26
22 8
43 39
53 2
36 34
96 91
37 23
67 38
66 7
30 4
62 24
55 18
100 13
12 3
74 13
23 18
23 20
46 20
76 18
90 77
56 36
23 21
66 31
28 15
49 13
12 3
44 15
44 26
40 28
31 29
15 10
27 23
57 18
9 9
17 4
18 5
39 18
78 6
68 57
65 28
67 41
37 11
17 17
21 16
72 46
73 49
99 50
89 63
92 69
75 19
44 40
35 6
47 40
33 3
25 19
3 3
34 31
59 32
49 28
87 55
70 29
20 10
93 87
100 57
87 56
87 3
28 14
87 60
80 32
32 31
37 31
91 46
87 52
54 11
12 10
45 18
78 9
68 17
5 5
61 48
43 34
26 16
69 17
61 47
23 23
31 17
37 11
58 48
4 4
61 43
48 30
64 36
90 83
56 52
31 27
18 11
56 36
88 77
71 24
41 2
95 57
73 61
30 23
52 47
83 48
54 20
79 70
3 3
55 46
26 24
31 18
98 48
61 42
54 32
85 66
98 49
74 63
42 35
28 10
68 40
53 14
29 28
29 2
58 42
58 23
95 22
65 16
7 6
59 53
36 17
7 6
5 4
43 29
25 24
98 8
71 63
6 3
16 13
92 54
33 19
28 6
23 10
84 18
97 55
64 31
81 29
90 47
99 45
98 55
73 72
87 2
13 4
59 8
67 7
73 12
93 12
71 15
12 4
70 27
2 2
98 62
89 59
12 8
69 32
46 45
3 2
42 20
55 12
69 7
12 6
59 39
11 8
91 69
88 11
36 8
60 36
80 31
35 10
18 15
11 6
16 16
50 41
70 61
77 43
46 13
58 54
28 22
25 13
46 23
14 9
55 53
31 18
82 45
44 12
46 34
20 20
75 75
58 32
12 8
86 46
37 35
50 37
76 57
34 10
59 30
29 29
33 3
41 22
15 6
77 70
65 33
67 3
35 26
21 6
8 8
30 11
3 3
36 10
74 47
76 63
92 10
51 8
93 28
17 5
42 28
88 43
75 10
76 7
83 2
37 27
36 16
13 7
53 36
45 13
52 35
77 27
21 21
32 6
5 2
13 3
66 20
65 42
37 35
86 28
64 9
69 2
42 23
97 95
12 7
53 10
30 14
32 2
27 11
74 37
24 16
70 27
85 11
18 17
100 68
65 49
70 69
32 19
37 30
46 33
39 38
5 2
100 95
80 76
48 41
45 44
69 23
100 45
81 74
90 10
19 12
50 42
83 35
44 26
75 46
19 4
91 82
73 26
76 12
16 5
88 32
45 39
20 5
43 29
44 33
91 91
46 19
7 7
88 29
88 64
72 23
34 33
22 4
2 2
71 10
47 34
48 13
68 68
27 19
36 12
88 80
80 33
85 23
87 43
13 9
29 24
33 26
9 4
66 13
78 10
60 41
41 17
23 11
31 9
61 60
5 2
55 17
63 57
83 26
15 7
9 3
87 2
64 4
88 33
11 11
15 12
49 2
75 44
34 24
95 49
54 29
15 9
22 8
27 6
35 10
80 5
78 28
84 18
34 15
47 35
83 12
15 9
34 6
85 35
40 12
35 29
80 6
48 29
91 44
63 18
78 38
92 71
25 13
86 26
99 11
86 40
62 49
17 17
13 13
52 12
54 3
27 10
92 17
97 71
92 77
57 40
100 78
58 55
42 4
82 51
33 14
78 28
67 57
52 28
73 30
9 7
56 51
54 33
86 40
72 7
49 32
86 49
61 48
83 65
95 55
66 65
42 18
81 43
97 45
86 81
47 47
5 5
80 43
39 20
77 42
22 19
64 23
92 6
80 32
3 2
30 17
13 7
20 18
24 13
36 25
37 29
2 2
88 70
11 3
21 11
53 39
41 28
42 20
51 12
97 45
49 9
15 9
14 10
78 54
21 19
32 12
96 25
60 23
37 10
32 10
90 55
21 13
77 68
36 4
31 3
66 9
72 56
45 11
30 27
90 12
57 21
72 56
10 3
65 32
26 20
49 2
73 47
89 3
82 46
95 27
23 14
18 9
33 11
12 9
10 5
2 2
75 11
57 4
26 3
49 5
59 30
80 15
87 53
58 23
89 79
54 27
64 52
97 52
20 16
72 6
12 11
35 22
58 52
65 41
46 34
75 27
69 32
81 51
44 36
98 78
89 3
82 63
61 60
58 40
9 8
10 8
99 15
28 25
63 45
59 31
47 30
80 58
75 66
74 70
59 7
72 29
2 2
47 43
78 76
66 11
4 4
44 7
71 27
8 5
71 68
68 41
57 6
49 48
78 19
94 28
100 85
31 2
3 2
40 38
90 53
78 36
78 19
79 61
47 7
21 6
67 22
18 11
39 29
10 5
54 18
85 39
12 11
28 8
68 5
90 48
36 15
82 31
6 2
57 52
69 8
28 19
18 8
99 92
48 42
39 29
31 6
86 81
46 34
48 36
73 31
41 12
99 50
85 62
45 20
73 17
27 11
9 4
64 43
60 44
45 13
86 28
70 24
62 62
74 62
66 54
21 5
13 7
6 5
67 10
84 57
32 28
89 85
33 9
30 2
83 45
100 53
91 20
57 6
44 9
48 15
30 5
42 21
52 28
83 72
68 7
52 14
91 39
61 17
72 42
37 25
66 66
32 17
54 36
63 9
18 18
53 9
35 16
26 24
89 14
96 34
89 4
34 28
36 2
80 17
30 2
41 35
26 8
49 39
18 6
47 11
7 5
39 18
79 53
31 28
5 5
2 2
34 11
32 10
86 4
66 62
40 30
91 11
63 55
55 52
4 3
66 44
59 16
77 36
63 29
73 41
20 6
48 21
53 9
30 23
60 28
84 61
56 5
83 67
63 35
46 23
35 4
19 16
90 17
16 7
76 56
68 40
7 3
78 65
71 9
69 38
99 61
23 23
34 3
11 6
60 6
11 2
78 50
89 70
99 58
82 48
69 32
100 89
9 2
11 8
15 13
8 5
72 69
33 29
60 46
8 3
2 2
55 55
66 65
21 9
35 25
81 33
24 22
30 22
60 18
44 6
87 80
43 18
13 4
18 16
12 2
83 21
14 12
54 29
86 51
66 65
17 10
68 23
53 37
97 51
96 24
82 82
78 7
14 9
22 21
97 31
67 67
58 47
7 3
29 10
17 12
54 46
85 35
74 20
60 51
3 2
32 13
52 44
83 62
91 56
96 6
3 2
66 50
10 10
16 2
23 11
25 14
36 9
24 24
41 9
21 15
31 4
76 28
84 6
42 32
100 68
47 26
39 4
38 24
15 2
84 6
72 20
39 11
67 29
23 5
56 5
30 9
79 7
65 49
62 35
83 26
23 13
74 10
64 58
84 22
49 28
81 31
19 19
31 17
73 66
98 97
30 27
84 24
32 5
30 16
44 44
68 22
97 94
39 14
70 69
27 25
63 18
100 66
26 10
50 40
49 18
92 12
36 4
71 37
30 20
56 28
40 17
88 58
63 29
34 30
13 2
59 18
2 2
3 3
62 2
89 26
18 10
13 10
41 25
79 53
26 2
79 28
24 10
26 18
57 42
94 25
11 3
24 20
13 7
3 3
7 2
32 8
19 7
34 21
5 5
29 12
88 66
77 29
33 26
64 3
4 2
52 32
6 5
7 4
85 37
53 5
55 26
21 7
32 21
85 7
62 53
18 16
15 6
36 21
80 40
19 16
67 67
5 4
73 21
54 5
78 60
3 3
84 18
31 14
7 5
92 38
100 50
70 18
42 7
95 43
48 11
12 7
29 14
46 18
82 45
61 55
25 19
95 60
6 6
68 4
67 25
59 27
41 5
6 3
94 91
5 2
6 3
62 15
80 16
66 62
77 7
37 17
69 58
31 9
64 43
29 18
49 16
20 20
27 7
69 14
25 22
54 10
33 21
96 61
30 15
10 7
13 13
10 7
84 16
45 21
28 4
81 67
16 15
70 61
36 35
14 5
26 19
14 9
85 83
2 2
55 17
99 52
48 48
39 36
100 36
99 92
98 2
43 32
88 33
20 19
80 70
6 3
65 41
49 14
82 52
78 20
21 5
14 10
65 37
74 13
47 24
23 14
30 11
45 43
87 12
73 5
24 9
19 17
5 5
10 6
94 90
6 6
73 10
14 10
22 14
9 4
23 2
68 46
51 11
55 54
32 26
73 4
64 5
12 5
97 80
12 7
27 21
93 30
34 29
40 20
27 17
13 13
2 2
15 5
84 48
67 2
28 13
46 14
63 39
91 45
62 56
21 14
77 42
95 38
64 49
58 18
24 18
100 93
10 3
20 10
45 18
82 10
80 76
55 49
46 27
67 67
50 10
62 44
20 8
43 15
54 23
59 42
90 87
47 14
89 34
42 25
70 31
74 38
93 30
60 5
60 51
9 6
94 71
81 4
9 4
40 6
80 70
100 23
44 14
17 8
12 12
72 54
15 12
36 16
41 21
46 14
58 28
46 14
16 12
49 46
91 65
51 16
31 30
94 81
60 19
6 2
87 18
61 46
31 16
4 3
42 3
35 11
15 6
70 20
33 4
3 2
62 11
72 37
10 6
61 11
25 12
70 27
44 38
9 8
100 47
33 32
15 9
91 90
39 37
16 2
93 15
92 6
66 66
89 57
90 83
75 5
29 20
40 33
78 49
81 67
74 63
11 7
59 13
71 26
62 27
65 58
73 50
48 32
42 24
61 45
5 2
8 4
85 78
92 84
16 4
30 4
78 68
55 39
79 29
2 2
50 20
91 45
47 23
53 14
33 19
24 4
53 22
25 5
42 5
8 8
10 2
30 12
3 3
45 30
32 6
18 17
32 16
52 39
18 17
58 47
5 3
98 26
94 91
2 2
80 58
67 51
71 54
36 25
30 19
20 4
7 5
80 80
59 33
41 16
75 68
39 38
86 75
84 15
45 29
84 54
92 43
72 42
93 81
57 28
36 36
50 23
17 4
87 58
88 63
8 4
50 7
96 13
42 30
53 39
90 32
98 80
87 72
84 79
3 3
28 23
60 22
9 8
91 15
21 15
40 38
9 2
71 52
11 5
57 2
37 34
45 31
65 40
55 50
50 42
7 2
49 40
76 64
17 6
30 29
29 9
15 15
44 38
14 5
74 19
81 13
58 38
51 25
31 3
61 57
11 11
42 26
47 36
80 24
97 62
18 15
85 35
19 13
33 5
63 3
47 33
98 6
41 16
50 33
38 17
23 13
34 17
3 2
56 25
3 2
18 14
40 20
43 22
63 17
96 46
63 26
84 72
15 9
12 7
70 66
95 29
21 11
94 61
11 4
94 34
66 19
80 49
51 3
96 13
69 31
17 9
85 54
79 15
70 27
4 3
80 4
96 14
70 51
81 26
87 80
6 2
87 35
3 3
22 17
49 4
5 5
77 2
30 6
38 32
98 3
76 55
65 44
13 8
79 26
61 52
82 41
41 34
58 19
62 58
63 46
58 8
88 7
11 5
66 22
45 37
67 42
26 4
50 6
99 68
20 18
15 12
44 11
77 76
51 47
27 14
44 21
89 5
74 61
92 81
51 42
69 44
95 30
21 15
59 37
50 49
27 25
71 31
49 47
17 16
32 19
95 91
90 67
22 22
79 27
47 3
69 53
46 43
78 3
61 57
91 69
12 6
58 41
91 45
90 86
57 22
54 47
98 66
40 6
42 27
14 13
42 8
75 67
77 40
62 60
78 64
69 6
98 57
6 2
9 6
43 9
63 4
98 85
27 12
75 51
91 36
10 10
64 47
23 7
20 11
69 13
52 24
89 14
91 33
95 22
5 2
68 35
66 38
75 68
73 37
20 3
20 20
46 17
73 28
81 7
38 18
32 19
6 4
19 4
26 2
6 2
34 22
85 85
81 78
63 62
79 71
54 25
48 39
12 6
77 43
61 29
39 35
58 42
23 3
93 39
33 15
19 3
12 4
54 24
61 16
29 10
59 21
58 38
59 10
42 22
57 54
59 38
79 57
49 36
48 6
66 33
81 42
11 5
72 28
91 57
83 20
78 26
58 10
69 32
37 2
53 2
54 31
42 31
99 93
40 35
45 17
30 18
65 12
21 15
93 22
72 11
22 5
23 10
41 6
53 10
44 9
66 31
70 38
34 8
77 6
18 8
91 81
64 14
4 3
69 5
14 6
99 39
17 16
8 4
16 7
16 3
39 6
37 36
39 19
29 26
74 38
74 20
84 50
19 18
82 51
35 12
20 15
87 85
5 3
100 41
10 5
50 41
93 54
31 3
54 16
78 15
31 25
94 73
11 8
100 56
13 10
7 4
13 2
66 6
76 10
33 20
40 38
77 46
87 16
60 41
99 84
91 65
100 75
56 33
71 53
86 54
14 13
95 9
42 25
94 7
60 22
99 73
96 38
47 5
38 15
59 27
73 59
18 7
45 22
71 26
4 4
98 88
47 42
30 3
88 56
30 2
10 4
59 47
100 14
78 20
5 4
26 19
51 6
52 14
51 36
74 11
30 27
12 12
82 47
77 13
76 3
99 4
45 16
34 7
92 14
19 4
96 29
22 17
11 10
42 6
60 20
5 5
62 27
46 39
56 35
93 57
78 48
76 32
41 2
68 67
56 12
3 2
65 24
2 2
90 47
51 20
51 14
24 19
3 2
91 11
59 14
3 2
98 91
15 11
10 2
12 9
53 25
5 5
12 3
83 22
2 2
59 25
69 40
57 51
55 38
95 28
78 14
46 36
31 29
15 4
18 3
65 54
18 13
86 52
50 27
20 19
4 2
69 7
15 2
64 25
84 32
75 11
96 52
17 10
13 13
87 35
40 40
76 13
16 8
9 5
90 85
56 4
87 8
30 16
83 30
85 65
16 2
6 2
92 35
42 35
71 41
31 12
35 13
32 32
44 22
31 2
92 72
19 8
87 57
18 4
38 23
78 15
6 5
89 13
24 24
13 8
53 18
100 61
86 26
65 63
36 8
99 40
58 21
92 58
45 18
79 74
66 33
52 4
42 13
58 51
78 14
100 49
48 24
92 17
98 33
3 2
63 48
43 43
15 6
31 11
16 2
19 11
64 56
9 4
3 2
83 4
35 31
94 86
7 5
31 18
76 42
92 70
63 8
23 2
10 8
34 27
45 26
39 19
29 27
14 9
67 22
53 11
56 49
35 22
69 60
27 19
4 4
88 51
75 26
53 9
62 24
53 41
39 23
71 40
19 14
67 44
6 4
54 38
59 12
26 9
66 4
61 26
19 13
66 48
70 36
6 6
29 21
74 2
64 20
75 69
35 28
62 21
19 12
2 2
81 71
64 59
42 14
43 32
68 44
65 15
21 21
51 34
4 2
88 43
19 16
39 22
45 9
55 31
80 69
80 66
61 48
52 31
89 74
68 50
12 6
59 48
19 4
35 13
64 42
96 96
3 2
49 37
54 9
25 24
71 61
62 4
57 49
72 54
33 29
15 9
17 5
15 4
58 30
55 40
55 50
5 4
6 2
50 47
51 51
26 14
86 12
88 43
99 60
54 6
28 2
35 5
35 2
21 12
81 2
67 11
58 47
53 4
78 60
27 26
21 18
64 44
11 2
58 3
68 59
8 5
32 21
92 29
26 26
100 30
16 6
84 64
97 67
5 2
32 7
39 20
56 55
39 38
31 12
98 27
68 56
89 48
80 26
9 9
4 2
82 32
8 5
19 14
18 11
85 53
21 6
28 13
75 26
95 71
12 11
7 4
88 29
25 18
52 39
21 12
20 10
46 14
64 33
69 45
6 4
85 31
77 53
63 52
51 41
60 2
73 44
66 7
26 22
97 53
28 28
60 54
10 7
64 10
53 2
17 15
56 54
58 6
7 3
31 8
52 22
52 10
72 28
31 8
3 3
43 3
66 8
91 22
17 5
85 36
73 10
87 87
89 6
21 19
74 68
86 37
55 41
37 35
79 26
82 46
37 17
48 42
98 30
78 49
10 2
39 15
26 11
7 2
22 18
42 38
48 31
55 46
21 12
61 31
26 22
89 46
43 27
5 3
87 52
66 30
41 21
30 8
31 22
40 36
94 10
66 13
44 17
8 4
76 4
6 5
21 5
61 40
31 30
10 6
85 65
46 19
13 7
15 14
11 5
28 6
86 36
2 2
80 6
67 56
86 84
15 13
29 15
35 8
7 6
70 6
76 28
8 8
40 24
84 24
77 24
34 23
2 2
37 18
77 77
61 21
58 24
55 22
22 7
35 35
2 2
69 8
5 5
69 7
75 55
93 72
86 44
84 44
98 79
37 9
45 35
28 2
48 13
98 87
56 48
55 47
14 11
82 40
87 81
19 6
67 39
60 58
42 4
99 37
15 15
88 43
25 12
5 5
96 21
39 26
54 45
18 12
37 16
49 34
61 34
31 18
89 68
95 2
79 18
16 15
71 48
13 6
19 8
4 2
40 17
75 21
35 26
3 2
61 12
2 2
81 25
79 60
82 38
4 2
24 11
56 26
56 6
94 39
89 76
31 28
23 4
58 49
13 4
30 21
72 44
94 8
59 18
8 4
41 14
93 71
56 16
55 14
82 67
41 20
2 2
96 54
73 35
43 31
28 4
7 7
81 69
99 41
13 11
75 24
97 89
26 11
52 29
63 13
59 10
52 26
80 75
10 9
16 5
37 27
98 66
97 21
66 47
57 12
33 31
82 45
10 4
95 51
72 33
42 26
33 8
45 8
41 16
90 59
12 7
52 35
74 21
78 57
100 25
66 47
42 7
86 78
31 26
61 25
67 33
98 93
75 53
35 11
71 69
5 4
77 35
64 24
7 5
41 32
13 7
94 59
11 10
73 73
81 75
74 8
48 40
51 32
13 10
95 82
8 3
87 51
25 22
71 40
37 35
47 28
39 18
56 30
53 25
57 13
7 3
21 18
86 25
34 8
79 60
40 15
100 70
44 39
4 3
35 21
38 17
16 5
12 8
17 3
73 18
51 2
48 7
79 72
56 25
80 71
64 28
57 55
8 5
54 41
18 16
51 21
14 9
65 54
35 12
47 17
7 7
96 43
43 38
80 57
91 72
35 32
52 12
70 52
71 3
21 19
38 27
38 3
58 44
42 41
16 16
11 8
49 21
34 24
95 20
13 6
87 77
17 12
24 11
42 2
53 16
51 39
60 11
89 28
96 85
21 17
79 38
64 3
28 19
90 22
93 10
22 21
70 49
44 5
97 85
52 45
34 27
34 16
76 57
39 27
27 13
75 5
83 62
57 47
31 9
34 29
4 3
82 7
85 12
46 25
75 57
3 2
79 25
45 37
16 6
37 9
66 3
37 18
69 11
15 9
7 6
19 8
76 32
79 42
92 57
68 22
67 61
30 11
91 7
18 8
62 37
27 15
22 15
7 7
91 68
14 14
6 3
69 15
99 26
73 43
70 39
84 8
67 24
51 19
57 11
26 9
95 47
33 21
44 41
2 2
25 7
94 36
97 82
26 16
45 33
35 28
87 33
9 2
7 7
30 21
12 9
100 39
91 4
55 29
32 21
50 2
57 33
20 13
95 44
40 2
34 27
52 43
85 85
71 39
71 42
11 11
34 18
60 11
63 8
57 28
28 12
67 48
84 79
40 26
32 24
62 15
88 40
64 33
25 17
72 10
26 19
55 11
80 6
5 3
78 50
25 4
93 89
67 17
74 51
74 63
29 18
76 11
51 12
4 3
80 68
40 31
7 2
64 10
80 54
50 12
59 13
78 23
22 19
92 38
27 26
47 28
81 50
31 21
89 62
37 32
34 5
31 3
29 18
73 70
24 9
99 75
77 53
89 82
66 17
14 11
43 20
17 6
57 7
49 8
84 29
24 4
69 4
30 4
4 4
64 13
3 2
79 16
18 10
47 9
53 33
30 6
32 30
35 34
60 15
53 3
66 29
29 23
43 21
21 5
67 45
87 40
57 6
20 11
3 2
50 9
28 12
39 17
57 9
5 4
9 2
6 5
78 48
39 37
72 13
16 2
52 42
52 9
42 11
21 4
9 4
32 22
55 14
67 35
49 45
5 3
11 3
73 42
72 65
92 13
23 21
84 80
86 27
65 9
89 36
23 5
79 79
89 20
96 50
69 61
5 5
19 7
35 10
87 84
54 42
74 14
4 3
95 94
94 42
92 9
75 37
41 37
95 62
83 80
96 72
28 20
75 48
29 8
93 88
13 9
96 89
91 66
72 48
87 46
26 7
39 30
24 10
2 2
92 27
67 22
38 37
25 12
50 17
5 5
35 15
83 48
68 15
85 37
71 40
85 52
67 42
85 59
32 23
59 34
60 21
99 82
11 7
99 59
43 25
9 4
63 30
4 2
92 53
78 35
21 16
72 71
2 2
76 38
98 72
26 2
67 48
49 19
65 30
61 6
23 6
55 27
60 23
35 17
30 19
10 4
2 2
13 13
25 10
37 22
71 27
13 2
95 56
2 2
54 9
6 2
37 20
34 18
80 33
38 29
8 2
29 18
38 30
46 35
53 49
10 8
58 27
59 12
76 32
24 19
61 46
98 72
17 8
86 85
39 39
60 40
8 7
20 3
73 17
23 11
45 31
47 13
81 71
62 30
42 42
87 38
2 2
92 82
60 15
88 38
70 35
89 47
37 6
71 40
12 7
10 10
96 83
7 7
41 7
59 57
16 11
16 7
68 57
22 2
61 33
79 42
52 49
100 13
40 11
94 27
30 29
43 37
99 97
10 10
10 5
4 4
5 5
78 17
10 9
95 94
39 4
91 54
52 48
38 28
86 73
64 26
24 20
29 28
71 57
70 43
21 18
60 33
99 36
55 54
81 33
92 4
79 9
50 31
28 11
4 2
54 51
48 45
91 89
60 34
66 36
66 4
68 50
10 4
12 5
31 30
82 17
61 34
64 56
56 25
80 75
98 39
92 22
77 52
91 78
87 70
64 62
68 41
7 5
90 50
94 86
25 24
2 2
66 11
100 24
91 42
30 17
52 35
30 11
47 37
72 65
2 2
99 33
11 7
92 35
93 3
39 30
78 69
18 5
13 3
4 2
72 38
86 58
22 17
61 21
16 13
55 3
22 4
44 23
33 21
2 2
84 15
61 57
96 52
53 50
92 9
60 34
78 71
4 4
93 30
94 62
6 6
22 22
83 67
65 51
84 77
53 3
28 23
85 78
7 3
49 38
38 27
77 56
53 4
25 6
81 8
87 12
32 20
73 57
62 53
27 17
61 17
85 49
99 7
49 32
53 30
8 5
27 6
75 11
62 8
83 31
69 4
98 89
32 21
83 41
33 11
47 26
52 35
68 19
79 48
27 15
20 2
74 33
19 16
82 62
47 33
85 41
57 20
48 22
89 78
86 26
16 8
52 12
97 51
61 38
99 50
19 6
25 20
2 2
60 25
81 44
100 59
56 26
27 4
28 6
69 60
48 5
54 32
23 23
14 5
96 15
38 15
91 26
91 51
56 4
55 15
51 9
79 17
23 14
35 14
67 27
41 14
53 48
66 33
36 25
68 61
67 52
83 57
8 3
7 6
94 25
48 5
37 24
74 71
44 2
49 32
33 27
26 14
88 80
28 22
35 35
34 5
85 76
70 67
26 2
67 48
63 18
99 89
10 3
28 24
97 77
24 8
5 2
50 20
43 16
96 71
88 20
76 4
77 43
44 31
88 72
17 6
81 66
11 3
36 27
29 19
34 20
83 36
99 15
74 59
66 38
87 81
61 16
54 47
47 7
8 3
87 41
21 20
58 9
69 44
49 38
47 3
64 11
39 28
2 2
40 15
85 13
32 15
55 6
89 46
71 20
22 19
98 56
50 28
34 4
4 3
8 2
57 52
19 17
71 38
20 18
64 62
83 66
2 2
85 36
68 45
17 17
75 37
52 19
27 15
39 8
58 34
66 23
15 14
13 7
19 4
88 66
45 11
50 20
67 22
75 47
69 34
52 28
97 7
98 47
37 17
47 46
76 24
75 35
34 3
27 25
31 19
38 38
97 68
60 54
86 71
44 36
47 2
36 13
5 5
89 9
100 64
80 77
42 21
52 19
27 7
68 47
61 6
7 3
47 40
95 66
45 21
36 32
95 27
58 19
12 4
96 25
2 2
22 3
55 41
10 3
81 57
80 67
74 41
46 37
24 10
81 54
98 52
21 12
55 21
11 3
62 24
5 2
46 34
68 24
56 44
45 38
20 10
91 72
63 18
86 57
51 39
62 16
31 6
6 6
59 35
34 8
28 25
36 20
4 4
94 67
2 2
92 65
86 19
37 21
8 7
30 23
45 3
26 24
83 15
23 2
63 48
12 4
9 2
96 92
8 4
7 5
47 29
24 15
89 53
95 13
40 14
40 20
97 2
38 7
67 5
100 50
28 24
18 16
74 21
42 14
96 86
54 15
59 17
65 33
30 30
48 8
26 17
11 11
11 2
8 4
80 60
92 27
7 3
16 3
11 11
70 9
19 7
64 8
79 48
68 8
43 26
82 30
13 11
56 37
62 34
34 3
61 36
60 50
75 67
13 5
44 43
87 65
11 9
37 12
89 14
80 2
28 16
71 20
64 55
4 4
93 63
76 74
93 47
20 11
15 7
35 23
58 28
25 4
77 25
4 4
29 15
86 55
76 57
36 21
55 23
88 40
27 20
67 8
14 8
42 11
98 31
69 45
36 36
10 4
70 4
44 36
77 28
67 59
3 2
70 16
6 4
100 58
60 33
17 11
62 53
35 5
93 59
5 2
88 45
36 5
34 26
23 6
60 39
87 39
96 58
17 2
47 22
26 16
26 16
20 12
32 23
44 32
30 19
20 5
84 22
81 21
35 7
41 39
14 9
20 13
99 85
61 48
97 88
46 20
37 21
78 38
90 83
57 36
72 67
95 64
91 45
32 22
45 33
84 65
90 84
62 49
58 50
79 32
4 3
80 73
12 7
38 26
17 8
12 5
8 2
73 9
76 11
98 12
99 48
87 14
54 8
67 45
12 10
78 17
52 20
32 29
20 7
75 45
47 4
29 6
86 84
55 55
34 10
88 8
15 7
28 25
43 10
66 19
51 5
14 3
75 27
41 30
48 42
16 5
46 8
96 12
93 23
33 17
17 13
5 2
53 53
90 59
48 8
4 2
14 10
67 53
17 15
44 35
93 67
86 82
7 7
28 25
7 5
13 3
76 54
5 3
29 23
74 60
35 6
3 3
18 11
45 27
36 7
61 19
87 14
17 6
21 13
73 47
96 87
49 42
34 33
95 42
90 55
10 8
22 13
58 51
57 27
50 11
33 11
33 28
54 36
26 9
9 9
96 32
27 3
57 41
56 10
56 54
79 49
5 3
31 21
56 48
77 18
34 11
36 7
100 61
64 33
35 5
48 15
52 37
8 5
54 4
91 9
44 25
100 59
40 32
95 41
25 23
29 23
96 59
89 27
55 20
28 5
84 4
86 74
83 37
88 64
47 2
63 11
42 30
23 16
69 61
77 71
100 23
14 5
93 32
20 3
71 23
60 57
46 7
29 28
8 2
36 13
86 8
47 39
87 48
49 43
24 17
25 2
33 29
10 6
58 48
28 6
61 59
11 3
35 33
50 22
2 2
27 10
100 50
64 9
26 16
92 43
8 6
68 2
50 7
17 8
26 23
67 41
91 74
51 46
44 5
41 34
91 18
43 34
90 5
6 2
98 64
54 53
85 57
71 19
6 6
28 18
22 12
66 55
66 50
87 54
27 9
33 27
58 40
30 3
88 46
20 15
19 8
45 42
53 16
50 46
78 43
29 2
44 6
23 14
85 35
77 18
63 28
85 80
78 31
67 36
46 26
25 6
3 3
11 9
26 3
78 74
72 19
52 32
80 20
75 60
33 14
25 21
16 2
45 42
95 64
45 27
17 12
26 24
55 36
2 2
62 15
17 15
70 52
40 13
79 37
8 8
71 9
15 2
56 54
69 60
78 68
70 16
15 8
68 37
43 22
49 39
11 3
37 19
68 23
11 5
62 5
44 39
76 56
37 4
80 50
90 30
62 58
2 2
56 25
84 55
75 63
89 75
10 4
56 44
58 16
34 14
57 13
95 25
32 17
74 30
40 37
23 4
37 5
32 15
47 19
35 15
57 13
23 15
70 39
73 26
40 25
84 79
77 49
43 30
47 27
32 32
6 4
9 2
100 90
6 5
83 77
50 40
2 2
71 50
93 56
62 28
68 25
59 44
26 2
95 50
27 9
61 24
38 2
65 20
64 27
72 14
5 4
88 86
47 38
91 52
41 35
8 3
64 32
89 34
95 79
32 4
2 2
24 15
99 47
62 50
88 78
45 43
40 15
25 6
86 15
4 2
76 56
11 6
33 5
99 79
52 25
35 29
68 68
86 77
84 11
56 8
76 75
100 61
38 15
86 19
79 49
21 20
82 6
25 9
58 20
77 33
39 2
11 9
90 36
50 48
47 3
3 2
68 54
96 40
61 59
75 43
23 20
49 23
85 15
37 3
8 4
74 23
14 4
11 11
45 36
26 8
3 3
73 28
13 6
78 43
91 8
34 22
27 12
58 14
2 2
45 10
86 21
35 33
94 47
97 3
29 28
13 5
97 76
92 38
59 19
60 25
30 6
62 58
80 78
93 88
95 79
87 43
25 10
38 8
19 3
50 14
81 13
61 46
39 7
88 4
19 10
44 27
91 23
88 57
27 19
11 10
87 62
36 14
49 41
43 12
55 39
46 14
79 78
3 2
65 16
100 61
33 11
71 52
81 62
11 7
35 23
99 94
34 14
15 11
40 32
27 5
74 37
91 64
25 4
56 20
46 25
67 29
34 5
30 22
24 8
84 78
11 7
26 6
76 7
35 14
28 25
18 13
8 2
91 17
86 17
51 21
70 3
43 10
38 11
59 44
16 13
23 18
15 2
65 28
34 29
48 32
85 24
78 45
76 75
50 15
29 8
63 44
70 21
52 18
45 9
4 2
85 44
9 6
16 10
98 4
98 65
80 60
93 69
52 5
74 71
87 73
71 32
8 8
56 14
18 16
46 34
30 11
22 12
24 17
66 27
41 38
93 81
69 7
58 17
29 18
85 76
6 4
12 7
17 11
23 12
50 34
33 28
68 68
62 38
37 24
15 13
88 61
90 44
80 39
40 25
21 11
54 35
81 73
90 63
45 3
43 33
29 24
6 5
13 6
29 20
16 14
47 17
54 27
75 5
8 7
78 41
33 21
56 17
32 5
97 71
98 84
91 63
62 58
60 38
91 86
51 18
56 21
74 37
90 16
12 9
32 25
26 21
5 5
98 39
15 11
65 45
100 52
74 17
86 63
30 28
14 12
72 32
24 11
33 29
96 53
48 17
45 13
14 9
10 10
78 32
91 46
5 3
84 17
58 44
95 80
20 16
6 6
96 27
71 5
96 2
93 74
69 36
84 30
16 3
3 2
94 61
6 6
11 3
59 43
99 92
53 2
55 17
62 28
76 33
50 42
93 83
66 59
74 31
69 22
84 13
43 8
77 56
17 6
16 3
85 60
98 28
22 15
45 30
8 7
37 5
40 20
89 36
63 60
23 13
64 58
68 58
54 7
76 73
95 4
77 3
58 54
4 3
80 34
65 40
93 26
35 22
20 17
34 31
84 31
93 67
4 3
29 6
81 72
43 10
29 8
20 12
7 6
36 24
77 70
58 35
100 50
46 3
26 6
84 65
47 16
67 58
21 3
77 24
75 17
89 11
3 3
22 10
41 32
36 2
60 58
9 6
78 25
89 69
64 28
53 46
49 49
27 12
7 3
38 18
79 63
30 5
2 2
99 54
18 8
46 23
5 5
22 18
23 8
4 2
28 2
89 52
81 64
74 62
80 37
72 54
59 40
97 89
68 47
65 37
86 24
40 39
73 10
57 33
81 48
87 7
79 24
56 25
11 4
14 14
60 6
38 7
85 26
28 19
85 70
15 4
7 3
81 28
69 60
99 32
36 26
42 18
10 8
65 16
55 2
10 6
63 50
47 13
51 6
87 28
81 60
23 9
96 7
65 25
53 2
88 88
3 2
58 16
96 34
13 6
67 23
87 3
93 5
20 12
13 8
33 8
25 9
48 18
43 20
59 46
14 10
83 27
78 29
70 21
29 26
20 18
92 24
33 11
54 14
31 15
32 14
52 44
13 9
16 16
50 48
67 12
39 25
57 47
77 40
20 18
12 10
86 76
11 2
5 4
88 14
80 41
22 8
64 16
70 13
47 4
3 3
20 7
74 38
37 3
53 19
62 51
20 11
26 18
24 17
80 9
15 15
76 41
59 8
49 26
80 19
30 8
90 19
54 28
35 25
58 17
6 4
72 72
56 20
18 11
68 48
69 67
4 4
52 8
55 48
47 23
95 74
7 4
96 22
51 23
93 82
52 31
86 26
97 45
11 7
79 53
3 2
82 75
100 81
95 86
14 4
30 26
96 47
57 10
96 73
81 40
80 22
46 16
23 4
63 60
55 22
82 16
90 41
50 29
21 21
61 56
3 3
71 34
51 51
74 58
30 18
76 57
66 34
22 14
23 19
9 3
7 7
24 7
59 35
75 72
20 9
99 50
12 6
93 65
38 30
71 4
70 40
57 5
79 42
98 65
58 21
92 48
11 8
38 9
17 12
10 9
40 10
98 33
77 76
62 26
52 26
74 47
84 27
30 2
76 50
50 34
18 16
5 2
24 22
26 13
47 9
48 2
11 7
88 50
46 24
91 46
58 35
6 5
61 44
66 36
42 6
58 38
59 10
66 49
19 11
31 14
27 26
46 22
72 68
61 27
98 57
39 33
78 62
83 49
94 65
64 63
89 49
18 2
45 44
59 6
38 34
17 6
96 79
49 41
52 43
97 70
50 3
52 25
63 40
34 19
42 18
29 14
31 9
32 5
43 27
96 45
40 22
60 26
89 7
92 86
6 5
40 19
50 31
97 48
4 4
96 79
42 12
96 74
77 10
99 10
72 67
81 44
65 13
5 3
32 6
26 6
99 90
44 38
58 39
56 9
7 2
19 9
21 14
18 15
27 12
74 50
86 3
89 59
41 11
60 13
55 19
76 55
75 47
32 9
10 2
57 17
49 9
32 28
73 37
50 45
76 67
76 35
32 10
45 39
81 72
62 26
13 11
85 34
44 33
92 28
45 44
3 2
65 32
75 22
41 3
53 12
63 25
22 4
89 85
16 2
12 9
100 10
92 48
72 33
86 15
69 31
44 29
14 11
88 6
43 37
87 80
59 15
99 26
23 21
62 17
88 24
15 12
15 10
34 29
58 31
70 68
72 37
33 3
14 7
80 45
25 19
81 20
49 31
9 3
58 32
87 4
52 8
89 63
86 17
52 52
37 32
4 4
78 60
89 56
86 58
72 54
77 50
2 2
18 14
71 68
20 11
95 64
85 56
87 86
6 4
14 10
80 60
40 2
48 14
67 30
6 6
41 10
53 43
44 10
26 18
9 3
90 62
39 37
69 13
6 2
58 57
32 31
4 3
44 30
79 22
71 44
30 23
74 33
59 24
85 30
31 31
46 30
13 2
58 51
45 27
98 27
43 14
59 58
82 29
67 25
8 6
70 67
83 58
59 40
11 4
8 7
97 97
61 2
90 28
91 23
44 40
44 3
9 5
24 21
12 12
31 7
11 5
67 16
5 3
86 4
7 6
85 82
22 12
19 17
12 8
94 85
70 28
24 24
87 83
47 27
88 41
14 5
45 4
58 31
92 21
70 35
83 30
86 61
72 18
12 7
19 11
4 4
18 6
48 10
49 35
84 62
12 8
52 21
92 12
3 3
36 27
12 12
73 21
13 4
37 27
61 60
91 73
31 19
41 31
9 8
76 45
72 44
41 12
93 63
60 41
82 78
96 96
69 49
63 43
88 16
6 4
58 17
6 5
81 42
96 96
43 38
43 16
35 9
55 28
31 25
22 20
55 19
14 11
100 50
77 19
2 2
58 43
80 47
62 19
12 4
60 37
58 26
53 19
36 3
35 31
68 18
76 26
59 18
12 2
91 64
65 38
45 30
76 62
5 5
99 99
83 36
80 48
89 68
60 57
44 14
92 59
55 22
60 30
9 9
22 11
97 72
43 23
5 2
32 29
77 43
11 3
63 12
66 11
100 33
14 13
91 58
100 16
23 23
64 12
40 4
31 6
90 28
11 4
47 13
98 87
32 25
84 20
86 18
17 9
25 4
47 31
4 4
92 22
77 27
5 4
82 2
33 2
82 45
47 41
56 31
81 40
100 8
6 6
47 19
4 3
41 30
60 36
98 46
4 4
48 44
6 6
41 32
82 53
43 7
85 8
26 11
92 92
73 57
96 72
90 49
47 47
39 16
90 32
99 82
59 30
27 8
75 56
31 7
19 17
70 27
84 60
67 32
12 4
10 8
63 48
14 8
11 10
95 6
100 79
52 39
16 11
58 42
71 54
43 27
88 32
32 15
40 31
31 11
72 72
97 48
20 19
60 27
77 74
28 12
8 6
94 55
20 15
15 3
11 11
32 11
11 8
41 3
3 2
14 5
75 30
53 11
93 59
54 30
61 3
69 34
66 26
70 69
90 31
15 12
43 39
74 24
36 26
63 42
60 6
35 4
87 9
79 33
61 32
25 21
78 44
93 22
27 13
45 17
37 22
29 29
2 2
11 3
5 5
80 67
26 18
7 4
19 15
90 35
42 22
94 52
64 35
20 19
65 33
19 3
70 14
44 17
62 38
45 34
18 5
61 42
38 4
46 19
81 74
29 12
63 14
90 85
56 42
90 25
82 28
84 78
50 20
5 5
33 19
45 39
49 40
85 10
2 2
22 21
36 4
12 2
48 37
21 17
23 6
52 14
58 23
57 24
79 65
25 20
52 5
100 63
91 30
61 37
88 72
8 7
74 69
38 11
45 33
28 4
23 21
91 48
85 57
98 82
22 10
18 3
78 30
19 2
40 29
83 53
54 4
70 7
61 19
35 7
28 17
18 17
17 5
24 15
24 17
80 11
89 71
83 32
42 20
75 14
79 46
87 69
62 52
98 65
80 9
87 15
78 26
2 2
14 5
22 3
99 28
79 73
79 17
91 88
93 89
51 32
26 6
54 46
2 2
57 36
18 6
79 16
62 9
30 22
78 75
98 23
64 29
7 5
66 20
40 30
26 2
3 2
68 9
46 46
16 12
91 21
78 60
81 52
12 6
41 24
41 2
83 39
65 12
54 29
27 13
55 44
40 4
26 18
44 42
71 49
97 79
23 4
81 37
5 3
55 21
54 26
17 15
5 4
75 37
31 6
69 42
50 47
62 58
5 3
92 16
20 13
70 34
65 36
53 45
88 49
87 9
52 40
11 10
31 11
75 65
85 46
62 11
49 39
15 7
33 14
43 42
85 76
89 22
14 4
75 64
30 13
87 15
52 4
47 23
47 13
71 65
13 4
35 12
34 23
45 27
68 62
97 73
15 7
12 8
22 6
25 2
83 53
13 4
35 3
93 35
66 29
82 22
59 10
48 17
44 3
9 9
44 23
48 46
41 37
2 2
41 6
75 63
15 11
5 4
4 4
66 57
13 6
7 6
47 47
23 6
47 17
74 34
45 3
76 30
55 40
90 83
40 10
66 27
35 34
100 86
25 20
95 84
85 65
9 2
9 4
53 31
51 18
19 8
20 7
78 67
88 36
23 15
10 2
63 4
37 14
17 10
99 25
60 15
65 3
66 25
52 3
11 6
51 9
73 65
51 14
28 24
18 15
22 22
34 34
68 22
88 47
70 21
51 9
29 18
49 28
24 17
49 7
40 14
99 5
36 21
44 23
100 33
31 4
36 35
31 22
27 15
68 15
69 62
8 3
84 79
74 48
5 4
64 13
87 55
60 50
71 12
38 7
33 24
73 68
97 66
41 22
74 64
42 19
93 67
20 14
29 17
94 79
45 37
84 26
77 37
71 23
28 25
24 15
63 17
60 15
59 7
10 6
77 63
74 14
72 5
2 2
95 11
33 32
7 3
2 2
48 43
24 11
62 2
51 21
20 2
52 5
74 74
75 65
34 27
99 89
48 20
31 14
8 3
41 29
59 31
100 49
57 25
95 59
85 49
26 9
62 36
50 38
75 42
28 21
32 9
68 66
71 65
8 8
90 69
40 33
97 63
30 9
35 20
10 6
75 44
13 6
11 9
54 47
61 52
4 3
61 34
100 54
76 72
49 43
100 65
26 5
42 6
60 27
89 25
83 32
35 5
57 43
87 26
51 26
85 76
90 59
72 48
16 12
76 31
70 31
14 3
88 77
50 10
96 20
72 56
67 33
34 26
39 12
63 50
27 17
56 17
11 6
6 3
90 84
27 23
74 7
49 14
80 80
63 60
49 39
95 20
93 12
38 37
72 58
23 9
66 8
60 32
9 6
74 15
59 42
33 13
16 12
74 35
7 6
31 22
79 29
61 29
52 42
9 6
52 18
99 34
53 31
39 23
34 21
81 38
96 10
13 4
42 21
100 51
59 15
28 20
100 10
44 6
20 5
91 30
49 9
29 27
58 37
59 8
58 26
32 20
35 12
51 29
47 7
46 14
99 77
83 32
84 58
38 14
14 12
52 18
97 7
77 35
51 47
54 44
87 40
79 35
64 32
70 35
93 43
14 9
6 3
35 26
71 31
39 7
9 6
57 52
13 3
2 2
30 24
94 78
79 44
50 46
44 3
76 14
61 43
96 52
25 14
74 7
48 5
33 21
49 10
23 22
27 25
89 7
62 61
6 5
9 3
72 42
33 27
13 2
52 10
48 32
4 3
19 4
24 15
37 19
25 16
61 31
82 15
89 20
61 29
67 59
19 15
52 12
64 26
89 74
32 10
70 53
46 12
64 15
30 10
70 46
8 4
97 4
27 18
52 18
92 71
67 47
70 47
39 37
94 8
59 21
59 11
62 57
84 82
90 62
73 20
42 39
85 37
94 48
30 18
88 56
38 17
19 14
46 4
43 13
67 62
94 74
56 39
76 30
91 16
73 31
83 62
92 54
74 59
52 3
8 8
70 20
37 11
31 6
92 35
6 5
42 2
81 13
9 5
62 12
56 11
14 13
53 15
52 28
72 64
95 15
86 3
88 60
98 40
38 9
78 15
17 13
19 17
14 13
37 36
88 41
95 16
21 12
39 17
94 45
81 55
63 17
97 57
19 6
31 26
12 5
7 2
80 17
96 89
28 15
13 8
72 34
67 48
29 5
90 30
100 71
15 11
43 18
24 16
44 43
29 25
78 22
85 72
49 47
61 14
10 2
71 39
4 4
86 57
85 14
21 11
36 14
43 32
48 36
36 35
90 8
28 24
31 26
33 16
48 14
68 9
70 35
24 6
16 8
55 9
99 93
77 12
15 6
65 48
46 45
3 2
16 9
9 5
29 23
72 16
22 16
31 12
5 4
62 60
8 3
57 28
69 14
88 15
24 13
50 4
42 4
51 39
55 12
5 5
45 33
3 3
87 48
32 20
57 53
54 48
5 2
22 21
95 36
99 27
69 56
82 42
95 69
7 5
87 52
53 8
2 2
62 33
52 16
41 8
44 41
48 38
39 35
7 6
10 9
37 17
88 56
87 18
33 3
53 10
23 16
73 6
34 21
94 71
83 21
56 8
60 53
97 13
16 14
51 10
92 22
90 17
50 37
19 5
76 49
14 7
90 81
100 90
85 3
19 5
22 19
16 2
67 2
90 40
100 47
40 37
38 13
84 75
25 13
17 15
15 6
58 19
22 16
81 66
54 36
23 23
56 44
45 28
69 69
95 88
49 8
16 12
19 8
7 7
61 11
91 24
62 43
78 69
9 6
8 7
5 3
53 38
77 49
68 16
20 4
57 10
31 30
73 6
91 62
96 24
63 43
52 29
58 43
59 24
45 39
41 33
27 10
95 36
78 37
38 27
85 61
13 13
23 10
12 7
50 34
40 31
42 20
94 21
9 4
49 27
73 49
42 37
77 52
41 7
100 89
35 19
12 3
22 7
74 55
41 15
43 22
33 3
81 67
84 76
16 15
31 25
50 30
70 69
67 50
15 3
99 10
10 10
57 2
78 50
66 61
29 6
56 40
47 12
84 82
74 47
77 51
80 79
68 36
31 3
16 4
93 78
9 9
58 18
59 35
11 2
40 17
42 16
30 9
47 32
97 25
98 11
87 55
66 21
18 6
40 19
96 63
30 24
75 75
58 29
97 28
28 16
27 12
5 5
71 69
90 50
16 10
37 37
94 22
21 15
54 5
13 4
50 23
57 6
25 11
4 4
31 18
56 6
2 2
40 17
13 9
69 69
77 31
27 10
96 21
40 2
47 46
10 3
71 66
14 6
14 12
58 16
14 6
3 3
75 38
99 64
94 29
97 11
11 6
17 3
92 55
54 23
85 45
3 3
92 82
2 2
83 71
84 32
84 64
67 32
56 28
63 30
70 35
94 64
34 4
83 31
2 2
74 56
60 10
50 27
71 49
45 45
70 70
20 4
19 16
96 17
88 73
10 4
2 2
89 55
96 2
49 28
97 21
29 4
52 16
80 73
32 24
73 18
8 7
25 22
88 22
76 16
89 23
46 30
5 3
70 65
50 22
18 8
9 9
56 2
44 43
9 6
53 40
96 26
94 66
76 6
90 20
80 70
37 27
66 34
91 38
64 34
7 6
51 40
100 68
99 60
50 41
20 9
51 28
42 6
73 9
9 5
88 63
51 43
69 6
75 24
12 2
33 32
97 42
97 83
35 17
66 62
62 24
97 56
38 38
47 45
88 72
67 62
71 55
48 35
56 41
94 92
69 43
43 25
39 10
75 59
98 93
15 13
28 9
83 46
10 8
54 31
74 53
72 31
94 32
24 8
69 59
56 13
35 18
42 30
13 9
2 2
45 14
21 19
2 2
35 30
41 29
69 18
84 61
26 8
10 7
12 8
99 58
38 33
5 2
24 13
27 4
80 79
53 31
99 94
81 41
33 9
90 49
21 2
16 8
87 71
93 17
91 70
69 5
17 5
41 27
22 15
26 9
56 35
68 56
42 29
84 79
4 3
83 32
71 9
55 7
33 7
48 34
65 53
61 11
10 10
32 6
86 85
97 78
89 64
61 6
61 26
100 81
60 41
41 14
47 37
50 8
20 3
83 81
28 21
31 27
21 17
32 20
61 7
61 24
81 40
98 86
75 37
39 35
68 35
51 42
67 56
79 59
51 13
64 19
9 6
24 18
12 4
50 2
41 39
55 38
20 20
14 6
54 13
40 6
10 9
56 15
44 11
24 6
41 17
22 19
30 22
75 47
55 30
74 2
55 25
90 19
62 48
94 56
2 2
46 42
94 19
65 35
94 31
83 72
90 89
71 39
48 3
23 22
81 30
6 3
96 63
97 28
94 47
37 27
27 12
60 36
90 89
54 19
87 26
89 82
70 3
7 2
100 57
64 22
37 14
82 19
92 52
9 8
60 53
21 11
20 7
75 24
47 32
12 5
96 34
75 17
26 3
76 38
42 21
29 14
38 28
27 20
92 35
87 35
2 2
63 10
34 21
16 13
88 56
47 13
88 3
93 27
26 19
25 2
8 4
48 8
41 31
11 2
39 2
58 23
89 82
7 6
98 51
8 3
79 5
12 3
52 26
69 25
55 48
63 39
67 29
89 62
19 4
19 13
9 3
93 56
64 5
19 12
94 22
96 5
13 12
94 91
52 32
18 4
97 17
86 68
83 25
88 48
14 4
73 44
13 13
22 9
12 11
5 3
95 29
100 36
39 38
80 4
34 30
85 44
53 43
68 28
82 15
75 31
84 20
22 10
84 51
49 47
70 24
94 75
51 3
98 66
78 61
79 71
19 16
9 5
74 11
66 25
25 17
7 2
71 8
37 21
79 64
42 19
82 25
85 67
33 6
88 9
9 3
39 14
21 4
67 39
59 31
75 72
64 49
63 25
31 4
29 11
70 32
11 4
2 2
29 6
64 38
70 5
94 28
61 44
6 6
89 39
75 58
45 22
76 46
93 87
89 59
33 11
98 58
84 56
80 20
72 35
15 6
46 21
24 2
44 11
85 9
6 3
7 7
62 11
42 19
24 23
31 29
51 43
93 52
53 14
87 42
100 52
76 48
8 2
47 37
52 12
53 18
36 13
60 36
68 17
64 47
41 3
26 21
69 50
24 21
9 5
3 2
94 85
5 2
78 59
38 16
75 75
7 2
73 22
76 41
71 62
80 59
63 41
97 53
23 23
75 48
4 2
51 26
19 13
77 68
100 87
16 15
70 64
66 16
30 21
7 6
75 51
91 62
11 10
73 35
19 12
15 12
22 20
69 29
75 54
77 9
60 21
69 24
60 9
57 15
20 4
31 25
80 54
21 8
23 9
33 8
14 11
84 67
95 42
10 8
4 3
51 7
4 3
74 23
40 3
56 28
18 4
86 19
82 14
26 5
41 22
72 36
77 60
37 9
13 2
65 54
85 51
26 16
26 5
18 13
8 8
45 18
100 6
80 55
3 3
57 2
9 6
45 42
87 47
42 35
97 8
16 4
52 10
46 37
7 6
44 42
50 29
98 59
23 6
7 3
29 22
29 20
18 14
74 9
18 5
79 62
47 38
81 22
77 57
95 24
33 33
14 9
74 6
84 67
53 14
58 35
45 37
60 31
62 30
82 40
26 25
5 2
2 2
98 3
55 15
75 28
6 6
98 60
83 48
5 4
21 7
97 44
2 2
80 76
67 65
20 18
7 3
95 64
38 30
73 65
51 45
38 19
4 3
57 35
23 2
83 43
74 17
74 42
91 74
94 18
89 24
53 37
51 45
64 29
76 47
40 27
10 9
99 6
20 11
88 20
87 14
9 6
64 54
8 8
69 19
42 8
46 36
60 46
17 5
86 51
68 28
61 4
100 27
40 33
95 19
37 10
27 5
44 3
2 2
33 2
20 20
2 2
32 9
47 37
45 33
19 13
55 13
28 4
48 39
61 17
4 3
87 52
86 73
34 32
29 22
96 47
48 4
69 52
39 17
36 29
85 11
6 6
10 3
100 29
14 13
12 7
60 27
24 20
78 73
16 12
20 10
3 3
2 2
75 14
66 37
60 56
71 53
31 4
36 35
27 14
26 23
21 4
88 52
17 13
40 25
44 16
38 24
83 27
77 25
19 12
44 3
40 38
44 29
13 10
28 13
82 6
26 19
11 2
26 3
36 26
34 11
42 13
49 34
58 26
56 15
16 13
92 68
94 94
99 85
74 52
81 8
42 20
5 5
50 50
58 20
50 28
89 88
21 14
67 7
28 17
44 12
5 4
17 16
71 59
30 24
3 2
53 7
21 11
95 81
18 9
15 7
85 40
3 3
31 21
62 60
39 4
84 36
58 47
29 27
75 38
64 38
65 46
60 22
79 20
81 60
39 33
73 71
38 32
94 93
98 65
40 40
8 3
17 9
42 33
72 18
81 61
16 10
64 45
22 10
77 66
17 12
20 17
84 71
90 73
82 74
84 61
79 65
8 4
6 3
44 37
34 2
34 11
6 4
77 46
6 6
15 15
47 30
42 19
88 88
95 53
38 6
30 3
90 26
24 9
12 2
57 29
49 8
52 6
39 23
63 36
23 20
37 13
89 19
68 10
28 5
92 90
82 22
23 15
85 76
16 15
62 35
96 2
55 55
66 38
58 10
85 41
45 39
71 14
98 18
66 3
93 69
32 18
9 9
20 4
54 12
83 38
39 27
82 67
91 22
64 27
31 2
18 12
34 9
61 31
66 41
9 8
32 29
39 29
59 28
77 60
59 33
26 13
61 34
57 49
75 43
4 4
21 12
63 14
82 23
8 4
68 13
78 71
84 25
91 67
60 38
79 44
94 57
29 4
44 6
27 20
96 17
29 11
29 14
93 13
15 12
93 24
47 23
92 66
19 7
13 13
34 31
97 36
15 9
77 75
86 2
90 26
18 14
42 12
69 17
56 33
45 27
47 36
41 29
15 7
80 19
25 3
40 4
84 25
6 4
26 2
37 19
52 37
50 10
27 12
35 18
50 38
60 51
66 47
55 18
77 44
17 11
90 16
92 53
97 79
72 20
45 38
45 16
96 33
36 5
83 16
73 39
9 3
66 46
7 4
20 20
100 82
36 23
18 16
43 28
75 16
92 12
17 11
92 46
55 25
49 6
98 51
86 49
70 58
71 48
93 5
90 69
44 2
48 45
84 74
56 47
73 42
75 69
97 57
21 13
11 2
65 46
12 2
26 11
54 30
15 5
39 30
60 35
14 13
82 42
38 29
75 58
57 5
49 19
67 41
91 3
80 43
9 9
37 19
27 4
55 9
84 29
37 4
47 17
38 18
99 96
13 7
40 2
39 39
44 16
10 9
91 46
33 15
76 64
70 42
79 27
49 43
12 2
44 32
94 19
9 7
33 9
71 41
73 44
12 11
51 17
20 19
50 43
54 45
96 38
12 8
81 56
29 10
59 50
11 10
13 3
81 65
35 22
17 10
36 36
73 20
92 89
50 11
58 48
69 50
17 6
43 25
85 37
56 42
38 23
33 28
78 63
75 72
89 52
97 66
43 42
15 9
80 51
81 61
8 4
79 24
57 11
74 38
23 14
10 6
32 4
6 2
93 19
61 24
41 18
44 39
88 58
90 32
29 4
93 16
69 61
78 55
57 12
3 2
96 8
61 44
85 61
93 76
44 36
85 84
36 31
32 9
79 36
7 2
13 2
53 15
39 30
24 14
29 13
65 60
88 41
34 8
33 19
48 36
36 21
87 30
40 40
77 19
60 26
86 31
79 62
38 30
79 29
66 45
4 2
16 14
6 2
27 17
81 15
90 43
88 24
70 20
62 28
83 76
30 22
63 60
13 8
42 38
95 77
90 77
85 45
7 6
51 13
90 22
28 23
87 56
17 6
88 69
89 37
64 57
95 75
46 44
52 7
58 46
83 34
33 24
97 83
31 2
82 81
80 69
100 81
99 30
32 10
2 2
93 37
9 4
48 12
95 14
85 3
49 29
81 3
76 72
65 26
68 5
7 7
74 36
47 31
50 32
53 49
4 3
82 79
46 3
16 13
7 7
32 12
64 58
36 14
43 6
74 23
27 13
3 3
14 3
29 18
85 48
42 37
69 39
49 5
75 4
23 7
9 2
42 42
23 7
19 14
14 11
42 23
43 22
57 7
74 36
56 21
56 36
10 2
20 10
6 3
70 60
77 14
82 5
68 61
60 43
85 45
38 26
17 8
23 23
94 32
83 44
41 20
65 49
80 72
57 23
95 36
28 7
37 2
14 6
41 2
23 22
70 31
12 2
95 2
30 9
52 7
15 8
56 40
90 71
16 11
88 86
23 9
90 32
2 2
81 3
5 4
15 14
4 3
12 10
89 76
85 3
34 24
52 49
6 6
91 22
3 2
84 69
81 40
29 7
79 59
86 56
93 45
27 18
29 13
61 45
29 17
51 47
11 11
55 18
13 4
44 44
94 55
67 28
79 26
13 4
4 2
76 67
32 25
61 10
97 97
35 27
5 5
46 11
20 6
76 3
15 3
23 15
41 23
64 6
3 2
81 63
33 9
38 35
46 42
7 5
57 24
100 71
80 12
47 43
82 40
90 65
27 12
2 2
46 38
95 45
39 16
20 5
34 18
46 39
93 9
80 9
22 15
72 5
39 2
100 95
57 37
48 11
66 37
82 55
51 36
16 2
78 52
94 74
57 8
44 6
51 51
98 39
48 36
4 3
94 12
81 33
98 11
80 29
52 17
25 21
93 53
2 2
30 6
59 7
20 20
63 48
97 11
6 4
13 13
24 18
92 87
51 3
86 18
94 19
93 63
58 24
36 10
93 9
5 3
54 29
64 6
45 14
84 42
74 71
35 34
96 2
10 10
41 31
96 75
49 13
31 5
98 29
37 8
95 88
33 19
43 7
70 33
7 5
41 19
76 41
83 24
66 36
42 7
52 42
100 14
8 8
65 10
32 2
80 3
75 43
30 29
81 45
14 14
17 12
69 22
41 35
69 65
82 21
29 4
60 28
37 14
56 19
29 26
43 21
29 28
64 40
47 47
48 6
83 13
49 46
32 4
67 64
82 80
87 48
29 28
35 35
40 2
15 13
15 10
