10000
34 26
75 60
32 27
96 11
19 7
73 55
6 5
4 4
52 5
9 8
97 14
4 3
82 14
48 43
11 6
4 4
49 47
43 24
31 2
74 58
83 52
16 13
41 32
98 13
11 9
17 15
74 50
74 44
53 20
97 69
57 40
48 35
58 55
99 50
93 58
80 37
35 19
82 38
10 7
6 3
14 12
99 67
26 10
12 11
33 25
34 26
27 22
21 11
78 13
7 6
24 13
95 3
31 25
39 24
70 7
46 36
51 27
17 6
50 8
16 5
70 41
85 59
54 21
44 26
60 17
34 2
14 10
32 30
28 2
64 27
86 10
60 59
29 8
77 39
67 44
11 8
88 46
93 35
37 7
18 8
65 28
88 48
36 5
62 6
69 10
33 13
32 19
61 59
52 26
33 26
3 3
88 11
22 12
37 33
49 14
27 8
83 21
20 3
56 33
32 6
39 7
28 25
15 10
81 71
95 36
55 48
86 44
7 4
4 2
90 62
45 41
92 87
33 7
56 52
74 69
35 35
8 8
16 15
19 14
55 22
50 38
17 12
47 45
37 26
83 79
25 9
14 8
21 10
89 18
39 21
66 50
9 9
86 11
71 14
38 8
48 18
88 43
40 13
42 38
41 25
80 37
36 16
37 15
8 5
98 51
59 48
6 6
39 3
61 26
12 6
13 2
45 35
87 49
2 2
10 9
70 24
71 65
16 4
31 13
39 19
63 16
62 43
54 18
84 27
12 5
4 3
64 51
45 40
76 56
16 14
81 48
20 20
44 13
23 17
5 4
32 27
56 56
7 3
66 51
93 90
80 71
97 7
19 16
54 46
100 54
39 24
93 60
62 28
61 33
82 8
31 30
35 33
66 64
42 7
48 22
46 11
33 27
81 59
66 38
22 20
5 2
89 51
34 33
14 3
96 76
62 38
75 48
28 26
23 13
89 29
81 44
24 5
39 23
68 7
19 14
87 49
61 24
74 19
66 63
80 2
40 40
21 13
38 5
10 6
13 12
8 7
29 29
28 12
21 14
96 49
23 3
92 44
71 53
33 11
35 31
99 25
63 8
59 9
12 7
64 46
51 49
63 47
29 4
90 15
17 8
42 17
18 8
97 79
35 25
18 9
89 84
69 58
13 10
74 62
82 15
70 38
93 22
94 23
13 5
75 36
35 29
64 18
77 28
7 3
22 3
7 5
43 34
19 17
75 57
71 34
70 57
62 24
41 9
60 37
34 5
7 2
70 40
2 2
97 80
2 2
76 75
44 39
72 40
38 25
37 15
10 7
88 12
6 6
64 62
90 76
80 23
52 30
17 16
6 2
38 32
78 76
54 33
41 27
6 4
77 39
29 18
45 15
43 41
73 18
33 16
36 9
45 25
45 42
67 7
65 40
92 3
81 11
68 35
34 4
47 5
89 9
76 2
58 41
45 12
81 61
45 24
60 59
89 65
74 3
72 41
36 22
77 35
28 16
72 23
55 39
81 72
17 12
26 20
79 33
86 44
77 70
56 50
93 27
5 3
19 9
23 10
57 38
14 13
54 35
65 24
33 28
40 36
33 11
59 44
69 36
76 59
98 11
91 36
62 15
91 72
6 4
26 20
47 38
16 16
98 77
57 2
91 6
76 28
43 8
62 54
9 9
34 2
84 8
34 4
88 21
44 42
18 5
87 36
66 37
8 4
60 43
4 2
51 34
95 14
42 4
20 17
62 40
83 5
93 6
94 15
90 63
61 27
4 4
83 6
54 52
43 31
40 12
100 6
57 11
49 49
27 4
57 15
73 57
100 9
86 52
83 80
53 53
35 35
38 18
76 76
5 4
15 10
58 19
14 10
63 41
40 32
55 6
86 5
86 31
49 24
55 27
68 3
45 12
21 6
61 21
28 20
8 5
50 21
37 21
54 28
65 51
76 14
16 8
19 15
8 7
90 16
23 14
57 44
43 6
67 41
28 8
98 13
90 26
11 8
88 6
44 27
50 49
18 3
17 7
93 3
44 5
4 2
61 17
45 27
49 12
57 25
94 23
7 7
35 2
80 40
68 55
51 11
35 30
87 39
10 4
8 3
81 26
19 11
85 45
55 11
20 6
95 33
25 7
98 18
19 8
7 2
39 15
54 18
57 51
84 32
94 17
57 4
31 6
71 24
100 50
68 61
61 4
22 14
26 21
32 15
86 85
100 9
48 39
89 37
67 66
88 21
15 7
49 28
29 15
19 5
43 12
18 10
51 44
97 11
7 4
68 43
37 4
37 25
21 9
92 9
94 68
14 8
4 4
94 4
49 35
82 77
10 3
41 36
46 20
89 36
54 32
80 43
7 3
54 4
26 17
85 84
81 9
38 12
14 12
74 15
90 38
47 11
29 5
74 20
57 57
28 25
69 19
40 31
98 30
54 41
22 11
60 37
37 34
73 38
41 22
51 15
77 59
61 61
48 21
36 31
33 30
24 4
2 2
35 6
29 17
20 18
57 22
37 2
78 33
13 3
71 23
50 13
30 20
95 17
99 50
48 30
6 2
64 9
32 27
64 2
22 5
92 36
53 13
64 51
36 6
95 30
22 4
61 30
76 28
26 15
93 25
85 57
45 15
70 59
84 15
14 6
97 10
12 2
50 19
19 7
77 16
42 12
70 68
8 4
58 52
91 88
100 27
27 8
87 74
3 2
61 28
27 7
31 22
63 16
61 47
6 2
95 54
77 29
84 69
94 54
25 3
83 65
35 20
4 2
53 45
39 2
37 13
87 78
34 31
67 50
89 74
99 52
21 19
61 45
75 48
43 35
39 5
56 20
88 6
63 19
29 27
50 21
6 5
37 30
73 35
83 36
98 77
62 32
67 4
63 16
3 3
44 19
13 7
11 5
67 51
52 21
10 3
58 33
5 4
45 6
24 11
59 28
54 46
83 83
16 5
99 98
28 20
46 5
42 35
87 60
67 30
45 30
62 62
90 13
90 73
39 9
73 21
52 13
82 19
64 26
55 39
79 5
44 40
67 7
19 3
73 62
33 28
16 12
73 72
38 8
51 19
57 23
47 40
95 7
99 84
80 35
17 13
63 13
5 5
54 35
72 4
77 3
93 68
95 78
14 9
84 2
76 7
83 10
78 73
86 11
24 18
89 61
40 20
58 53
24 8
40 3
45 39
2 2
27 26
15 12
79 8
36 35
34 17
13 4
72 33
32 3
34 32
94 31
60 33
23 10
47 30
28 17
58 47
82 9
13 10
61 37
74 10
4 3
47 6
15 10
42 16
85 46
40 40
39 11
38 29
9 3
80 61
78 57
58 6
49 7
79 43
5 3
86 13
62 52
75 73
82 47
9 9
64 49
42 18
65 46
59 20
72 67
61 50
92 21
17 3
94 21
11 6
48 25
12 6
9 6
63 49
13 7
24 14
66 14
42 28
90 13
18 8
22 15
87 67
87 26
2 2
75 73
56 44
76 73
59 15
74 46
33 29
84 3
71 53
36 23
3 3
55 3
62 27
82 61
88 68
50 4
76 41
41 25
21 11
61 49
46 30
13 13
50 13
92 88
7 3
40 21
18 15
74 4
95 88
77 77
83 4
95 75
100 84
75 24
58 8
85 50
85 26
82 35
99 73
2 2
23 12
96 86
71 5
74 66
70 14
18 4
64 41
96 30
71 13
84 39
53 53
65 56
45 36
35 33
68 59
34 19
38 16
70 27
49 47
68 20
52 51
66 49
42 21
66 10
69 34
38 34
80 66
11 10
100 88
44 40
62 47
11 2
8 2
19 11
27 22
68 60
73 37
49 13
30 28
63 52
42 25
11 8
29 9
48 16
70 46
59 48
31 17
52 26
13 7
80 62
53 51
44 33
62 34
27 6
72 51
28 9
62 32
58 46
24 7
20 16
22 8
40 20
43 15
94 23
88 75
40 3
54 17
93 85
43 8
41 18
62 30
17 8
52 42
82 70
17 10
21 3
77 36
63 3
98 42
56 4
8 8
5 4
70 60
96 24
36 14
50 42
77 64
15 15
35 2
95 46
25 8
62 3
84 38
86 8
99 12
30 14
10 5
45 21
61 4
8 5
86 7
64 46
73 2
76 34
42 34
27 7
50 6
83 52
98 48
43 13
67 53
90 72
18 2
25 2
18 10
10 7
48 43
86 73
37 36
14 7
42 18
45 5
43 42
93 64
18 7
6 3
95 5
29 29
63 21
100 51
33 31
96 32
87 48
83 29
57 19
9 5
46 18
65 38
56 47
88 45
89 77
6 6
27 4
76 71
90 14
5 2
19 14
49 40
50 18
56 56
54 40
100 69
56 7
95 91
73 6
34 26
45 20
14 14
76 74
10 2
64 32
21 2
89 40
76 9
94 89
69 48
67 51
86 71
75 2
95 54
68 18
53 43
53 31
35 27
61 20
17 15
50 2
67 42
20 11
57 38
17 14
39 10
38 23
91 64
15 6
100 2
87 35
39 30
66 61
21 15
47 5
14 11
63 22
14 13
74 69
16 10
79 57
86 19
68 15
93 70
23 11
39 28
26 10
42 9
74 25
62 34
31 6
4 4
73 68
47 45
61 53
29 3
29 11
26 9
91 10
33 32
90 58
61 58
51 18
99 32
5 3
55 6
82 53
88 40
87 66
93 65
37 16
89 43
49 11
35 19
2 2
32 29
58 15
23 2
21 5
31 11
56 38
88 72
90 4
40 35
26 6
55 34
31 3
48 33
90 63
55 30
94 72
41 31
21 5
2 2
24 4
30 4
48 25
27 9
17 6
17 3
17 16
27 21
62 62
95 89
58 41
50 4
15 8
68 64
57 35
39 30
51 5
14 13
25 5
74 9
71 65
76 25
55 30
67 47
81 65
80 66
53 13
59 46
79 49
21 6
95 78
11 6
83 3
62 38
44 23
52 8
37 27
75 70
8 8
28 10
29 9
79 16
14 14
32 10
37 33
63 61
48 5
85 81
21 10
8 3
71 34
33 25
86 35
98 44
73 31
94 10
88 57
68 48
91 39
6 4
96 22
59 40
64 25
83 32
48 15
11 7
68 6
24 10
65 33
47 19
81 7
75 32
22 2
39 35
87 15
86 46
86 25
13 9
77 33
13 11
57 13
48 14
92 25
54 31
38 30
74 29
11 8
42 4
34 25
7 2
16 7
27 4
8 7
32 14
58 19
79 4
25 16
66 27
56 22
17 2
30 29
79 61
53 34
71 34
20 13
90 82
98 79
72 64
63 15
77 71
73 55
19 11
93 53
40 39
50 14
80 67
39 28
60 33
9 6
21 6
6 4
9 6
42 19
61 28
34 8
26 7
15 10
93 59
3 3
14 12
8 4
24 15
53 20
14 13
44 8
94 59
78 6
61 58
89 3
95 7
73 61
24 22
41 3
54 46
98 20
48 18
70 40
31 3
50 39
65 15
68 20
7 4
15 12
81 66
10 4
41 25
37 9
75 51
7 5
15 2
59 59
44 34
75 54
20 15
22 12
97 60
69 16
88 14
35 33
26 3
38 3
27 16
29 21
83 7
21 8
29 10
64 53
60 37
15 2
31 13
67 3
5 5
31 9
81 38
78 36
26 20
35 18
5 5
96 34
9 7
30 16
96 5
83 14
83 5
18 12
97 52
29 17
55 8
91 65
61 31
45 26
24 2
86 42
60 54
36 23
81 71
6 6
52 11
30 6
58 16
10 7
87 75
39 37
87 72
56 44
9 3
8 3
78 43
86 85
14 3
16 13
60 37
86 82
11 4
53 22
11 11
41 13
32 11
61 53
51 35
55 30
56 3
58 54
88 3
13 11
66 46
65 13
20 3
7 6
22 12
17 6
42 23
87 78
26 25
61 55
99 95
56 26
41 40
90 50
81 20
51 25
65 56
4 2
87 31
55 38
69 41
86 13
23 18
33 23
16 8
82 79
39 9
81 73
81 72
88 64
100 2
71 48
10 7
23 14
94 88
58 32
30 15
6 3
52 37
74 27
24 20
82 52
21 10
90 55
13 11
9 3
100 25
39 4
4 4
75 69
54 10
67 3
44 39
90 40
69 65
17 5
94 24
79 9
66 28
97 4
80 24
85 36
93 62
28 22
32 32
91 65
66 66
30 9
74 35
18 3
88 42
61 44
7 4
40 18
25 13
42 41
35 14
38 24
49 43
25 3
55 33
86 83
59 13
89 60
18 16
25 7
35 13
34 28
90 37
74 5
45 27
13 8
61 17
34 14
7 6
25 3
27 24
36 19
31 22
56 50
76 8
22 5
33 24
16 9
81 27
82 19
62 6
99 76
25 24
31 18
92 61
19 15
23 9
93 91
66 23
94 76
91 87
96 90
23 6
95 24
49 26
95 86
23 3
13 13
67 15
71 11
44 22
52 25
94 52
27 23
20 16
7 7
92 18
80 42
44 32
58 13
44 31
35 15
19 5
46 17
52 20
5 3
44 31
37 32
45 39
64 25
4 4
49 13
19 4
94 57
6 4
43 29
22 10
24 8
41 34
60 52
77 72
24 7
74 51
81 45
12 11
53 43
29 2
86 4
15 3
91 68
74 61
56 47
72 53
17 6
62 18
70 48
92 3
41 35
57 5
89 14
83 28
2 2
35 29
96 19
88 31
55 17
45 11
29 24
66 64
29 8
88 13
99 94
93 84
70 33
43 28
90 55
95 26
73 13
89 22
94 53
41 11
59 11
12 3
100 46
79 12
65 58
78 21
26 2
86 62
86 52
57 7
80 50
6 6
56 26
88 84
62 57
8 5
79 59
26 3
53 13
51 30
91 83
77 42
52 43
94 89
25 3
77 47
22 8
64 31
64 24
97 96
7 4
34 31
81 49
79 68
18 13
55 36
87 32
18 18
60 48
80 37
23 12
68 56
61 11
85 6
60 21
69 43
60 13
82 64
33 27
80 7
39 27
46 37
40 31
43 21
74 41
24 5
37 10
64 13
24 4
76 34
9 5
84 61
22 18
38 7
21 20
65 11
11 11
83 39
50 44
54 34
97 86
85 32
96 52
74 14
48 26
49 35
23 12
64 50
86 39
49 39
5 3
81 39
57 39
90 66
96 78
10 4
17 3
60 22
21 2
60 44
10 9
38 9
100 86
75 53
74 67
28 22
75 18
92 12
93 91
83 33
43 32
67 2
56 52
65 29
31 28
70 32
39 10
70 15
18 3
37 29
43 24
38 32
43 38
61 30
89 23
71 16
19 11
54 4
36 30
6 5
96 50
11 4
16 16
8 4
23 6
43 17
5 3
48 15
78 60
49 32
11 11
97 43
50 16
43 43
89 80
14 8
2 2
28 18
91 55
46 7
83 41
86 58
67 51
32 11
66 39
5 4
7 3
40 29
99 29
88 32
41 34
39 32
78 5
55 4
55 2
62 62
81 54
71 62
76 39
73 46
98 45
17 8
6 2
57 37
3 2
90 36
86 6
94 8
61 43
25 18
4 4
9 9
35 34
18 7
3 3
61 23
81 65
32 20
61 5
13 5
55 24
60 15
59 29
4 2
45 26
97 54
47 14
60 8
76 51
4 2
100 80
48 20
28 11
95 46
23 3
63 7
84 65
25 15
59 39
48 48
85 3
62 45
33 30
67 12
98 77
47 35
74 30
21 4
77 46
69 53
24 16
70 63
49 16
52 49
12 5
78 38
11 11
7 7
63 26
49 18
55 34
24 4
41 27
76 35
76 34
96 75
47 24
47 2
97 11
26 4
67 44
91 30
97 21
47 38
48 3
13 11
60 5
79 26
26 4
29 17
61 8
66 19
18 2
70 36
68 10
70 59
14 5
36 10
95 55
57 55
81 31
46 19
59 2
34 24
38 28
44 9
94 85
8 2
40 18
51 41
84 83
38 31
93 38
94 75
73 47
80 80
65 28
83 26
58 7
2 2
24 6
51 35
63 49
49 23
2 2
64 18
6 2
39 9
86 2
14 4
72 36
18 13
15 3
98 89
24 7
71 15
55 20
14 9
22 11
64 47
28 12
65 9
76 18
12 6
27 24
4 2
65 20
40 34
24 23
82 63
95 2
60 4
99 52
47 30
20 2
67 9
40 35
27 3
19 5
93 24
16 2
96 86
3 3
34 27
41 37
7 4
61 13
55 45
33 2
42 12
21 5
71 17
14 10
3 2
28 9
21 9
50 10
59 44
20 2
27 11
11 2
7 4
11 3
71 5
3 2
41 14
90 85
47 34
62 31
51 28
30 28
87 24
23 14
22 4
30 20
33 10
32 9
93 60
36 3
52 21
6 6
21 5
2 2
93 12
53 33
82 35
70 23
16 10
52 15
8 5
19 12
77 19
94 49
59 10
19 3
40 7
23 21
92 80
70 25
9 3
91 20
82 43
96 30
97 31
23 5
33 33
33 2
31 13
77 23
100 13
2 2
93 42
43 41
77 14
15 9
19 4
8 7
88 12
46 8
82 22
16 15
19 10
50 9
63 8
91 58
37 13
87 13
53 51
39 32
55 4
31 14
8 5
28 14
72 62
70 35
77 52
8 4
9 7
67 3
55 44
78 20
92 38
52 51
5 3
50 13
4 4
29 8
99 82
4 4
40 14
28 14
88 12
30 26
39 30
83 53
33 16
41 30
14 9
61 14
16 9
82 65
59 16
38 29
64 9
94 70
78 2
50 45
91 42
92 38
51 5
70 27
51 24
54 4
81 71
70 24
58 40
96 24
97 33
19 18
53 41
73 24
79 38
29 17
90 10
19 13
9 2
48 28
75 58
30 23
57 2
8 4
56 53
20 7
99 43
22 9
34 10
50 37
40 21
87 54
35 27
98 62
39 20
68 7
87 9
6 3
49 2
91 16
79 20
46 2
10 4
70 39
44 25
72 33
67 47
10 10
97 65
59 40
4 3
84 73
10 8
27 10
29 17
71 39
67 18
94 87
65 57
48 21
8 7
100 90
15 2
40 29
84 16
12 9
86 63
40 19
10 6
52 48
78 38
57 30
58 2
10 4
67 10
58 14
89 16
33 8
87 70
95 92
83 35
75 47
35 16
10 4
95 18
48 41
26 3
61 9
48 24
73 50
80 17
47 22
41 18
63 4
54 20
71 14
11 9
53 4
31 28
29 5
45 19
36 9
63 43
44 23
32 21
51 46
33 24
10 3
71 18
81 19
18 13
6 6
11 2
85 30
78 42
6 2
81 2
4 3
63 57
10 4
33 23
87 67
75 62
84 61
13 6
3 2
74 71
97 2
44 34
38 14
45 37
26 18
39 5
64 26
74 67
23 16
32 6
40 29
63 22
29 23
60 60
9 4
13 8
65 60
12 3
14 9
4 4
19 9
68 25
68 34
96 42
38 2
79 77
45 41
74 55
61 48
20 17
48 18
56 41
12 5
14 7
29 10
78 37
74 61
60 32
21 10
76 49
70 12
83 74
52 28
21 4
72 68
96 56
82 63
91 69
6 3
8 3
37 13
28 25
72 3
92 11
64 42
99 27
37 25
51 21
48 19
66 5
43 31
82 69
93 36
57 27
100 34
9 8
99 2
4 2
24 13
83 5
83 50
69 32
57 26
18 13
16 12
91 61
15 9
68 54
64 3
67 40
69 25
2 2
50 31
21 2
42 7
96 21
54 30
69 29
28 17
47 17
34 7
87 6
60 13
85 50
27 22
58 36
57 48
70 68
42 32
29 12
59 26
7 5
94 18
88 24
19 12
31 10
7 4
9 5
13 4
11 10
10 9
59 49
29 28
56 22
71 27
99 78
39 37
46 25
60 44
38 11
2 2
31 6
5 5
85 28
78 9
20 20
54 23
5 5
10 10
87 64
13 4
68 61
88 3
75 29
32 4
5 5
9 4
25 19
24 24
29 19
70 43
99 51
80 17
51 51
97 51
4 2
54 14
63 8
22 6
83 70
86 80
85 61
50 13
31 7
27 4
84 57
57 3
12 3
63 27
89 10
10 6
2 2
21 12
59 19
67 37
58 26
9 5
82 59
21 6
54 20
2 2
73 72
56 26
58 43
3 2
33 14
65 36
65 28
75 69
99 98
2 2
45 41
55 3
61 54
35 20
40 19
73 9
27 10
4 2
40 37
77 63
87 45
85 41
19 16
35 30
74 51
74 48
59 3
32 25
22 12
38 25
21 6
80 40
40 38
62 29
16 9
50 32
76 40
98 6
85 14
100 26
37 18
25 8
73 13
29 3
74 40
36 28
28 8
40 21
83 56
19 6
31 23
38 11
62 43
18 14
34 31
93 81
63 43
24 23
88 62
44 14
87 39
95 78
21 11
65 34
21 15
86 67
83 18
66 66
13 2
46 19
44 13
7 7
92 54
44 33
34 11
30 24
98 42
85 69
58 19
12 11
96 48
27 17
46 18
27 8
88 73
6 3
82 27
82 14
98 64
36 27
79 15
35 12
21 2
35 16
15 14
84 30
72 63
33 28
90 8
95 25
14 3
33 31
85 44
88 54
77 52
35 19
69 39
33 26
60 40
34 33
88 61
43 10
20 17
29 2
29 17
44 12
18 4
42 23
47 9
35 35
59 24
25 17
100 10
35 15
86 22
62 26
69 45
14 12
86 71
99 51
89 89
52 23
40 31
49 37
60 13
52 49
26 20
21 16
86 21
48 33
62 3
14 5
82 68
48 40
42 16
90 67
41 13
83 48
66 42
72 13
75 46
95 40
47 43
69 29
68 8
34 11
84 75
19 17
16 9
23 11
61 33
49 26
68 60
39 12
5 5
90 34
13 11
63 47
61 22
48 27
86 77
21 14
72 33
63 59
39 35
81 72
29 5
42 27
67 41
74 5
85 24
31 6
50 48
15 8
41 17
54 45
10 4
4 3
79 11
81 81
79 39
75 60
47 39
79 39
79 14
12 10
56 12
6 3
23 13
40 17
76 47
28 27
35 9
32 14
23 4
68 11
63 16
98 47
98 18
20 20
98 70
40 22
4 3
5 5
77 21
49 39
55 31
29 15
99 63
51 46
42 12
91 24
62 17
12 8
13 8
94 19
23 21
73 55
49 38
90 69
6 2
65 20
24 24
77 11
16 14
85 55
81 72
96 19
100 29
54 16
87 60
25 22
90 15
80 27
89 60
45 31
40 39
49 42
97 4
37 6
77 38
2 2
8 3
14 11
89 58
37 27
38 12
22 19
39 15
9 4
3 3
64 36
70 48
86 73
38 9
49 35
94 45
62 37
51 7
22 11
27 22
21 14
14 6
11 2
63 4
89 61
100 74
22 8
56 41
71 30
70 28
98 65
47 30
50 44
76 11
60 46
22 16
50 33
33 33
94 74
86 71
50 46
59 49
93 37
3 2
69 11
71 8
89 12
43 16
78 71
99 99
41 40
70 9
7 3
2 2
49 15
2 2
55 46
88 75
16 2
96 45
66 17
52 16
57 8
48 5
80 10
42 4
37 10
96 15
56 29
77 11
11 3
59 52
24 15
9 9
56 42
82 77
20 8
58 25
10 5
97 15
44 37
88 58
11 4
24 10
72 40
81 69
76 6
96 87
13 8
98 78
84 3
21 13
49 17
57 3
4 3
84 8
12 10
17 13
56 38
74 22
25 24
98 78
74 22
4 3
62 19
76 59
19 8
83 79
4 2
80 42
97 57
100 91
63 26
27 20
28 21
57 38
96 51
77 17
52 22
45 36
21 12
24 24
21 21
29 9
12 7
23 17
81 22
95 83
74 38
94 40
53 44
51 46
90 61
88 12
42 33
84 72
91 84
98 13
71 54
56 41
97 90
14 6
35 18
88 45
17 3
76 16
37 15
92 7
81 48
78 34
83 16
84 64
73 40
39 21
82 28
10 10
40 21
92 22
69 8
85 52
58 34
75 53
98 38
58 57
23 5
45 38
18 11
48 33
3 2
100 46
27 17
74 9
26 12
57 2
68 7
33 26
21 7
75 9
76 70
99 29
23 13
79 23
88 41
53 24
99 20
37 2
21 20
5 3
55 41
16 16
93 90
93 25
35 3
94 29
11 5
21 10
27 14
89 84
99 71
88 2
92 18
60 34
87 55
30 8
36 17
98 9
9 3
70 50
85 9
56 24
90 82
71 24
64 14
11 7
45 12
30 4
93 73
63 16
64 41
61 13
72 45
53 22
21 14
24 10
82 78
93 34
48 21
41 17
2 2
78 22
50 7
23 9
52 26
73 34
37 17
96 39
23 12
8 8
15 15
43 38
15 10
16 9
47 2
7 6
2 2
96 50
13 4
70 6
84 69
40 9
6 4
91 20
13 11
25 9
77 27
45 8
84 61
95 19
99 65
15 9
23 3
45 19
9 4
45 33
49 9
47 32
7 6
83 79
63 9
60 52
27 17
17 2
60 48
28 22
20 11
28 12
78 39
26 2
57 46
36 31
25 15
42 2
61 17
84 83
62 28
74 58
13 13
3 2
48 15
42 2
94 65
32 26
19 6
46 25
67 11
72 3
45 21
36 14
10 2
47 23
52 31
38 29
33 32
5 2
96 47
89 69
88 34
46 20
90 49
93 3
79 53
41 12
56 21
62 4
94 75
11 10
71 28
68 35
99 97
24 19
45 22
27 24
10 6
100 31
65 18
32 27
24 13
28 12
25 7
88 33
77 28
55 54
66 7
75 31
44 4
72 21
5 5
33 8
27 25
13 13
11 7
88 13
4 2
76 54
60 48
46 14
63 42
18 14
67 38
91 78
29 25
95 42
94 51
91 69
57 31
40 31
61 50
42 39
12 10
99 58
91 67
59 9
64 8
64 36
100 97
54 26
7 5
91 12
59 51
96 86
32 8
97 94
76 17
6 4
43 42
27 27
78 50
16 15
48 18
88 32
59 4
81 6
44 5
45 28
39 16
30 20
2 2
87 65
12 8
27 19
70 34
40 27
100 98
96 60
60 33
83 45
3 3
9 7
44 36
69 34
70 42
13 13
19 5
52 32
60 20
5 5
80 80
54 35
63 54
17 15
19 10
99 55
74 21
52 51
94 56
6 5
56 28
83 39
26 25
4 3
57 49
14 8
21 5
37 7
55 19
84 53
90 47
28 14
96 90
21 14
3 2
7 5
25 21
20 2
26 4
58 24
58 16
80 23
29 7
14 11
73 34
42 25
56 38
5 5
63 55
70 52
36 34
99 86
30 2
17 4
65 13
14 14
90 24
65 12
3 2
55 54
40 5
42 20
45 18
7 2
30 3
37 16
93 17
81 27
21 5
79 47
97 63
96 51
72 3
51 28
42 17
84 73
73 71
95 80
88 84
39 19
12 7
21 21
6 3
48 8
55 4
88 88
90 76
61 60
23 11
67 27
78 15
41 21
58 24
53 31
78 67
35 20
56 16
27 10
63 27
94 69
45 10
88 71
2 2
78 64
11 9
53 33
62 3
63 63
63 12
70 35
38 4
27 27
12 12
12 6
59 2
32 6
57 22
46 15
78 57
30 25
88 12
82 12
46 17
47 15
65 62
66 31
51 49
63 52
64 41
66 35
6 3
53 21
8 7
91 40
12 5
14 13
75 44
34 4
14 12
99 88
95 64
82 72
62 3
74 3
37 28
45 6
46 22
55 33
14 5
19 6
41 15
80 15
16 7
9 4
68 4
73 16
23 2
65 13
18 5
36 11
8 2
66 53
26 5
58 41
83 56
85 80
8 2
55 55
33 5
30 6
27 18
20 11
70 44
54 31
25 24
64 30
50 43
70 62
10 2
57 37
96 23
42 18
14 14
91 3
22 19
26 12
84 49
60 23
57 32
40 35
10 10
62 7
5 4
3 3
6 4
87 78
53 5
32 29
92 88
13 7
56 17
59 38
9 6
73 31
11 9
60 13
100 60
44 23
37 12
31 11
41 4
71 36
25 8
45 33
67 11
12 9
35 20
3 2
57 53
37 36
71 7
4 4
98 79
98 4
38 13
86 18
33 25
71 23
91 19
11 2
5 4
68 5
82 63
46 14
19 2
86 16
17 16
93 91
94 43
26 22
7 5
64 18
13 8
37 34
29 21
63 37
49 45
49 20
89 83
31 28
14 9
56 4
50 14
5 4
28 22
83 58
67 27
52 31
19 14
87 28
9 2
42 16
88 4
32 2
43 32
62 57
93 39
50 22
12 7
29 6
52 44
86 83
98 72
43 22
74 61
99 77
98 81
67 67
30 3
23 12
26 7
67 47
29 11
47 23
26 21
97 63
81 32
61 39
75 3
52 8
51 2
37 19
91 5
64 36
82 73
15 7
75 47
20 17
92 33
8 5
95 71
88 22
8 6
79 20
80 32
87 58
81 36
86 11
47 6
92 33
45 8
70 2
8 5
74 48
59 56
21 21
25 10
31 4
78 9
53 7
80 49
91 52
70 4
68 55
79 69
22 18
89 10
10 10
81 53
20 13
23 9
62 5
21 18
59 2
77 15
11 10
9 6
29 24
13 8
72 16
40 24
97 38
77 65
52 49
75 9
38 26
38 12
36 19
79 30
59 42
15 9
33 31
65 57
11 6
64 29
70 55
76 55
99 68
60 11
16 2
11 8
16 9
3 3
57 48
87 4
22 13
25 15
34 27
46 5
87 37
12 6
38 13
61 60
59 56
91 24
64 37
34 4
91 38
34 29
86 71
16 11
60 25
39 38
80 5
60 20
85 80
44 29
62 11
5 4
42 6
56 50
84 55
41 4
67 36
80 66
54 29
60 34
92 20
37 21
26 18
66 56
94 49
69 47
46 21
59 13
77 68
99 82
38 25
82 66
50 26
80 36
19 4
54 4
59 50
88 49
81 64
77 29
27 10
97 56
74 70
68 19
17 11
28 19
27 11
63 38
69 28
74 52
67 32
27 23
93 22
65 3
98 8
32 27
29 7
29 15
36 18
76 39
17 4
78 56
40 19
26 20
18 7
34 3
56 19
33 33
34 29
41 29
45 25
35 6
11 3
65 24
43 33
48 19
85 39
78 24
65 37
38 6
52 23
21 19
29 28
52 14
41 10
9 8
29 26
58 2
5 4
40 34
82 52
61 33
7 3
57 47
60 48
5 2
51 50
40 12
57 42
2 2
39 8
63 26
86 57
86 30
48 45
6 2
11 9
89 17
86 57
46 22
98 60
3 3
98 21
62 61
53 41
65 24
45 40
89 53
70 27
25 5
30 7
87 22
83 20
44 31
24 22
54 14
65 17
12 5
42 36
14 5
74 22
69 16
23 14
4 2
15 11
62 36
15 9
59 26
84 48
32 30
23 4
75 21
90 16
30 14
10 6
81 36
31 10
60 35
34 21
24 5
70 36
100 16
77 35
9 5
55 45
85 28
97 19
40 38
86 47
17 5
76 39
100 79
66 13
56 37
98 36
58 44
16 7
33 11
10 6
14 6
36 9
62 2
50 19
5 3
40 38
86 36
39 3
50 37
76 29
25 19
88 8
46 30
99 94
94 2
26 5
71 3
25 14
86 34
63 14
21 2
49 17
37 12
17 11
98 60
15 7
88 3
27 25
17 8
98 2
58 25
91 8
80 9
60 5
49 36
83 29
37 2
69 38
4 2
46 45
5 5
22 11
94 38
54 24
72 39
47 28
22 5
48 38
42 19
38 17
95 47
21 16
9 5
84 11
59 59
61 26
70 53
49 41
28 16
21 17
34 27
78 32
91 22
88 32
6 4
41 19
9 5
49 5
23 12
77 56
60 33
26 19
75 16
23 5
28 22
53 35
95 87
54 30
45 8
81 40
6 6
63 8
55 39
35 10
97 2
59 49
30 16
31 27
72 16
51 35
100 24
29 16
70 25
35 3
51 25
18 10
83 11
44 8
51 2
50 44
24 5
69 50
87 71
96 21
86 20
58 18
19 6
2 2
73 10
39 2
79 25
81 64
82 41
34 19
84 31
47 42
70 65
5 5
48 44
53 19
50 6
9 4
10 3
6 5
80 4
13 9
90 90
20 10
19 12
12 6
22 2
54 39
49 13
32 15
23 7
94 7
80 63
54 25
67 53
51 46
28 24
72 45
46 24
15 14
86 13
2 2
84 75
22 7
4 2
46 16
48 34
49 37
31 11
16 7
11 10
70 13
83 42
62 22
28 24
70 5
23 10
39 33
31 14
23 22
84 27
99 19
97 78
9 7
81 48
2 2
26 14
88 21
17 5
14 6
31 13
95 43
96 16
58 38
33 18
18 12
97 16
15 3
99 4
87 55
48 11
89 36
94 13
94 52
46 27
28 6
87 60
80 11
25 17
10 9
53 10
7 5
56 17
100 60
20 4
63 9
61 35
85 60
24 2
24 24
33 5
34 6
84 22
90 47
97 11
14 14
55 6
82 73
58 11
7 4
78 5
19 5
29 5
24 16
29 13
10 2
87 61
89 9
46 18
84 9
94 90
89 38
40 29
55 35
50 6
98 76
62 29
18 16
44 2
26 26
67 35
44 16
63 25
10 10
92 75
84 16
68 57
43 17
46 13
74 6
68 26
53 10
83 31
99 26
48 6
65 65
5 4
29 5
62 34
91 48
98 29
35 16
90 87
21 4
95 48
36 24
92 84
92 40
50 4
67 3
72 33
20 17
3 3
100 84
30 10
36 8
76 68
85 18
64 14
15 7
19 13
99 69
63 28
50 50
78 25
34 16
91 75
8 5
48 34
100 76
31 11
84 78
63 24
37 14
53 7
98 15
100 24
35 31
69 25
75 13
68 63
30 27
70 25
75 8
94 69
51 13
61 18
77 31
92 59
66 39
23 10
33 19
63 8
87 81
14 14
58 50
45 11
37 4
63 47
68 24
91 75
79 33
48 22
13 2
23 22
2 2
99 50
36 11
42 13
66 15
48 28
46 7
71 64
71 65
68 23
60 30
14 3
35 23
79 33
87 46
21 13
6 5
70 47
37 6
10 9
73 60
67 42
15 6
76 72
13 9
3 2
12 11
32 7
43 17
74 67
27 18
66 18
34 18
82 44
69 17
47 3
74 20
73 14
68 65
73 22
22 7
73 24
53 30
13 8
10 2
42 6
43 2
47 23
76 22
85 9
31 2
48 12
28 11
24 7
10 5
42 26
6 6
31 17
14 9
19 4
17 7
93 87
30 25
47 34
45 18
19 4
41 17
73 17
27 20
13 11
70 34
99 40
93 25
45 20
51 46
50 19
27 6
71 25
97 72
63 62
86 29
12 7
83 70
50 30
86 79
89 5
10 3
18 12
49 20
17 9
39 21
90 68
8 6
37 3
14 2
13 7
11 11
78 64
17 8
89 36
56 41
81 73
16 10
64 62
58 31
49 48
33 14
61 31
32 23
25 19
57 3
55 16
50 4
11 10
69 63
23 20
8 2
76 76
75 30
3 2
70 34
64 46
5 3
38 7
82 69
88 31
52 21
58 26
71 22
90 39
39 2
53 32
59 6
76 73
33 30
63 17
69 50
86 16
25 8
5 5
47 18
25 13
5 5
73 24
75 20
84 62
98 49
21 5
68 23
90 66
73 59
31 24
32 21
100 70
34 7
58 22
77 52
79 16
95 34
60 59
73 23
95 52
3 2
62 18
39 10
42 39
56 50
98 74
86 40
52 8
18 8
4 3
18 10
99 13
17 2
4 2
64 58
82 79
34 5
80 51
97 40
73 32
64 61
43 31
78 48
88 37
44 21
71 70
18 7
23 17
88 39
43 38
28 19
81 40
62 31
33 4
34 20
58 31
14 6
78 13
5 4
47 25
67 66
29 19
37 23
30 24
76 44
96 53
66 3
60 49
56 29
15 12
31 9
31 15
73 34
73 64
84 7
67 31
29 29
86 39
81 38
21 13
40 18
95 63
69 20
88 60
13 13
75 70
6 3
28 28
98 72
34 14
42 7
8 8
52 25
33 24
79 13
85 56
2 2
79 54
25 13
96 73
28 20
72 65
68 20
34 19
73 47
91 35
36 17
29 19
76 47
12 8
93 42
86 26
65 3
100 26
79 24
5 4
26 26
6 2
22 6
19 16
80 62
73 59
35 35
93 89
69 41
16 10
38 15
47 32
63 26
61 26
48 46
76 9
59 40
25 16
74 23
59 13
89 23
32 31
54 50
42 2
68 27
27 13
32 3
51 48
15 14
76 14
63 26
82 33
79 47
63 31
56 25
46 8
81 73
57 7
72 11
99 7
39 31
30 20
87 36
14 10
50 24
69 66
38 21
78 7
54 30
21 13
90 76
48 32
24 11
35 2
8 2
40 15
5 5
52 37
80 19
69 42
4 3
47 26
32 19
97 84
33 29
93 63
6 4
77 32
42 27
35 21
37 31
68 38
46 8
46 22
50 4
95 45
62 50
54 20
15 8
46 26
81 68
73 24
81 17
7 6
31 21
64 47
18 4
50 23
26 3
14 14
29 2
31 14
70 3
60 4
61 53
32 19
6 5
7 6
3 3
28 21
14 11
67 28
71 8
24 13
52 29
58 38
13 13
62 45
59 9
2 2
10 4
12 3
86 16
19 11
76 40
6 6
13 11
2 2
12 12
47 9
32 30
73 21
90 46
61 18
100 73
40 37
62 20
3 2
57 3
19 18
85 31
94 94
66 56
21 16
87 56
38 29
71 35
25 9
56 30
36 22
82 57
33 17
43 33
7 7
67 61
41 20
81 26
22 22
94 66
98 21
40 39
87 42
5 2
57 35
84 65
9 6
4 4
34 27
11 5
91 12
65 3
69 69
16 12
92 24
63 50
39 14
16 16
35 33
65 13
40 21
96 23
33 25
50 8
63 48
17 8
51 2
28 4
88 32
96 61
26 21
78 15
66 2
42 33
5 5
3 2
68 66
94 79
11 4
65 65
66 64
47 4
86 33
31 10
4 3
32 10
60 36
33 30
59 49
51 38
86 63
48 28
62 4
85 77
17 15
4 4
84 27
10 6
30 28
49 18
33 5
57 9
94 23
89 43
51 10
68 49
96 53
78 7
91 71
69 53
16 16
65 29
55 55
76 34
57 23
3 2
32 29
95 15
30 5
39 39
42 4
82 36
58 19
81 68
27 26
10 9
45 10
20 8
82 24
94 24
92 46
23 8
23 3
92 68
69 38
30 8
40 24
17 15
96 35
61 40
59 41
63 29
20 15
7 4
25 11
51 34
62 60
40 28
41 39
16 14
23 6
10 6
95 20
75 60
39 10
50 4
22 18
50 9
98 92
52 5
37 4
79 71
53 37
100 97
30 18
38 5
85 41
25 12
9 2
38 9
73 34
91 64
97 88
25 20
100 87
81 39
81 46
35 2
13 5
91 58
29 7
25 24
71 35
79 77
92 78
48 7
7 2
45 20
82 63
93 57
47 28
77 37
75 36
49 37
90 49
45 4
3 2
64 54
55 11
76 53
27 21
100 51
19 14
98 35
68 49
38 29
66 27
92 41
61 39
51 22
26 14
17 2
82 68
20 18
14 10
76 14
29 8
25 18
21 21
51 31
26 2
91 59
71 41
78 22
77 41
99 87
89 39
37 25
54 40
7 5
84 58
10 5
99 40
55 37
72 6
76 41
68 32
22 5
65 17
32 9
99 90
63 45
13 8
64 26
70 63
74 69
94 71
93 12
77 5
7 3
47 39
88 70
87 76
89 49
70 22
61 19
70 46
16 9
99 56
68 44
21 4
24 21
73 57
85 81
26 21
99 46
67 25
71 35
59 29
60 23
52 19
3 3
33 23
24 23
32 14
35 32
21 7
44 13
52 34
30 13
75 49
47 19
16 5
25 14
26 13
10 6
25 20
79 20
63 9
6 3
35 4
49 2
57 22
92 85
11 2
41 36
11 4
26 13
89 35
77 14
96 86
2 2
17 11
55 35
38 2
26 13
53 16
65 53
61 53
44 39
60 21
49 10
25 15
6 5
63 16
97 22
35 34
68 33
34 10
80 71
13 13
42 30
74 40
25 21
41 38
13 12
55 11
37 35
94 72
61 17
14 2
12 2
13 2
30 4
55 53
5 2
39 37
63 18
35 32
27 24
8 4
30 12
28 19
21 10
92 37
77 49
49 22
4 4
85 12
17 2
49 11
35 22
11 4
4 4
73 10
23 10
44 38
78 30
54 23
98 79
70 8
56 55
9 4
97 25
34 25
64 25
86 56
89 60
13 3
70 60
88 14
68 15
41 3
75 50
58 15
26 23
92 66
51 11
80 7
63 35
88 21
42 6
98 2
3 2
72 53
34 31
11 3
88 18
15 8
31 27
78 31
57 29
49 24
50 18
66 39
23 18
22 14
30 22
7 5
66 14
54 24
87 46
60 49
49 38
7 6
19 12
2 2
75 53
79 21
22 4
17 2
3 3
15 13
83 8
34 32
54 8
19 5
70 53
100 5
61 19
25 6
35 25
5 3
50 3
65 22
23 11
84 11
11 8
73 21
63 47
64 8
44 12
52 13
32 8
73 3
76 53
44 12
51 11
49 44
91 61
96 37
49 46
53 6
71 29
58 58
40 30
13 2
66 15
36 4
56 44
92 15
74 28
93 87
20 8
74 58
67 56
18 6
43 25
38 3
49 13
9 8
89 49
55 6
38 37
19 9
3 2
33 12
92 39
98 26
40 27
22 9
44 33
11 3
57 44
32 32
95 56
48 46
80 55
28 16
63 61
4 3
41 28
100 70
67 61
92 19
62 32
23 16
46 18
82 72
61 3
42 41
61 47
66 33
57 39
69 25
57 14
72 15
46 37
62 44
34 11
22 22
30 2
81 26
55 44
65 34
6 5
77 42
54 23
78 57
4 3
8 6
22 17
20 9
27 11
45 7
15 14
70 21
21 15
91 63
35 20
87 27
5 3
83 63
93 29
66 32
21 12
32 5
87 79
37 28
73 56
37 2
2 2
47 33
47 40
49 4
94 49
85 34
48 20
90 39
44 41
8 5
20 16
33 4
83 24
93 32
22 13
69 47
85 44
69 53
72 60
57 43
13 13
9 2
77 19
48 42
11 8
6 6
58 18
33 24
67 42
72 47
60 8
80 23
73 72
67 60
24 2
86 71
55 34
15 10
56 54
66 41
85 27
100 98
45 33
3 3
66 10
81 33
40 10
23 10
83 9
67 43
5 3
61 41
98 84
16 9
24 20
98 93
30 15
17 13
24 23
56 50
53 47
49 21
47 8
68 61
21 7
74 45
69 13
3 3
36 18
90 34
13 3
76 75
34 26
45 32
2 2
97 86
82 31
5 3
89 50
90 77
48 22
48 9
65 26
39 6
59 35
43 36
48 47
74 18
74 21
84 67
37 34
62 5
83 2
97 2
10 2
82 67
10 3
32 16
74 3
42 42
30 15
44 14
48 32
16 2
39 30
76 14
35 20
17 2
9 4
49 26
43 10
51 30
25 2
48 22
13 8
32 10
96 85
89 82
65 2
67 37
32 7
41 27
81 32
47 28
15 9
30 30
59 56
11 6
82 61
3 2
19 3
43 36
36 31
13 8
16 2
15 9
27 15
53 27
96 45
82 79
28 24
36 13
50 13
89 51
41 33
80 50
24 23
87 30
65 6
2 2
9 3
17 9
26 18
83 70
6 6
100 6
15 6
47 17
100 17
64 47
75 29
79 78
93 91
79 11
88 28
69 54
46 8
80 79
88 62
98 83
44 28
11 11
87 18
10 3
42 25
84 49
71 15
93 75
57 22
6 2
38 20
8 5
64 26
85 23
44 13
73 7
93 70
36 2
98 71
49 39
16 3
89 72
31 21
54 42
95 25
60 22
45 34
51 12
63 51
2 2
9 5
54 33
58 6
7 6
70 32
33 16
68 26
21 9
55 48
88 76
77 54
22 15
98 14
42 40
65 18
100 31
68 43
66 24
64 31
84 7
58 27
37 33
10 7
39 2
44 10
20 7
40 34
59 14
98 79
19 17
27 4
85 26
8 3
2 2
14 8
45 30
12 5
21 4
72 48
48 33
96 20
26 25
96 26
89 81
61 35
16 10
68 54
37 36
57 23
94 64
2 2
71 35
26 11
52 15
93 8
59 4
98 48
51 21
82 79
44 36
89 13
80 30
32 18
21 4
41 28
99 87
45 43
60 34
36 13
24 7
62 42
10 6
35 11
36 31
9 3
73 45
39 28
51 28
65 47
51 40
5 2
55 55
54 19
86 3
23 6
95 92
72 37
3 2
60 18
87 22
96 95
59 11
40 17
79 7
67 55
44 25
29 17
54 44
56 5
68 19
20 19
40 20
11 3
26 18
45 21
38 8
14 4
15 6
34 16
100 60
42 38
47 6
98 7
68 49
76 16
14 12
93 45
38 31
28 5
16 16
100 78
16 8
79 48
14 6
20 19
41 21
28 13
27 27
97 8
53 4
98 36
62 15
5 5
37 28
67 15
11 4
95 81
74 16
47 30
90 13
83 24
98 97
3 2
52 6
21 5
2 2
87 71
55 35
88 71
10 10
65 4
10 9
27 24
5 3
63 17
11 5
51 41
38 21
3 2
93 77
67 63
61 25
100 99
70 33
79 24
13 2
63 27
14 6
90 72
23 3
79 74
71 35
7 7
3 2
33 20
41 29
59 34
46 5
30 24
53 42
11 9
52 23
25 10
72 64
40 31
70 33
57 41
59 13
33 3
8 5
86 48
45 3
93 14
37 7
31 6
15 12
85 80
88 54
48 19
49 49
69 58
96 70
75 69
63 26
70 51
88 31
95 36
99 12
8 4
69 12
93 20
39 13
52 11
66 55
53 50
85 11
47 30
23 6
23 14
33 27
99 79
23 17
68 29
47 9
96 85
74 55
88 71
82 70
99 62
9 4
36 24
66 27
65 59
32 31
35 30
78 48
76 71
26 15
76 69
3 3
13 9
21 2
62 43
9 2
86 57
93 40
32 24
95 40
90 20
8 8
57 22
41 21
9 2
79 71
14 10
30 8
90 43
3 2
83 77
95 2
46 27
65 5
23 14
9 2
59 8
13 10
23 16
52 19
50 9
20 13
9 2
7 5
10 6
68 29
14 11
11 5
23 3
93 88
54 13
14 12
65 49
6 5
5 4
86 57
94 2
50 13
12 12
30 8
78 42
16 16
61 16
82 65
60 20
44 16
64 24
38 18
84 71
58 18
80 40
96 31
23 4
69 11
78 3
57 34
74 54
44 37
15 8
41 38
18 3
78 71
43 12
98 46
26 20
50 11
91 42
78 52
85 21
72 40
57 10
77 75
74 39
43 26
15 9
65 4
95 85
95 57
56 36
56 39
10 5
98 12
72 7
47 3
90 63
79 4
19 8
11 8
100 59
74 30
31 12
48 9
80 15
78 57
33 9
90 47
55 15
63 60
50 32
90 6
74 4
48 20
68 55
67 46
98 5
8 3
60 18
2 2
29 8
76 55
25 4
83 74
10 7
53 24
98 98
16 3
14 5
90 16
16 8
100 46
47 2
9 4
58 20
98 31
55 46
6 3
6 2
77 52
8 4
20 19
89 88
61 44
2 2
15 2
52 25
71 22
36 2
10 6
49 44
14 10
72 4
37 14
95 82
5 5
24 10
64 58
24 10
38 30
59 9
95 20
32 14
54 12
25 2
27 10
74 63
12 6
22 4
78 61
66 25
99 92
90 48
30 12
71 32
35 3
19 15
74 57
85 34
14 6
48 25
43 19
27 22
59 45
44 43
63 49
53 40
98 11
56 37
39 10
19 4
84 6
58 6
6 4
24 5
75 24
63 44
8 5
63 34
13 5
66 43
21 21
26 15
86 77
92 83
39 31
34 15
79 5
25 3
93 78
63 44
66 20
61 37
66 61
16 4
60 32
85 18
6 5
76 61
79 58
46 33
3 2
19 10
3 2
36 15
84 69
54 38
33 24
44 14
19 7
56 28
91 32
56 56
80 63
60 17
37 14
33 13
57 26
39 37
39 30
25 3
45 8
57 56
94 61
83 28
73 45
61 20
45 39
44 12
91 30
96 75
67 16
97 50
50 35
24 11
34 23
94 2
43 3
9 6
19 12
67 49
92 85
83 50
73 64
89 11
81 72
39 38
80 28
42 6
30 2
25 13
23 3
76 32
95 8
9 4
58 45
82 27
64 46
85 13
36 26
3 2
30 16
63 59
6 6
79 4
65 49
28 12
14 7
88 30
45 30
21 17
2 2
15 8
84 7
76 13
7 2
63 42
13 2
79 29
86 26
68 55
38 25
24 7
34 16
2 2
18 13
60 49
93 32
37 17
91 50
75 18
20 8
9 5
19 11
90 57
85 8
66 29
96 81
14 5
83 76
61 25
60 46
47 38
15 9
4 2
85 65
77 46
29 25
34 31
86 84
22 2
84 69
71 4
85 18
4 4
81 67
12 2
20 14
94 29
60 10
73 26
26 22
41 22
89 35
4 2
38 24
45 28
9 6
97 73
16 15
34 21
20 16
67 40
23 14
79 62
85 14
28 10
63 7
76 18
88 73
40 19
91 85
42 21
73 13
29 24
24 10
96 91
39 18
58 41
91 75
100 98
36 14
82 43
90 35
40 26
3 2
35 17
3 3
70 12
95 13
77 40
71 43
59 33
93 50
96 18
73 52
74 74
18 3
75 42
79 31
57 30
40 25
67 24
81 15
51 26
82 56
42 11
28 6
41 39
45 17
81 66
12 11
85 15
10 9
49 47
44 8
12 12
11 2
85 61
5 3
16 2
72 30
4 4
76 3
95 18
40 4
28 16
46 38
94 72
39 20
28 25
89 69
39 19
15 14
95 50
45 21
83 10
23 22
59 17
8 8
69 39
73 72
33 29
12 4
26 22
76 50
23 6
22 19
55 14
13 11
32 32
100 93
83 19
6 3
92 30
67 17
43 36
13 4
80 20
11 4
96 76
53 16
15 10
26 10
64 32
96 44
69 59
65 9
91 48
12 5
40 24
9 3
49 31
4 4
53 31
99 57
87 10
49 29
100 29
41 12
80 73
60 56
98 50
29 15
23 20
51 13
42 22
98 23
95 84
6 5
91 74
72 36
14 4
17 15
88 23
15 14
23 20
17 3
39 22
89 38
39 22
19 14
91 15
41 9
13 6
68 21
64 25
7 5
100 88
11 10
3 3
8 5
4 2
11 9
79 67
58 34
65 8
58 29
27 8
7 3
94 69
2 2
51 34
30 22
90 28
75 36
37 5
18 6
98 65
59 25
78 37
83 13
78 75
44 37
56 5
21 9
28 11
76 27
7 7
41 35
48 6
74 32
14 2
39 22
47 38
28 28
40 4
68 16
31 26
12 2
86 47
75 52
34 10
36 32
55 46
18 15
2 2
15 2
13 4
61 44
11 10
14 7
38 7
24 18
85 65
57 23
41 14
58 37
97 38
2 2
61 34
63 52
31 29
93 32
54 18
70 62
85 8
57 44
45 5
45 22
22 18
20 15
54 33
12 5
55 10
79 32
6 3
76 72
62 45
39 23
45 5
77 41
72 47
6 2
62 33
35 27
100 59
46 35
76 2
86 69
19 13
24 24
68 29
52 25
73 71
40 24
21 13
60 8
12 9
91 83
19 6
10 2
87 33
67 35
69 58
29 4
23 12
50 47
98 93
11 8
35 11
17 9
16 14
92 41
3 3
66 55
2 2
64 26
99 79
22 20
11 11
98 3
94 4
75 27
91 18
10 9
93 31
79 3
92 63
3 3
13 12
100 37
67 57
48 28
59 24
4 3
7 2
5 2
37 28
77 39
24 16
90 25
18 10
40 38
13 10
97 58
56 20
38 20
100 70
36 3
23 8
72 16
74 34
98 65
63 28
36 12
59 45
3 2
57 21
71 59
95 84
97 48
28 10
24 6
44 21
11 3
28 5
43 27
35 20
81 29
62 39
9 3
89 73
79 60
90 35
77 10
59 16
19 18
40 40
23 7
39 37
68 24
46 46
9 4
4 2
67 38
86 12
38 25
35 5
62 12
94 86
52 9
50 44
97 52
85 26
31 25
55 18
83 76
25 18
35 27
99 56
37 10
40 37
15 10
15 5
47 12
92 85
91 62
14 14
59 28
21 3
5 3
61 41
85 66
51 8
48 3
41 33
9 9
32 16
61 37
76 72
96 10
88 38
23 19
82 14
32 13
95 11
73 21
54 7
87 9
58 47
93 64
28 15
55 45
64 24
2 2
66 58
69 34
4 4
92 35
58 37
45 43
35 23
15 10
18 11
93 41
2 2
31 18
93 34
45 29
3 2
50 29
88 3
78 25
40 32
78 60
71 35
65 18
16 14
79 25
47 13
50 39
42 12
39 16
94 8
72 19
76 75
11 5
46 34
74 5
92 33
31 29
51 22
96 69
8 6
66 62
53 14
58 45
21 14
57 33
33 14
10 3
37 16
31 23
99 37
4 4
32 26
20 10
14 5
27 11
85 24
30 24
17 11
10 5
55 51
85 65
10 3
43 42
99 93
19 14
9 7
9 2
51 50
75 27
45 8
52 38
17 5
61 30
18 3
97 19
43 31
55 55
25 5
25 17
55 25
60 39
3 3
86 29
65 24
42 13
30 17
40 14
33 15
24 21
81 46
93 62
99 76
41 38
7 2
4 4
46 31
26 22
27 25
30 6
65 7
100 100
98 47
90 52
87 72
13 10
15 13
94 33
79 4
25 18
12 11
24 14
37 10
35 14
26 18
81 13
93 18
75 6
34 28
5 2
39 14
83 51
82 5
23 21
83 20
61 44
25 20
96 41
10 7
9 6
55 24
84 44
97 61
92 36
64 51
91 78
68 46
52 32
36 15
96 50
35 17
36 12
30 3
58 50
15 12
29 26
74 39
3 2
47 17
97 17
58 38
15 13
20 2
95 82
67 47
13 6
91 11
95 20
39 11
41 11
90 41
79 71
25 24
71 20
75 60
26 17
100 91
5 5
72 50
63 45
84 83
69 35
91 76
76 21
92 84
73 33
56 24
92 13
6 2
75 29
79 34
97 94
17 5
58 46
97 37
53 14
77 54
84 60
61 56
17 16
18 13
79 12
65 7
73 9
73 49
25 16
90 69
98 62
89 18
27 4
89 52
77 12
52 24
89 14
25 20
57 50
24 8
79 57
93 22
87 15
83 58
84 62
91 36
70 46
100 82
99 2
47 41
14 10
2 2
24 13
65 29
86 34
36 30
19 18
22 2
61 17
20 4
15 4
70 49
73 11
60 56
20 10
62 16
78 45
42 12
81 50
75 40
66 26
37 18
80 17
24 21
93 43
36 13
55 10
66 65
58 10
65 14
68 40
61 49
70 61
52 8
52 33
53 46
77 69
91 25
72 10
66 64
61 53
2 2
46 39
65 44
77 2
24 8
10 2
51 41
85 57
5 3
92 58
48 9
44 8
39 13
28 26
50 5
14 7
97 88
89 55
34 22
85 78
31 24
87 4
85 40
10 7
6 2
55 30
56 8
10 4
30 24
18 9
69 53
3 3
50 43
88 85
15 8
56 33
10 4
99 51
69 22
7 3
84 81
18 16
25 2
49 37
31 12
67 22
11 9
28 12
96 68
95 67
60 43
53 35
53 8
98 55
42 15
83 17
45 29
83 19
94 4
97 31
49 33
68 62
66 51
91 64
20 19
47 7
69 68
25 9
41 8
74 17
36 31
49 14
61 54
63 51
11 11
22 14
49 28
38 24
38 30
39 24
26 20
5 4
92 19
27 17
52 18
13 7
76 42
90 62
76 19
93 49
41 37
20 16
94 29
31 17
16 11
81 3
54 15
50 14
15 8
58 10
35 8
95 17
64 46
9 9
21 21
94 40
87 40
50 37
36 4
27 5
99 67
85 67
84 18
66 14
26 22
78 71
54 6
30 4
81 68
53 11
53 14
36 23
74 3
32 28
64 3
60 37
24 16
66 23
37 3
73 50
26 21
95 6
15 9
31 7
73 25
75 19
2 2
59 37
89 9
45 23
98 58
3 3
28 26
41 34
7 7
29 21
61 20
90 38
9 6
85 75
32 18
58 16
23 8
26 26
26 16
42 41
74 50
22 2
61 56
58 34
99 77
16 12
88 39
87 72
68 36
100 35
18 12
45 10
60 36
81 56
98 22
24 15
67 59
81 3
49 29
85 33
50 38
13 4
81 26
76 70
42 37
96 78
9 3
69 21
27 22
26 21
16 3
35 17
52 29
99 26
22 11
34 34
79 64
53 43
94 32
73 61
48 17
2 2
75 65
66 20
64 55
9 9
20 16
68 4
20 6
3 3
49 39
92 64
78 53
8 6
46 43
31 20
4 2
98 18
11 5
3 2
83 32
51 5
46 24
60 42
72 9
71 5
76 22
23 17
66 37
14 5
30 20
86 49
13 13
66 18
71 23
35 2
70 66
24 12
35 2
66 44
28 16
82 51
83 11
59 48
90 84
63 35
91 22
55 32
20 13
50 14
77 75
51 23
34 24
52 41
66 50
32 27
74 42
79 3
31 25
14 7
27 19
44 25
98 62
54 12
85 31
21 10
83 24
70 61
87 22
86 43
8 2
17 10
57 7
31 14
84 72
100 37
50 48
40 31
94 91
3 2
11 3
45 30
95 75
72 9
96 67
15 3
78 71
70 47
62 16
2 2
44 35
36 4
92 92
2 2
16 10
10 5
83 16
85 10
95 25
97 36
31 4
50 20
61 14
20 5
21 19
93 30
61 14
26 11
56 20
75 30
91 40
86 3
32 10
42 16
17 8
88 69
13 4
31 22
61 39
19 8
5 2
22 19
22 9
66 25
88 54
62 47
15 3
22 13
100 39
98 85
27 24
77 27
10 5
62 58
30 27
16 11
84 4
10 9
5 2
67 20
31 13
71 55
42 26
31 26
33 18
76 34
57 47
57 37
71 57
45 33
29 24
56 29
18 5
76 21
93 90
17 3
17 5
95 17
23 10
24 20
83 12
51 34
32 8
64 43
80 75
76 14
25 24
92 15
90 85
66 16
94 73
5 5
73 21
36 11
70 26
66 36
11 9
36 22
68 15
42 30
72 71
49 38
48 6
38 26
29 23
49 20
65 37
52 11
3 2
7 6
61 4
43 24
26 3
69 6
59 32
48 43
11 6
52 5
92 58
49 13
75 10
32 19
22 4
41 33
18 17
100 14
65 4
99 58
85 43
85 65
37 7
59 19
5 2
29 9
33 31
14 2
42 6
47 10
8 2
84 48
48 13
94 84
86 34
42 33
45 17
15 7
22 16
83 61
16 4
2 2
32 28
56 17
40 35
23 7
83 60
85 43
92 27
3 3
22 2
90 22
71 67
54 18
44 22
31 27
51 43
6 3
62 42
56 53
67 7
13 9
44 2
49 6
78 54
64 37
61 57
60 32
6 5
84 6
39 32
31 30
87 71
84 22
60 51
83 80
62 54
78 40
94 52
12 10
90 6
44 20
99 43
34 27
30 27
94 60
6 3
85 70
18 4
94 53
38 16
56 51
9 3
36 20
16 2
99 17
54 5
15 6
13 13
31 6
54 5
98 50
65 2
16 3
58 27
42 6
18 2
77 44
43 7
85 82
11 4
99 11
81 19
33 24
23 10
72 45
46 38
77 25
73 56
45 17
87 6
17 17
39 34
28 4
6 4
47 35
87 67
30 6
13 4
22 3
33 19
81 62
14 8
95 95
49 25
57 30
78 52
75 46
80 10
61 12
89 66
83 42
6 3
11 7
87 42
30 23
80 37
30 17
81 50
26 4
34 13
67 28
8 6
58 15
9 5
50 11
62 47
65 8
30 20
81 20
44 34
43 7
8 6
4 4
72 7
66 10
74 6
80 12
63 12
26 21
30 6
11 7
73 60
18 15
47 14
25 21
78 27
43 11
9 8
37 20
50 39
69 49
39 21
45 21
61 50
40 10
55 30
8 4
18 9
33 10
8 4
2 2
15 6
66 13
70 21
8 7
53 40
66 26
60 41
46 12
34 20
53 18
30 5
78 49
31 17
28 4
26 19
16 11
18 8
45 38
55 37
100 26
72 6
2 2
5 3
94 58
54 4
19 10
22 3
79 43
6 3
57 18
21 5
61 39
56 53
78 61
48 10
85 35
44 31
98 11
90 13
9 7
23 8
69 59
62 29
11 4
34 14
100 61
92 25
92 5
92 31
32 3
56 32
51 4
45 26
52 20
12 8
9 3
69 23
33 32
46 37
21 3
36 4
92 80
75 53
66 61
64 44
26 11
62 19
76 38
97 31
48 13
14 7
87 35
51 47
5 5
3 3
60 36
60 37
75 58
67 12
58 45
78 15
47 41
30 22
13 11
47 13
85 59
47 5
86 86
54 47
22 21
83 20
40 3
13 2
75 21
30 14
17 8
99 5
37 18
69 58
72 17
43 15
88 11
14 7
78 30
63 54
100 6
62 51
32 24
69 56
97 55
59 3
22 7
33 21
16 7
42 29
57 41
5 2
19 15
91 68
9 5
21 21
24 8
30 25
51 43
5 3
19 12
61 44
2 2
99 12
87 45
32 32
42 42
62 19
34 15
80 79
42 15
39 25
17 6
17 14
90 87
10 9
7 2
30 22
57 41
20 6
23 16
11 11
50 8
79 25
87 48
3 3
33 16
87 65
25 14
99 80
74 23
16 12
71 50
98 41
50 17
83 41
76 36
48 2
48 22
72 5
58 28
85 26
21 14
93 26
7 5
36 2
41 4
82 41
60 2
47 20
73 63
67 24
23 9
60 9
22 15
15 12
50 4
90 8
23 4
25 8
87 70
100 22
94 80
27 16
5 2
7 3
39 12
18 5
9 2
68 64
88 24
38 25
46 37
60 39
87 53
36 31
88 80
8 2
65 62
94 46
56 3
14 9
73 38
10 7
59 32
62 54
67 11
72 44
42 22
13 11
65 42
22 3
56 16
76 6
20 10
100 6
67 63
27 16
10 2
5 2
54 53
20 4
96 4
6 3
30 17
18 4
26 17
23 5
45 35
60 10
10 5
47 16
11 9
68 30
95 41
34 21
69 49
99 23
58 3
66 37
80 33
50 5
12 2
20 3
23 19
35 27
6 6
47 16
2 2
24 3
68 17
98 10
47 17
94 10
41 28
40 24
36 5
36 31
26 20
22 17
36 11
40 5
68 42
18 13
63 28
43 30
84 74
86 67
55 34
32 20
89 47
99 24
30 9
48 46
61 13
37 27
73 24
20 8
60 55
29 14
85 83
27 3
85 12
72 42
28 3
90 30
55 47
87 82
96 45
40 9
13 6
89 65
73 12
99 2
46 8
8 5
71 42
64 64
49 19
13 4
83 43
54 27
91 9
45 33
20 16
99 25
65 10
44 15
58 8
39 34
39 5
97 26
32 25
42 36
38 10
51 45
60 60
99 43
95 9
71 49
67 35
78 76
6 5
93 9
46 13
32 19
95 81
53 8
4 3
6 3
63 16
88 31
27 14
55 21
71 44
64 42
44 6
50 36
81 77
59 35
63 32
36 4
21 8
16 7
48 40
69 7
67 56
95 28
43 34
37 16
66 26
50 28
80 65
35 8
71 39
61 12
78 38
60 9
92 40
96 17
6 6
35 16
94 24
71 67
23 17
71 62
88 2
13 9
32 3
22 6
73 49
36 7
39 24
19 12
49 20
23 14
18 15
44 16
79 66
43 21
93 83
7 4
65 47
76 18
91 32
87 77
87 81
31 16
47 32
89 21
31 28
4 4
87 16
14 8
87 76
95 66
32 21
50 5
9 5
11 10
77 35
60 45
86 26
80 4
13 9
31 5
15 14
93 6
19 17
25 20
45 14
83 82
40 12
65 64
96 75
9 7
33 8
3 3
21 5
18 12
18 11
89 2
45 12
17 12
24 15
51 29
80 30
19 4
4 2
16 7
91 84
55 49
39 25
58 33
84 34
5 3
93 44
51 42
32 20
96 23
23 17
59 27
12 7
83 40
17 14
5 2
17 13
87 3
31 15
17 6
90 64
2 2
96 40
7 3
29 8
43 11
8 7
79 28
18 13
75 12
98 31
69 28
44 8
83 48
81 53
20 11
25 12
27 25
9 8
81 67
79 29
36 36
78 44
6 2
79 38
4 3
64 18
81 4
30 26
54 51
47 27
14 11
92 21
27 19
78 57
52 36
58 49
54 10
31 9
95 72
67 42
93 93
54 33
35 19
96 64
63 21
63 26
38 37
30 9
59 45
9 9
100 100
42 22
22 15
98 44
70 14
25 24
40 3
46 30
87 70
63 43
90 47
49 11
54 42
46 29
15 12
11 7
2 2
56 49
16 2
86 56
73 14
44 13
37 25
72 9
2 2
15 14
44 4
49 28
29 10
57 31
8 4
50 36
23 23
28 23
87 30
20 11
12 2
89 68
94 36
3 3
21 2
21 6
43 4
16 9
80 11
6 3
68 51
88 10
95 88
28 10
70 70
8 4
68 25
45 5
34 30
61 52
64 58
99 33
52 10
97 35
73 27
99 76
96 43
13 3
85 47
63 56
72 11
26 24
7 4
9 2
92 32
68 12
32 16
100 77
76 6
56 27
82 36
32 26
9 8
18 9
80 75
26 6
54 15
17 13
95 28
85 63
48 24
52 42
12 4
5 4
37 3
3 2
29 23
44 32
32 4
53 35
61 52
56 15
51 3
65 10
55 39
94 6
65 50
83 34
60 42
65 64
8 3
61 45
44 31
79 76
80 15
64 38
55 48
96 36
10 5
76 55
81 10
4 4
78 40
82 52
39 24
43 34
95 95
93 14
6 3
83 69
26 26
92 91
70 50
21 5
63 62
10 3
51 16
53 17
79 40
82 22
85 68
13 3
89 27
86 7
14 13
9 4
92 69
5 2
37 23
63 12
3 2
50 7
87 28
73 7
88 55
25 4
76 56
39 36
7 6
93 33
90 40
34 5
38 21
46 32
73 12
77 17
71 70
37 22
36 32
55 54
25 5
35 16
6 5
47 45
51 27
35 3
5 4
45 36
60 33
34 20
37 18
2 2
75 41
30 21
93 82
62 17
7 6
75 21
77 60
93 91
26 9
73 53
35 4
30 22
97 29
35 13
90 72
11 8
85 49
2 2
4 2
77 45
39 33
5 2
42 15
95 72
74 14
91 52
7 5
8 6
34 30
99 42
89 89
93 78
35 10
79 15
61 47
85 41
26 3
77 20
72 54
2 2
85 69
85 7
26 19
87 72
93 17
45 23
94 66
29 24
10 3
98 46
95 50
61 57
12 10
32 16
63 28
91 5
18 18
59 49
4 4
51 15
58 56
84 32
47 2
56 37
82 46
90 67
29 27
81 33
16 9
56 14
44 10
35 4
29 28
30 14
44 40
99 7
38 31
68 21
64 49
17 12
83 7
82 44
76 68
13 6
39 16
92 45
49 45
33 11
63 9
93 4
15 15
36 19
42 12
48 3
44 39
71 37
54 46
56 14
58 45
24 7
69 43
67 54
64 46
88 23
47 44
100 99
6 3
24 9
8 2
78 78
2 2
53 21
81 70
31 30
75 3
3 2
23 18
44 4
68 55
24 4
81 28
27 9
82 69
87 87
71 30
44 36
62 41
56 51
22 4
80 44
17 6
80 20
85 40
94 47
16 11
92 6
95 13
85 51
33 5
53 14
56 31
9 4
85 56
93 63
2 2
16 9
69 26
8 8
59 51
33 14
42 31
21 18
42 26
85 47
67 21
66 49
26 24
20 18
36 2
22 22
34 2
73 13
37 24
66 30
57 57
52 23
58 52
54 43
36 31
20 18
100 67
74 65
60 30
33 23
30 5
17 14
89 17
56 36
17 7
69 33
9 9
58 22
68 8
98 54
74 45
60 5
12 6
85 8
50 31
29 10
47 6
85 65
50 14
22 8
28 21
20 7
83 23
65 3
57 39
91 19
82 7
62 58
2 2
39 26
32 28
14 2
72 34
66 63
14 7
94 6
24 8
23 23
9 7
54 6
97 3
43 7
2 2
19 7
6 2
6 3
24 7
60 57
71 65
99 76
48 37
94 67
51 20
44 41
98 44
19 5
2 2
82 73
84 21
7 7
23 12
17 2
19 18
66 4
85 15
33 8
78 51
38 25
20 12
10 4
8 3
90 51
28 15
99 67
12 8
52 11
4 3
23 3
91 82
96 53
49 10
69 69
99 56
37 5
45 5
48 17
89 42
38 34
86 55
86 57
10 9
53 17
4 4
88 16
33 27
12 12
89 48
60 20
23 21
70 42
81 72
7 5
14 4
72 23
51 27
95 54
57 23
86 26
13 4
27 8
4 2
27 6
27 17
88 10
99 70
30 15
71 54
76 18
61 24
25 13
30 7
69 65
8 2
54 12
2 2
12 12
22 6
36 18
16 4
97 39
51 41
28 21
96 9
55 37
58 19
69 17
94 75
93 32
26 9
54 48
87 68
31 16
5 3
5 4
4 3
33 29
3 2
19 16
97 55
96 86
100 2
87 50
68 22
32 11
63 21
10 3
97 36
21 20
97 12
89 36
43 12
30 12
32 15
94 32
13 9
61 24
95 3
16 15
79 13
91 54
41 41
11 7
47 18
37 7
45 23
48 32
67 20
55 31
4 2
43 39
97 48
82 24
54 43
28 14
20 19
69 25
38 8
43 20
20 4
90 5
8 5
58 47
15 15
36 19
11 3
48 18
18 11
95 27
57 43
23 9
4 2
93 61
61 23
88 66
75 27
29 18
98 52
11 11
87 60
31 7
74 4
19 15
97 33
84 60
67 66
83 38
9 3
53 4
17 3
25 4
37 34
55 38
35 5
34 20
80 29
30 12
85 31
31 17
59 16
35 10
51 46
13 6
18 2
27 22
68 42
84 75
91 13
38 29
16 15
11 9
40 12
83 21
92 92
56 31
71 69
64 39
16 13
85 59
36 24
37 29
20 17
37 20
77 66
31 30
56 43
32 20
100 53
32 26
31 21
91 43
25 10
21 5
26 10
26 20
90 34
95 49
21 12
48 24
38 31
77 75
41 36
72 13
7 6
18 6
18 10
30 14
16 6
2 2
86 81
42 27
84 61
34 27
3 3
50 43
22 6
81 20
13 11
3 2
95 87
15 8
86 67
2 2
91 89
18 14
89 80
38 11
14 2
27 8
71 49
59 58
46 8
49 38
54 7
72 36
51 39
28 7
69 9
91 43
34 15
99 74
55 22
84 5
55 37
68 6
56 37
87 45
16 10
93 27
64 14
73 52
38 34
40 39
56 16
10 4
59 15
79 55
32 17
48 28
3 2
54 40
49 38
55 8
87 21
66 30
41 40
6 6
96 84
19 9
77 2
74 45
64 14
38 14
38 9
21 11
2 2
41 28
65 48
49 22
81 57
31 24
81 58
94 74
7 5
80 49
9 4
29 29
22 9
99 4
20 4
90 39
61 53
75 33
65 19
86 51
52 30
19 16
40 29
20 20
36 2
14 8
78 7
100 74
97 18
20 11
40 33
82 48
83 33
47 28
50 13
17 3
76 35
10 5
41 30
11 8
4 3
56 4
89 55
66 19
50 21
32 25
14 10
76 54
75 43
24 3
78 23
73 37
24 15
73 53
8 2
39 37
92 36
88 55
15 13
45 4
2 2
83 38
89 60
77 5
95 43
87 39
8 8
32 30
40 9
52 12
67 44
14 12
78 39
81 46
96 16
64 20
79 23
41 19
39 36
28 9
8 8
97 50
82 66
100 19
22 4
49 44
12 6
11 3
71 20
66 12
93 78
18 5
21 21
3 2
50 12
66 48
97 60
28 7
17 16
18 18
30 10
86 66
66 63
60 34
4 2
6 5
5 5
42 2
80 75
68 14
68 40
56 38
85 39
30 18
24 4
42 33
59 20
100 13
38 15
59 33
13 12
23 9
16 7
93 3
81 44
28 5
50 31
28 5
14 12
98 69
74 67
4 4
27 4
6 5
21 3
30 17
58 9
72 44
82 77
71 42
47 2
90 58
97 41
66 14
30 10
19 13
96 4
82 61
55 14
18 13
37 14
3 2
63 40
40 8
88 7
53 12
57 30
50 24
53 49
64 48
4 2
7 4
88 28
83 60
18 14
26 2
8 4
50 25
44 8
2 2
75 58
100 10
50 32
78 78
87 5
28 17
68 26
97 61
18 12
95 21
93 18
67 2
82 20
24 7
92 15
64 33
42 30
42 31
74 54
20 10
58 42
71 69
21 8
70 24
97 46
16 11
83 25
11 6
10 2
30 3
81 40
37 17
11 9
72 42
54 16
9 4
63 21
5 3
92 42
64 3
11 3
66 46
93 86
27 4
25 4
82 25
47 37
89 34
66 45
70 44
36 26
11 11
58 46
92 9
66 23
67 10
10 2
94 29
11 3
47 31
4 2
67 19
2 2
69 54
34 34
93 48
71 69
23 21
97 85
37 36
30 20
11 2
34 34
56 27
68 8
92 46
79 3
90 30
67 26
50 38
79 9
83 4
51 50
61 25
52 39
94 13
64 15
86 53
22 3
20 10
51 21
86 53
72 24
42 9
83 10
42 18
14 4
48 31
54 39
56 51
45 21
59 44
72 8
76 60
40 2
62 22
8 4
54 49
84 17
8 8
29 3
40 11
30 25
91 50
11 9
16 14
74 67
79 76
33 6
35 20
83 23
15 5
50 4
69 59
63 25
69 69
41 39
5 2
95 86
43 12
44 24
50 12
37 32
41 5
47 37
94 40
17 3
75 58
25 4
37 7
26 14
46 16
84 55
93 25
60 9
40 20
12 2
100 4
41 24
84 32
38 15
72 34
21 6
9 2
100 87
35 26
18 17
12 5
41 26
42 31
77 18
62 49
6 3
11 11
11 5
87 33
75 54
92 29
17 17
63 48
68 40
31 29
83 37
65 17
27 14
75 3
94 87
39 21
69 27
43 25
98 46
82 23
39 38
93 22
83 24
95 13
7 3
82 3
54 36
14 12
68 9
62 28
34 3
13 2
80 47
21 17
85 33
97 43
55 48
4 4
69 3
46 14
34 13
90 89
2 2
48 24
9 8
90 64
17 13
34 4
39 27
98 65
34 19
98 62
31 26
12 11
97 33
5 4
32 10
5 5
84 74
96 70
60 58
50 31
63 55
37 7
91 45
74 27
69 22
76 73
78 20
96 74
85 20
62 37
29 27
76 65
31 24
83 56
64 15
62 15
92 85
35 32
94 72
53 4
11 2
18 2
61 44
10 8
83 25
59 33
92 20
18 14
56 11
87 17
31 26
26 20
81 40
83 31
51 14
54 27
52 43
64 41
31 9
34 12
24 8
61 2
37 34
72 62
45 31
54 37
75 34
95 89
35 30
87 69
4 3
45 36
57 28
94 89
37 19
30 20
96 96
30 20
98 75
85 44
81 71
66 63
18 13
33 10
16 11
65 48
82 68
66 42
59 57
54 19
75 30
14 13
49 43
11 10
77 29
10 3
65 19
49 4
88 74
14 12
68 23
2 2
98 18
77 57
49 21
72 13
76 30
38 23
57 46
98 93
37 27
24 2
8 6
77 34
64 31
91 35
82 58
19 2
27 9
11 9
34 20
57 54
10 5
69 37
66 29
2 2
5 3
43 9
65 27
51 4
73 50
63 41
76 26
23 8
76 14
59 59
3 2
30 20
33 10
93 57
50 18
36 32
100 85
96 93
76 16
25 11
49 15
45 30
9 7
57 22
49 9
6 2
60 20
37 34
55 30
28 22
11 10
2 2
67 2
33 24
95 59
20 15
76 10
26 22
25 20
61 50
11 4
93 22
52 19
16 4
8 3
62 12
8 2
36 31
93 62
90 49
6 6
82 39
74 66
43 7
69 18
99 11
49 37
80 10
40 36
5 3
68 52
64 48
99 41
2 2
78 67
92 39
100 73
67 52
67 30
48 41
56 55
33 8
98 89
31 2
26 3
50 2
25 2
45 18
3 3
57 39
38 20
69 44
78 39
42 10
89 59
41 24
45 7
18 5
62 56
82 82
69 44
24 21
12 11
35 13
15 11
28 27
98 97
53 34
89 29
82 68
92 87
82 10
36 23
77 22
72 44
4 3
29 6
64 54
44 28
8 5
9 3
93 79
21 21
49 12
100 65
19 10
38 5
76 11
28 24
60 45
59 48
82 62
79 40
35 15
42 17
15 2
56 21
71 26
99 11
40 21
48 42
48 10
92 91
75 17
7 4
40 21
99 3
50 19
77 48
25 10
89 7
10 9
98 77
45 36
23 14
52 2
26 5
34 30
57 12
5 3
98 75
98 44
5 3
57 29
95 15
2 2
92 30
89 60
35 24
70 50
42 24
72 52
27 17
94 4
14 6
79 5
75 40
31 30
25 17
15 12
47 46
5 2
50 47
29 7
34 11
64 48
2 2
77 28
31 25
44 41
20 12
75 50
90 70
11 11
28 26
7 6
90 60
93 64
78 16
5 4
80 40
16 3
39 29
75 30
29 8
63 14
96 56
70 67
14 7
66 3
4 4
7 3
25 24
41 7
62 59
54 15
99 20
51 15
67 16
6 5
98 96
29 9
46 16
32 31
43 32
80 12
35 31
49 24
48 5
86 70
62 16
17 5
45 35
63 40
10 7
39 14
75 10
14 2
17 9
71 8
17 13
85 58
10 2
29 20
86 27
94 4
73 25
22 22
57 35
99 22
36 18
36 10
35 10
45 14
67 49
36 15
60 23
85 73
96 25
14 8
12 7
9 8
42 26
59 35
17 4
45 35
67 14
88 51
11 4
58 24
15 8
87 43
97 32
63 19
40 29
90 11
48 38
15 8
78 16
91 45
21 6
68 22
30 7
20 18
23 23
14 2
4 2
19 12
52 23
97 41
7 3
48 17
36 29
36 18
39 37
100 65
48 24
17 16
2 2
14 10
73 65
27 2
66 44
42 19
63 5
51 46
97 73
65 17
15 13
62 58
78 77
70 65
52 25
22 21
65 33
85 27
80 57
50 35
86 8
71 46
52 23
65 46
36 23
23 4
81 78
38 25
10 6
4 4
27 9
81 19
96 52
69 65
90 62
61 22
82 27
11 7
15 13
94 69
50 24
91 56
44 32
74 68
56 9
47 35
65 20
89 59
93 63
84 58
49 5
75 73
94 8
8 6
29 17
2 2
49 14
44 18
56 48
78 13
17 11
66 9
47 7
65 2
30 8
86 6
71 6
91 88
39 28
87 65
88 64
33 2
59 43
14 6
70 2
24 18
42 17
58 31
22 9
94 17
31 31
45 22
47 34
75 62
42 16
77 60
57 32
43 26
87 27
53 46
9 6
97 15
17 15
92 39
26 9
59 55
27 4
49 5
19 11
30 20
47 28
77 27
97 78
82 19
34 26
99 75
92 70
7 5
60 7
75 59
7 7
95 36
29 5
19 7
16 6
42 5
37 25
65 16
47 20
15 12
74 67
97 80
18 2
100 34
72 63
39 34
86 25
89 41
65 36
76 23
25 4
65 53
12 10
62 58
66 59
12 4
36 24
93 87
33 18
37 7
99 73
23 16
69 46
98 96
4 4
34 30
73 26
20 10
52 17
79 55
32 7
82 82
22 2
7 5
3 2
57 2
11 6
10 6
17 12
88 2
99 22
35 30
63 38
80 40
44 20
59 39
49 25
8 2
74 31
5 2
90 53
40 13
26 18
2 2
77 35
21 19
77 52
13 4
90 9
30 23
66 46
5 4
51 12
88 16
53 50
57 47
30 30
60 44
53 49
3 2
69 51
82 71
78 41
44 13
55 26
35 13
20 13
21 17
70 52
80 66
11 2
65 27
70 29
59 2
98 63
77 25
10 9
27 10
66 8
13 3
56 15
99 23
81 62
32 18
9 4
93 6
80 20
61 56
31 6
62 60
27 22
22 16
73 22
33 23
56 21
29 29
4 4
12 5
79 76
93 13
84 82
5 5
42 17
96 39
59 17
61 35
71 3
51 46
92 39
46 17
80 71
27 21
53 31
67 46
47 29
63 57
44 20
57 52
27 11
54 21
2 2
15 9
53 51
53 14
40 37
37 18
81 62
38 23
59 30
58 39
69 65
59 27
45 25
61 41
71 19
89 49
91 39
48 6
74 47
47 18
46 32
72 24
7 3
42 37
17 8
31 8
7 4
19 3
61 29
69 43
34 5
77 51
32 3
99 3
100 82
42 5
69 37
85 42
67 24
79 36
37 30
69 39
30 22
93 77
65 37
25 3
37 23
94 32
25 20
86 30
32 2
8 7
26 18
64 44
67 45
80 12
100 27
12 8
27 13
83 20
29 7
72 25
66 34
37 32
30 2
51 23
90 80
45 20
72 32
5 3
4 4
60 36
17 3
63 24
37 24
90 14
52 40
6 6
100 6
44 4
64 39
90 32
33 14
57 28
52 25
86 26
78 14
70 3
52 31
54 21
92 13
36 23
92 56
73 16
24 19
74 20
15 7
68 64
79 55
66 22
8 8
27 12
74 47
47 44
72 38
52 33
31 8
55 5
77 47
90 61
71 21
88 87
38 17
15 6
43 14
67 41
80 39
68 67
21 15
34 25
13 5
50 24
41 30
61 45
21 4
56 20
42 25
66 35
94 62
56 8
59 47
33 20
98 14
78 13
98 59
88 29
95 56
95 83
58 29
11 6
7 7
77 43
11 5
31 26
68 25
73 72
10 8
62 37
31 25
62 58
81 41
58 21
71 34
15 11
57 45
9 8
76 60
57 43
91 77
83 21
88 71
84 55
98 59
20 3
33 18
50 30
48 13
51 27
89 47
76 23
88 38
62 38
12 12
24 16
16 16
39 4
25 16
33 5
40 32
43 34
59 6
39 13
12 6
7 3
98 47
69 52
37 20
51 27
81 41
60 2
37 30
32 31
63 54
87 83
77 24
13 8
63 38
80 2
25 5
54 33
34 31
54 20
39 23
74 35
41 18
28 20
31 21
28 3
100 99
25 23
52 33
17 10
56 53
22 15
57 10
95 54
42 22
99 27
65 33
50 25
57 15
43 25
8 2
53 52
91 91
6 3
93 44
45 34
48 3
48 24
100 58
52 5
15 15
41 7
79 48
81 37
25 25
47 43
12 11
36 35
36 21
57 30
41 5
2 2
7 2
40 2
40 31
18 7
55 20
27 9
50 32
49 34
55 44
48 29
10 8
24 6
86 23
73 45
39 2
97 73
69 68
62 14
94 5
76 4
12 7
55 11
56 50
36 22
99 8
50 43
3 2
66 39
12 10
3 2
95 68
75 2
2 2
17 6
47 47
31 30
15 6
8 6
93 75
56 45
38 6
53 3
43 32
44 44
21 12
60 41
12 8
50 5
27 13
43 31
32 7
40 18
69 16
21 7
10 7
55 16
8 8
53 49
30 18
28 11
39 6
57 44
81 57
97 90
96 88
23 21
88 71
28 2
62 41
51 38
45 22
97 43
86 10
71 19
14 11
61 2
61 50
100 56
33 10
13 8
61 26
87 55
90 37
74 33
67 31
27 7
45 26
21 16
56 15
95 38
67 4
65 54
69 20
23 7
17 10
63 48
41 10
11 7
22 4
66 28
86 47
84 6
48 37
52 32
92 6
10 2
10 8
75 35
97 4
35 8
59 12
48 28
72 46
86 17
83 32
34 29
50 50
85 32
15 10
50 21
46 27
64 17
12 7
46 37
14 5
78 16
96 74
15 12
61 41
80 78
28 23
97 65
58 21
58 20
40 12
63 30
37 25
52 51
8 5
63 50
26 2
85 49
82 37
83 49
13 12
37 19
100 29
9 7
68 61
56 55
82 40
54 3
84 52
28 12
66 13
85 78
82 3
84 51
80 17
6 5
77 4
26 2
23 13
50 38
66 36
58 14
64 55
22 14
24 7
76 62
8 2
37 15
19 11
75 51
30 22
23 19
29 28
71 25
96 50
24 21
95 8
51 15
100 43
79 70
2 2
3 2
28 24
10 3
86 65
49 39
63 35
78 36
45 18
35 9
58 27
75 21
81 65
76 3
99 21
100 35
22 14
54 42
45 30
32 15
60 60
97 7
35 16
35 4
85 80
74 49
49 24
69 11
24 15
30 29
74 42
20 14
17 17
28 24
70 57
75 12
19 13
33 27
34 34
57 10
55 13
43 42
21 18
72 26
22 22
57 8
89 28
61 10
6 4
5 3
49 28
89 53
23 6
22 10
13 9
12 5
99 86
20 3
71 14
70 66
85 76
46 13
15 4
80 11
89 2
90 71
20 4
9 4
78 54
85 9
87 86
14 3
92 66
9 7
91 60
92 61
70 50
22 21
71 17
6 4
85 50
29 25
55 48
86 58
3 2
82 77
96 75
51 43
65 28
92 28
24 23
17 11
72 31
76 5
56 12
14 7
68 62
59 23
50 37
95 43
87 33
67 3
13 4
43 31
77 70
26 26
86 40
23 14
4 3
97 71
88 66
83 49
82 8
46 42
34 15
23 21
19 13
20 4
72 55
57 39
29 13
54 52
90 6
92 80
58 25
16 14
51 50
95 66
83 19
50 48
29 9
33 28
86 22
86 60
5 4
75 16
65 53
94 70
98 46
27 9
5 4
93 58
90 35
21 16
19 8
98 63
50 26
5 5
50 45
68 56
73 57
28 15
14 14
2 2
78 40
29 9
52 43
82 7
5 4
20 2
71 14
3 3
18 16
36 25
97 50
4 4
93 55
47 19
18 16
67 19
32 13
62 43
79 65
66 11
38 38
55 55
57 19
93 50
74 35
85 55
16 5
27 22
85 56
26 12
49 29
96 47
83 60
80 31
11 3
30 4
57 40
91 53
74 44
74 57
26 11
72 57
90 26
97 94
62 14
88 33
49 28
44 24
50 43
10 3
11 11
37 8
22 9
42 34
8 3
15 8
100 27
59 9
53 10
71 55
71 48
20 16
17 4
36 22
83 21
37 24
43 39
6 4
26 15
63 8
70 31
92 59
44 6
86 65
17 16
70 31
12 3
65 65
50 35
77 76
28 28
39 11
87 69
91 88
15 13
60 38
4 3
69 48
70 3
38 3
52 20
71 37
87 9
2 2
5 2
40 16
33 18
24 22
93 34
5 2
10 7
11 2
89 79
15 15
11 9
17 10
17 16
18 8
95 15
8 7
6 5
9 7
58 25
31 9
10 5
51 20
54 43
24 18
84 14
41 17
48 11
98 82
9 6
20 12
26 10
11 11
36 12
76 51
39 3
31 9
42 5
4 3
55 45
98 32
68 59
10 4
29 8
8 3
83 15
83 60
44 30
81 75
77 36
32 24
45 34
14 5
66 32
31 12
54 24
24 2
95 81
37 24
34 23
41 21
66 30
69 31
84 59
10 3
69 45
7 6
97 59
13 9
74 20
27 2
73 26
61 49
49 3
93 78
66 9
56 34
57 49
34 28
11 4
17 6
50 4
23 5
52 11
10 2
98 37
23 16
81 48
33 28
64 12
99 40
63 40
42 22
67 67
71 21
55 45
96 33
86 77
57 21
28 7
30 15
29 6
92 87
69 43
51 21
39 11
18 17
55 26
77 3
77 23
71 64
26 6
21 18
73 8
99 95
25 16
47 36
25 25
71 4
91 85
30 23
36 24
77 29
36 36
43 10
26 20
8 8
53 12
5 5
75 6
19 11
2 2
37 28
62 34
95 94
25 2
85 50
10 9
74 63
63 39
80 43
67 50
33 18
43 38
53 43
44 27
9 4
85 38
7 7
86 45
68 19
51 48
12 4
9 8
13 7
87 7
50 50
96 36
83 29
82 11
32 9
100 43
88 23
79 70
94 94
42 34
42 40
45 42
46 34
27 7
97 81
93 86
97 29
37 12
91 47
63 25
9 5
82 22
15 6
79 18
87 43
2 2
70 20
74 22
45 40
28 19
83 60
47 10
75 21
11 2
56 38
99 25
12 8
38 12
28 27
74 31
86 23
25 8
85 33
70 49
79 19
33 17
79 63
72 66
9 6
97 75
43 19
40 8
88 29
73 68
47 33
58 25
41 8
82 81
86 9
98 68
56 19
62 32
32 25
91 12
83 27
35 13
2 2
96 34
71 50
52 7
5 2
6 2
73 9
90 36
27 27
47 32
67 64
64 49
13 10
73 19
17 16
30 8
89 59
4 4
29 18
37 22
70 62
38 23
25 17
35 11
44 10
38 26
53 50
86 57
7 5
79 6
86 3
59 3
89 57
30 4
15 10
31 5
68 20
57 27
80 31
42 10
37 26
16 5
27 16
63 14
60 48
35 6
31 30
45 40
80 30
8 4
60 42
70 64
2 2
70 31
73 27
83 46
93 64
30 24
21 8
69 30
21 12
17 15
20 8
50 34
95 17
91 85
69 51
85 4
86 81
77 18
97 76
71 17
75 19
52 32
40 32
95 48
44 30
48 45
95 55
65 41
35 5
12 9
77 12
52 19
76 40
42 4
61 42
34 13
91 19
88 19
79 60
44 22
11 5
33 25
37 37
10 10
77 33
79 48
10 4
45 15
21 19
21 4
79 42
81 67
54 19
67 30
24 12
4 4
39 16
51 43
8 2
60 47
3 3
40 6
52 14
9 9
24 20
34 33
81 74
69 9
88 74
22 12
2 2
91 3
31 2
34 12
61 40
92 57
11 5
15 7
22 10
4 3
27 22
36 8
16 8
93 38
74 73
37 37
89 87
24 5
55 10
47 6
82 29
52 49
15 7
64 26
9 6
60 21
67 5
4 2
4 4
37 13
99 42
32 5
37 3
16 5
18 4
49 35
46 22
71 13
65 22
54 4
80 24
8 8
8 6
7 5
73 35
52 10
77 60
31 28
54 33
98 76
9 2
4 4
29 18
11 5
9 5
26 5
19 17
62 6
7 2
61 48
67 9
49 17
17 13
39 27
12 12
44 29
84 18
84 68
27 9
100 6
75 57
31 30
83 52
10 2
48 39
52 4
30 29
37 9
23 10
95 36
70 34
23 3
39 29
53 11
9 8
58 9
45 26
96 56
77 42
35 25
94 47
23 10
13 3
82 17
55 23
45 30
92 90
63 8
79 79
69 38
74 21
12 10
81 48
2 2
93 60
