10000
90 57
11 11
70 49
85 39
92 10
22 13
55 8
51 51
63 55
52 12
43 11
56 43
80 49
39 7
8 4
49 25
95 80
5 5
35 19
100 19
28 18
71 45
66 66
93 63
44 12
19 14
47 34
26 2
25 23
98 98
4 3
44 40
59 18
52 38
57 57
9 6
85 20
10 7
17 6
54 21
34 19
25 16
32 27
97 96
43 40
10 3
17 3
3 2
69 2
85 23
53 42
90 85
52 23
44 17
94 10
42 29
93 8
100 79
83 34
100 79
83 43
71 30
23 21
76 24
35 26
74 45
3 2
58 55
55 34
41 10
22 6
39 36
58 43
84 22
63 5
30 20
40 6
54 49
20 17
65 19
100 89
84 38
90 35
26 14
67 11
87 34
43 13
58 46
4 4
69 65
96 67
77 25
47 21
37 20
11 5
25 21
73 60
77 19
70 12
27 13
72 4
25 16
8 3
61 14
34 16
15 15
43 12
30 11
67 18
36 13
50 7
6 3
42 26
69 7
54 40
96 5
82 40
90 55
58 17
53 49
11 9
35 21
2 2
59 47
50 9
80 44
68 35
55 51
53 25
14 8
76 22
72 29
96 3
18 9
88 51
29 10
36 24
52 40
59 52
97 24
85 75
66 46
35 32
57 26
81 61
60 4
11 2
69 44
13 5
36 9
10 9
44 6
57 42
72 9
54 23
26 12
50 7
56 20
78 25
39 6
71 35
54 23
60 37
17 16
98 10
70 57
43 30
27 21
4 2
10 4
59 51
10 9
90 39
38 29
66 29
47 7
83 12
25 4
67 67
92 46
38 23
42 16
44 42
54 28
79 49
62 13
98 92
22 15
81 52
37 20
71 41
100 74
48 36
51 6
79 10
47 12
96 68
68 31
3 2
5 5
41 25
36 3
2 2
37 15
55 42
62 56
30 24
79 62
24 5
25 4
8 3
21 3
73 70
62 57
2 2
88 60
49 31
79 52
61 47
3 3
2 2
60 41
71 19
12 4
39 7
34 4
15 10
27 25
61 33
33 13
87 28
76 35
46 31
32 2
63 36
56 42
63 61
73 66
59 38
81 22
96 36
16 16
80 71
56 35
28 26
85 52
29 2
70 18
3 2
75 75
45 31
95 51
86 49
98 71
9 3
38 22
93 61
38 13
94 71
43 13
52 42
50 39
99 41
91 46
76 36
58 55
32 24
79 62
17 6
70 24
11 5
16 3
60 53
30 7
11 6
41 39
58 53
65 63
66 13
75 6
82 66
54 9
88 40
97 88
81 6
19 17
8 4
10 6
38 18
22 12
87 80
18 7
40 9
12 2
88 41
64 27
47 11
74 9
84 32
71 42
82 56
29 10
76 73
92 41
67 7
23 9
47 40
48 48
61 24
78 74
89 10
56 27
83 36
26 25
53 8
82 32
33 19
52 39
57 7
51 24
63 5
9 3
92 18
79 71
72 8
91 87
85 38
15 13
74 29
41 26
21 11
44 31
91 42
48 42
13 8
33 13
64 4
68 11
32 11
90 63
93 91
90 35
39 27
59 38
60 20
77 3
7 7
30 30
57 3
77 43
81 64
5 4
54 15
28 6
49 29
79 4
3 3
52 11
81 16
57 39
68 56
59 21
6 5
74 25
98 95
62 15
82 16
6 3
16 13
80 19
96 74
58 38
6 6
78 9
90 24
66 53
8 7
77 63
23 11
72 39
30 7
26 24
11 6
65 53
31 28
73 33
44 3
75 12
37 9
9 3
37 10
29 29
91 11
77 38
39 6
91 3
6 2
41 32
13 11
44 6
39 7
91 80
83 8
76 9
100 50
37 7
26 9
65 34
27 7
42 8
28 5
19 19
9 4
35 27
40 25
63 40
49 40
45 19
99 29
31 30
87 38
82 67
72 64
27 10
54 29
38 9
27 16
14 14
9 2
60 2
25 14
46 38
28 24
69 53
41 30
35 28
99 90
43 24
9 9
96 53
95 24
11 2
95 60
14 6
86 20
7 7
17 13
35 4
70 38
66 7
61 20
33 20
43 28
59 23
60 11
59 35
60 23
89 71
98 68
41 35
39 29
19 15
17 12
45 16
99 16
63 21
94 52
100 43
76 71
21 7
33 17
48 45
85 52
70 51
23 12
95 5
62 60
78 32
48 43
11 11
38 24
95 11
51 24
4 2
45 12
31 16
38 28
40 9
8 2
74 10
60 4
50 42
22 9
51 42
39 16
68 41
7 4
12 3
92 52
80 41
52 24
88 42
91 74
2 2
33 17
60 11
13 4
38 3
41 19
81 18
81 72
56 30
84 19
68 16
44 39
30 3
70 2
71 32
20 7
89 61
83 27
70 14
70 30
82 50
59 9
97 31
60 8
90 52
8 5
6 6
77 59
12 10
100 7
70 69
66 25
33 24
10 10
55 53
33 13
9 5
39 18
94 68
53 28
60 12
53 2
72 30
74 39
46 15
2 2
43 14
14 11
51 37
44 34
20 3
35 6
73 4
47 28
22 15
2 2
97 49
55 25
71 12
10 4
43 4
72 72
43 20
62 52
65 28
23 9
36 7
45 33
23 18
61 53
78 46
11 8
42 42
47 6
2 2
75 60
27 2
57 12
61 53
63 25
45 38
35 18
71 25
54 9
6 6
46 15
35 10
90 48
64 29
8 8
99 5
73 31
41 35
41 20
2 2
61 61
45 30
73 20
48 10
87 60
19 15
36 14
41 18
61 54
49 27
39 10
27 4
40 29
48 29
37 19
47 33
76 43
56 47
54 34
96 77
34 9
44 32
23 18
100 11
48 4
18 8
88 56
29 22
46 21
83 2
28 17
64 45
39 23
13 13
39 20
2 2
34 13
41 32
27 2
84 54
81 36
18 17
32 5
100 13
84 75
84 60
71 63
86 84
26 10
22 3
18 10
15 15
33 31
100 74
67 3
88 22
72 16
33 13
44 11
79 9
82 28
37 33
7 4
14 12
36 5
97 2
21 16
42 2
40 31
16 16
62 37
75 22
37 5
20 17
69 11
81 15
60 17
99 38
60 60
100 98
90 67
97 73
24 23
27 4
57 40
11 2
17 15
33 18
55 40
95 35
39 31
48 19
31 8
91 90
57 39
68 38
28 18
40 8
55 42
79 6
50 14
99 55
76 43
86 61
58 5
9 9
13 3
75 69
13 12
51 23
92 61
75 30
84 80
4 3
47 42
23 21
7 3
86 21
32 16
74 72
53 22
80 72
49 16
26 14
46 33
31 3
36 7
52 30
55 29
57 14
43 2
59 44
90 44
89 6
56 6
14 13
98 41
97 96
76 20
99 26
35 24
61 56
39 12
61 24
45 44
42 32
56 42
74 20
17 17
34 6
9 4
18 11
58 19
44 40
10 8
80 15
76 62
16 11
11 10
54 48
93 74
60 23
4 3
62 11
64 55
30 17
77 9
42 28
18 17
11 2
92 30
19 8
2 2
87 6
18 6
73 20
45 13
74 32
55 48
59 17
17 16
65 27
8 3
91 29
97 48
90 12
67 30
32 10
6 2
71 11
96 65
86 65
25 23
8 7
67 10
22 16
80 54
59 3
27 4
26 25
11 11
78 64
75 15
33 5
6 3
52 25
12 6
45 45
63 13
44 29
54 39
90 39
13 2
74 16
66 52
71 66
34 15
88 56
16 7
19 19
53 14
87 57
15 7
67 30
83 52
40 15
70 45
60 57
59 20
51 13
10 10
79 61
66 43
37 29
45 25
94 47
92 76
83 14
97 85
50 16
43 28
100 20
86 72
75 18
5 4
44 11
45 13
27 14
53 51
100 54
72 63
61 12
3 3
48 11
39 2
62 26
22 10
74 52
84 50
23 21
10 8
15 7
42 20
57 45
79 59
17 9
98 41
4 3
14 3
62 32
58 17
10 2
92 80
29 18
91 6
27 19
57 17
10 9
69 11
51 14
18 3
54 25
89 22
85 35
3 2
55 19
20 18
7 4
4 4
92 79
17 13
78 15
64 33
24 6
41 10
15 15
10 7
13 3
15 2
83 27
56 33
58 51
99 83
51 24
55 48
37 31
15 14
23 19
70 35
54 3
41 20
26 26
84 10
24 2
26 6
53 6
8 4
92 32
31 15
37 16
81 49
12 9
68 12
43 17
90 37
17 11
52 22
36 10
52 17
67 59
90 90
34 2
100 18
52 47
75 34
54 10
39 23
10 4
13 7
76 36
50 5
71 58
85 40
85 10
16 10
95 74
5 3
32 21
95 57
50 19
93 90
59 59
89 77
14 2
87 5
97 22
21 7
38 27
10 8
6 5
25 14
63 23
5 4
78 12
34 22
2 2
62 33
5 4
17 17
67 13
2 2
65 32
96 17
15 12
34 31
29 13
39 37
44 18
84 15
13 2
21 2
82 23
11 10
68 24
10 8
45 22
34 19
17 13
93 53
55 25
13 3
49 13
93 52
14 7
25 5
17 12
66 63
70 44
14 10
24 6
38 15
82 3
21 3
3 2
4 4
20 6
82 38
32 8
75 23
38 34
76 67
22 3
3 3
21 21
4 3
12 8
47 36
87 42
85 54
11 10
41 6
42 12
95 51
39 38
47 23
14 7
88 20
72 68
26 11
45 2
94 79
68 64
75 44
46 38
33 10
25 10
13 6
86 2
33 31
52 26
52 9
98 93
10 2
21 14
25 24
20 11
17 16
14 11
83 61
58 56
14 13
25 20
31 21
78 14
16 8
54 8
80 26
52 29
34 18
4 2
23 2
77 45
99 82
47 7
37 18
72 52
48 11
16 14
88 88
33 9
11 8
65 42
61 29
65 64
37 27
7 4
36 31
98 24
100 34
92 29
24 8
10 9
55 46
69 36
25 7
67 40
37 25
14 4
82 41
77 2
40 38
17 2
44 30
66 51
6 4
87 18
95 33
11 4
12 6
53 28
31 20
88 61
47 20
41 38
100 44
100 84
75 11
70 41
20 15
82 13
29 23
31 6
9 9
18 10
52 13
60 21
32 7
18 3
17 7
67 30
77 63
78 49
33 32
58 2
41 23
63 22
83 58
11 6
100 63
5 3
80 22
79 60
75 57
71 10
9 8
55 38
21 6
73 28
89 30
9 8
66 51
3 3
81 27
18 12
14 6
35 21
99 7
37 18
14 4
62 31
2 2
46 32
37 33
21 3
62 7
34 19
30 19
26 8
92 8
3 3
25 11
4 4
41 14
43 6
22 13
52 25
15 6
36 19
20 7
75 2
26 16
83 72
18 2
2 2
44 29
36 13
21 21
37 22
81 69
16 7
9 7
22 18
37 16
87 87
73 50
35 30
83 82
32 9
91 36
18 9
4 4
43 20
6 5
92 40
21 17
86 61
6 3
95 20
73 64
88 55
48 48
17 14
8 4
21 9
64 25
52 16
26 7
45 24
64 15
47 15
63 11
65 6
49 48
29 4
98 66
93 72
87 41
57 42
29 9
17 9
83 11
55 39
64 63
88 19
28 6
21 18
94 26
17 5
27 5
55 2
74 66
82 15
16 12
19 6
64 10
82 6
89 86
67 56
42 32
28 6
96 91
12 8
17 17
72 44
3 2
22 12
73 54
2 2
33 19
88 18
42 4
47 8
86 42
60 38
28 6
60 23
58 37
32 21
31 31
18 4
21 9
95 93
84 82
52 3
32 24
50 32
7 7
94 15
42 34
8 7
2 2
32 16
52 44
13 2
78 26
76 65
72 44
74 42
66 2
14 10
69 17
53 45
43 8
87 60
46 12
32 11
100 95
44 11
81 3
46 9
75 27
96 2
87 6
58 21
64 57
38 29
94 34
73 69
64 62
60 26
35 7
28 27
20 8
52 38
42 3
26 15
20 13
93 6
84 28
66 39
35 2
96 23
21 16
93 51
29 11
96 83
55 41
51 41
65 64
20 20
64 22
77 56
96 56
37 21
91 83
20 10
80 59
74 39
95 46
28 27
48 23
64 31
29 7
18 7
18 2
7 5
42 38
45 6
19 19
63 55
13 13
100 53
14 7
93 6
88 58
92 91
20 13
97 68
59 25
46 27
69 13
85 55
91 42
75 29
98 8
46 41
4 3
51 4
93 79
31 8
33 22
6 2
29 17
68 6
37 25
44 18
98 27
8 2
92 6
46 17
76 15
2 2
25 10
16 12
89 2
100 42
55 16
63 30
30 27
32 29
80 77
10 3
25 6
50 39
30 14
54 39
21 11
95 66
59 51
29 26
70 57
42 28
57 30
75 40
18 9
40 7
37 26
55 46
13 7
15 5
40 36
40 31
29 6
77 66
53 18
56 38
9 6
90 40
22 21
100 8
91 35
81 57
35 11
99 41
9 2
70 10
64 41
63 56
67 11
5 5
87 61
24 7
100 52
77 40
37 25
70 56
3 3
99 75
25 2
6 6
75 26
11 3
25 25
15 10
89 77
19 11
65 34
60 51
58 23
30 17
42 36
6 5
19 11
46 26
33 4
96 90
74 62
67 49
32 31
17 9
7 4
86 21
94 4
83 26
22 15
42 14
52 6
18 8
77 31
15 8
78 19
56 49
95 27
55 34
93 65
81 10
12 12
82 75
64 28
2 2
31 8
91 61
5 3
32 18
3 2
49 35
3 3
70 2
28 24
27 27
6 5
64 21
84 46
77 17
39 3
37 8
53 49
35 3
71 22
22 20
59 18
76 25
81 15
3 3
88 82
60 20
16 15
28 14
21 6
96 96
47 11
89 2
26 22
42 23
46 21
22 7
28 21
20 7
83 43
2 2
23 13
29 8
64 54
49 42
28 5
61 20
68 17
32 31
73 31
32 16
86 45
10 8
100 49
81 48
82 31
93 59
5 4
15 4
67 32
65 53
41 27
30 4
87 51
97 50
48 35
25 14
84 28
12 5
56 6
93 82
4 3
48 36
65 18
71 8
22 15
62 58
24 18
16 11
41 10
10 4
2 2
61 11
83 34
15 3
60 18
21 16
36 32
25 5
47 9
2 2
30 18
11 10
56 35
98 64
41 2
23 17
84 63
36 30
44 39
20 9
2 2
58 19
73 35
73 69
9 6
63 36
16 7
18 4
99 97
83 50
92 92
35 30
5 2
98 58
66 30
6 4
32 25
91 64
61 26
86 13
8 7
80 78
38 9
46 25
61 3
42 36
23 22
22 3
69 52
77 11
55 12
24 3
55 13
78 45
79 61
64 56
30 5
32 12
89 33
94 4
88 64
42 18
23 19
90 4
14 6
14 14
79 5
74 19
62 56
55 10
71 56
62 7
89 10
63 19
44 14
18 11
28 9
76 70
88 9
21 4
31 30
86 11
42 3
13 5
72 21
13 12
73 34
43 40
41 41
57 33
80 50
77 41
13 13
34 28
67 51
82 65
83 19
70 7
68 39
31 13
74 22
38 24
85 68
13 9
84 62
10 3
82 49
8 6
5 5
41 17
12 10
6 4
4 2
7 2
35 24
93 4
44 29
55 32
71 2
38 33
89 30
25 8
73 17
74 27
93 85
78 15
96 91
81 58
57 12
79 68
65 23
96 74
27 19
72 23
87 50
34 14
25 22
32 12
64 8
33 2
51 12
52 26
31 19
73 27
74 62
63 53
17 7
26 21
26 18
35 14
25 22
30 2
58 36
27 16
76 56
12 12
82 42
76 52
75 39
93 93
89 34
5 2
86 64
40 19
72 4
14 4
96 25
45 10
3 2
60 37
65 19
46 34
45 3
20 17
37 30
68 14
48 27
99 78
88 26
46 43
96 55
46 44
50 48
18 9
53 24
78 72
21 6
27 20
42 10
47 26
33 18
31 11
12 11
16 9
47 10
94 26
28 25
24 20
96 92
100 9
91 74
36 16
96 23
93 26
87 67
89 59
97 7
99 83
82 14
12 8
4 4
84 50
53 42
47 34
69 19
24 19
28 14
71 29
27 6
75 63
12 7
33 2
75 66
99 96
20 14
88 52
10 8
58 38
58 14
99 69
36 5
90 20
71 66
89 3
63 22
16 11
56 5
30 5
57 34
70 47
82 17
43 17
22 4
36 33
16 3
3 3
57 26
35 34
59 45
50 18
38 19
7 2
37 5
41 28
73 73
70 41
16 14
51 7
31 12
93 84
10 2
3 2
98 47
81 24
57 20
62 10
47 43
71 58
81 76
69 45
71 71
89 56
35 16
60 18
9 5
43 18
40 40
42 10
7 3
15 15
30 26
77 51
91 9
64 10
45 9
84 65
21 19
49 24
54 54
9 6
3 2
69 43
76 48
59 30
4 4
22 9
29 12
14 12
53 46
42 11
12 3
35 15
84 64
60 53
45 10
65 4
53 34
59 49
46 9
88 24
34 8
79 4
17 6
97 10
60 28
39 3
52 5
12 12
88 24
77 5
37 9
60 8
52 21
19 2
75 55
31 7
35 30
66 41
2 2
97 55
92 31
4 3
7 5
84 15
23 14
33 18
99 14
66 34
9 7
85 51
89 2
42 19
49 16
92 77
3 3
32 6
93 66
4 3
85 27
65 24
41 2
32 12
60 12
23 3
71 43
69 35
30 24
44 41
12 11
46 11
84 9
32 27
70 4
9 8
85 67
86 37
60 57
40 21
74 21
24 17
6 4
29 21
20 13
26 12
10 8
70 20
64 45
66 65
64 61
78 55
90 19
23 8
20 4
83 18
26 26
83 10
87 14
25 25
98 57
31 9
47 19
16 2
34 2
70 18
97 81
4 3
37 15
57 26
93 49
20 17
56 24
17 10
39 20
49 40
34 4
69 40
67 12
76 12
14 2
22 11
10 6
77 31
7 2
27 22
19 7
38 6
18 5
18 14
92 28
13 12
63 43
47 10
60 50
36 9
47 46
60 56
50 32
41 38
80 70
7 7
26 25
87 18
79 71
6 5
97 96
41 16
81 53
37 8
67 9
97 94
40 30
55 36
15 15
50 40
67 24
26 9
38 38
8 7
38 25
66 50
43 17
66 44
82 77
25 7
6 4
20 18
80 64
26 5
10 10
38 21
75 43
80 65
83 36
11 4
2 2
69 41
6 5
6 4
88 46
46 14
3 3
97 31
43 34
46 2
17 9
40 8
82 25
91 7
83 80
28 24
94 91
92 52
2 2
54 53
9 5
61 50
90 27
28 18
14 10
56 25
11 10
64 31
41 17
18 4
11 2
63 12
98 98
68 40
93 67
79 29
5 5
73 39
77 10
92 15
82 5
51 11
30 11
38 5
15 2
72 71
84 31
40 11
65 11
66 55
25 7
39 6
71 7
6 6
81 75
27 7
91 72
34 26
35 15
49 40
66 22
35 11
5 4
54 36
86 52
11 4
85 59
22 10
85 41
36 16
55 19
5 5
29 7
91 3
50 18
87 17
45 42
81 69
47 35
21 10
29 11
92 68
75 11
19 18
52 2
96 85
85 8
65 7
93 72
77 40
17 8
33 25
70 66
13 2
68 20
57 36
70 15
98 94
70 8
40 28
92 33
98 52
81 74
62 50
100 97
12 8
4 4
38 5
77 68
26 3
100 72
41 41
5 4
12 7
10 9
27 6
68 9
95 48
57 19
97 84
35 35
40 37
67 33
4 2
13 12
55 17
98 30
81 11
37 34
69 16
84 69
23 8
40 13
49 37
8 6
87 85
10 3
74 71
57 15
74 46
10 2
89 22
10 4
7 5
59 27
17 7
49 28
61 15
84 12
58 58
4 2
26 11
95 3
11 2
4 4
72 51
71 30
14 2
28 14
59 36
33 15
54 42
5 3
77 53
19 18
93 76
79 62
38 26
33 31
94 67
54 36
5 3
58 16
79 23
86 82
30 24
65 34
19 14
62 55
55 23
47 30
46 40
91 44
63 48
20 6
43 10
95 57
56 23
18 12
92 41
94 10
41 6
74 62
61 49
67 54
92 48
84 31
20 2
60 5
7 5
24 21
23 13
3 2
84 19
50 45
38 28
25 2
75 65
36 6
81 26
70 15
7 4
21 16
56 50
98 68
99 69
58 15
84 15
89 87
66 61
59 6
43 22
2 2
59 55
95 15
92 74
32 6
5 4
57 6
22 5
83 2
51 4
18 7
86 15
46 10
92 70
60 36
43 15
54 7
26 20
44 29
45 31
59 5
78 36
52 43
50 30
67 31
31 18
55 43
59 38
55 15
61 23
96 59
69 62
75 67
93 74
25 22
15 11
52 34
56 56
22 6
99 49
83 54
52 19
10 7
94 67
92 77
43 18
98 57
8 7
80 58
87 23
56 15
44 13
33 14
39 4
64 33
54 45
29 25
47 33
20 19
85 12
39 8
11 5
66 11
23 21
89 85
76 43
96 35
71 42
58 54
59 26
11 10
6 5
35 18
9 7
64 7
4 3
56 17
56 13
98 18
51 37
45 33
60 44
91 49
19 15
77 73
51 29
45 17
30 16
26 6
3 2
38 20
17 3
81 23
73 64
11 6
8 8
41 28
58 36
68 10
87 17
4 2
97 25
38 26
40 32
89 16
43 27
6 2
6 6
74 13
46 11
29 4
4 2
100 51
21 17
58 53
62 50
84 3
54 30
88 3
74 36
7 2
17 4
89 31
100 42
58 56
60 20
37 27
5 2
4 3
42 7
74 60
7 2
19 19
95 54
94 52
96 74
34 22
42 5
11 5
16 2
20 9
91 2
6 5
84 9
88 9
81 30
46 44
56 51
81 76
69 65
41 34
78 27
67 30
27 3
19 10
61 16
80 79
88 43
46 46
30 9
74 66
25 12
72 72
25 7
98 75
83 37
94 77
5 5
78 23
69 67
62 44
55 31
13 4
77 24
56 10
7 7
44 31
77 72
51 24
93 47
31 12
36 34
96 29
68 22
15 5
11 5
6 6
87 45
24 10
98 38
4 4
93 57
85 15
34 24
38 21
27 15
61 40
27 26
70 13
87 58
22 18
12 8
95 52
39 8
84 40
82 15
55 10
7 5
67 42
21 7
75 63
15 14
19 15
87 64
14 6
47 6
33 29
93 73
94 85
33 3
29 17
20 13
93 8
29 18
5 3
25 11
87 47
67 50
43 17
97 77
36 3
16 10
33 11
21 10
6 4
88 10
84 46
62 18
42 31
39 3
23 6
76 49
15 15
25 6
8 4
80 13
74 65
70 70
41 20
36 27
7 3
74 26
71 31
92 53
81 63
58 24
64 40
83 37
55 5
48 27
62 38
20 3
53 51
42 38
69 2
95 60
28 23
31 27
15 3
25 17
91 91
40 22
52 25
27 10
88 68
23 21
95 12
19 2
95 93
29 13
93 58
34 20
16 13
36 23
62 45
34 3
39 33
27 10
73 28
7 7
40 24
19 14
43 9
94 40
65 64
25 5
82 52
87 15
45 31
75 48
25 19
84 77
2 2
23 16
78 38
37 21
75 29
14 13
62 32
71 40
13 13
20 2
68 58
65 50
2 2
7 2
77 20
55 5
3 2
74 55
23 6
80 70
6 5
40 5
45 40
87 80
5 4
99 85
88 31
25 5
46 2
8 6
87 32
32 19
47 18
36 33
14 2
89 21
94 34
67 13
76 26
100 96
2 2
75 29
61 29
96 23
79 4
40 38
57 23
44 43
15 10
46 28
51 33
31 6
80 51
49 10
34 6
99 52
97 27
25 15
39 2
30 27
31 20
61 28
81 72
11 3
67 4
51 23
81 48
20 14
13 13
18 3
59 56
5 5
56 48
22 4
9 9
47 23
58 16
83 55
48 43
82 77
12 3
52 17
61 7
73 42
57 36
48 38
28 22
96 8
81 29
94 67
50 27
60 56
88 4
39 32
79 53
99 91
66 38
17 4
23 6
69 66
61 61
64 38
9 9
17 3
64 34
50 10
36 33
71 42
24 2
32 18
90 44
17 11
65 17
9 2
21 2
46 30
76 17
45 14
92 68
38 8
24 20
9 5
73 49
96 88
89 74
4 3
89 25
25 9
83 28
46 12
3 2
15 10
65 21
53 47
46 32
64 48
78 52
57 23
91 63
100 68
56 41
91 91
89 85
58 49
12 4
55 40
62 12
93 31
89 3
100 42
17 8
60 45
74 43
20 11
25 7
9 2
23 2
70 57
26 20
53 9
23 5
46 16
62 12
56 38
97 40
13 6
98 89
51 22
57 50
34 28
30 23
19 8
29 11
28 15
56 4
65 34
64 14
37 11
12 5
83 67
66 18
23 17
95 55
93 19
59 4
57 49
27 21
19 8
30 9
31 18
55 28
11 2
53 43
100 80
54 15
41 10
13 10
19 6
87 74
75 15
53 28
19 8
29 15
86 27
92 58
88 10
37 7
78 44
47 9
64 45
84 29
60 24
99 91
14 5
18 5
74 58
98 89
85 22
54 19
43 4
29 2
30 28
62 3
47 18
20 14
75 75
90 13
69 30
71 59
99 95
81 30
99 30
25 17
61 48
14 8
58 30
33 28
27 15
72 44
85 39
73 29
53 29
7 4
62 58
59 32
81 25
8 7
62 27
48 12
63 25
99 28
45 11
32 29
59 53
84 57
35 8
21 6
25 5
36 5
18 3
52 24
31 9
31 15
92 25
25 5
29 14
91 29
94 52
18 7
61 45
67 2
97 43
21 4
14 7
40 14
34 13
67 14
86 9
66 5
23 17
57 25
26 8
79 33
12 8
16 9
5 3
65 37
65 48
31 29
27 13
61 14
98 96
33 3
12 3
63 60
17 7
70 41
13 8
17 2
50 31
33 2
45 16
74 19
61 32
49 31
50 16
64 46
43 43
93 53
37 13
6 2
28 13
23 22
90 10
4 2
65 44
63 26
46 45
13 9
81 34
89 47
24 16
60 19
47 27
22 12
47 20
41 26
41 37
55 14
39 24
50 42
15 5
29 22
67 50
86 6
99 71
36 23
14 13
41 36
63 44
60 56
35 16
68 44
2 2
24 15
92 42
100 28
5 3
51 48
81 40
12 11
33 30
30 12
93 21
4 4
5 2
50 9
7 2
21 15
28 20
96 10
11 8
63 59
43 7
50 27
11 9
27 9
59 59
82 78
50 9
38 33
74 10
8 2
18 18
66 25
16 10
57 38
20 11
80 42
11 3
33 4
20 11
58 33
75 56
62 7
49 2
97 91
77 16
72 41
25 23
65 19
75 45
88 17
83 60
17 2
66 42
35 19
93 12
100 6
80 12
66 16
69 12
58 38
79 40
58 17
17 7
30 6
65 59
72 63
8 3
30 15
12 10
44 44
88 49
66 37
46 44
20 13
27 5
30 27
36 4
90 22
13 4
60 14
87 11
48 42
48 29
82 39
68 9
11 7
69 44
48 35
22 15
88 34
75 21
28 21
17 6
81 27
40 6
25 8
22 10
25 16
44 18
30 23
30 3
38 36
38 15
15 3
100 43
83 36
81 61
48 29
28 5
100 48
92 56
68 25
21 15
69 12
72 58
21 9
10 6
16 13
68 14
16 6
94 8
56 26
20 15
21 13
60 2
29 9
89 43
98 86
39 18
6 6
64 51
38 37
52 25
62 50
13 7
76 48
88 30
16 9
20 6
81 21
24 23
63 62
75 57
17 3
79 57
98 6
47 45
16 8
74 36
65 33
61 27
44 19
86 2
70 38
48 42
75 17
89 74
41 2
61 16
87 34
88 51
70 46
56 29
64 21
13 3
29 28
46 17
59 55
53 17
27 4
55 36
94 69
30 23
16 16
95 3
97 29
61 53
30 29
69 47
86 44
35 11
68 18
8 5
38 9
67 5
9 3
99 22
82 59
78 52
11 10
40 15
10 2
7 3
97 86
14 4
95 61
28 6
85 29
82 31
77 76
85 27
50 38
65 63
87 66
17 14
48 23
23 17
67 11
70 35
80 42
100 36
5 2
92 57
11 11
90 22
79 11
95 88
72 20
90 73
51 15
24 4
8 7
80 34
89 21
82 65
55 43
37 3
25 22
90 38
44 11
72 24
39 38
58 22
25 21
22 18
66 7
3 2
27 23
62 45
88 5
63 30
15 10
96 76
31 3
90 39
72 30
40 11
73 40
82 34
97 15
60 35
43 33
41 33
13 8
26 17
98 72
23 18
92 46
49 36
85 81
17 17
11 2
43 5
46 12
21 17
96 77
44 8
31 24
17 10
13 3
83 60
47 18
44 17
79 44
89 41
20 15
42 21
56 50
97 2
2 2
16 15
56 23
95 38
26 11
68 50
8 4
43 4
49 3
58 33
94 46
50 13
70 17
70 28
80 21
45 9
77 47
29 3
92 11
74 3
17 7
65 11
31 25
50 8
18 15
40 34
97 96
76 21
78 74
8 8
25 6
52 31
98 8
36 27
26 26
65 40
73 7
9 9
44 36
5 4
71 67
54 15
23 16
63 15
37 35
9 6
88 18
23 5
18 15
61 7
87 39
49 34
82 34
31 12
25 21
3 2
4 3
55 15
57 30
48 43
32 12
42 13
81 70
57 56
75 11
60 42
8 3
15 15
12 2
83 29
91 47
48 4
31 30
70 70
62 6
47 25
25 25
25 22
88 31
10 3
63 48
32 27
62 42
93 3
5 3
49 15
78 18
46 46
50 10
87 24
11 6
31 16
29 8
6 5
76 34
2 2
78 54
12 6
38 26
25 19
15 14
13 11
72 65
63 31
75 69
14 6
33 26
37 23
91 35
35 18
86 86
50 35
98 11
20 7
79 10
73 2
13 7
90 8
64 59
50 8
72 29
29 21
87 7
57 43
53 13
53 41
83 53
68 29
77 57
66 19
30 14
41 5
50 26
88 38
56 41
70 66
70 53
44 8
90 32
21 10
47 41
32 24
7 6
65 46
61 22
80 8
49 22
43 28
42 32
3 2
8 6
8 6
33 12
89 9
69 14
53 48
82 21
74 63
24 9
46 36
89 10
35 27
8 5
73 68
9 2
2 2
36 13
30 3
75 20
27 20
96 27
63 4
20 16
44 6
14 9
12 9
65 11
63 49
34 34
10 3
63 24
85 6
69 29
71 53
88 34
90 3
44 12
39 37
83 7
65 9
71 3
18 3
84 17
76 54
84 54
96 61
70 49
73 24
81 5
79 74
85 40
63 50
94 20
93 11
20 13
23 14
32 15
98 7
48 8
41 37
15 3
45 31
70 11
16 2
86 15
63 16
72 23
71 2
6 2
24 15
92 57
4 3
47 2
72 71
9 2
31 23
67 32
91 75
96 92
36 9
15 8
91 82
89 45
19 17
17 9
6 4
34 9
26 14
38 24
24 11
53 46
63 50
25 22
68 48
5 2
35 13
49 34
53 32
99 26
24 7
71 2
28 20
93 23
97 6
25 7
63 12
32 31
86 58
28 19
4 2
84 71
98 93
6 6
62 59
41 22
24 12
7 7
87 80
14 2
17 10
44 43
67 59
59 36
27 2
4 2
92 64
31 3
20 14
53 4
58 2
33 18
87 70
64 5
77 63
18 4
54 36
14 12
38 33
71 31
54 50
32 9
43 33
78 11
64 17
76 14
35 3
41 38
44 11
26 2
45 35
5 3
12 9
68 46
15 2
10 3
98 21
96 25
83 82
78 27
70 45
30 23
65 64
70 41
25 10
43 20
5 2
37 8
40 23
70 36
91 5
96 61
80 73
51 34
55 2
34 5
83 71
96 28
6 4
14 6
80 64
71 12
95 95
29 26
4 2
52 31
87 71
71 15
63 35
60 29
95 36
53 23
63 7
17 4
50 7
33 16
34 26
19 8
94 80
70 36
45 11
33 12
100 8
83 31
59 48
34 15
79 73
95 59
88 52
30 20
18 18
77 67
28 8
80 7
4 4
3 3
79 65
43 9
42 12
29 11
12 9
11 8
7 7
26 14
69 7
4 4
53 21
48 37
77 10
21 3
21 18
72 12
53 12
58 15
89 4
14 3
25 11
40 19
3 2
60 21
18 6
5 5
38 31
68 51
87 28
21 12
69 10
48 47
3 2
24 9
58 14
20 2
46 21
87 57
59 41
90 26
36 18
57 30
38 22
37 28
94 51
72 61
39 31
62 20
95 21
14 8
47 38
22 22
100 85
47 2
64 55
89 43
86 2
14 14
97 61
75 64
25 7
42 4
45 40
11 11
89 36
71 23
92 87
58 13
28 13
53 6
60 44
47 45
63 45
67 44
74 9
97 24
77 55
20 9
40 2
82 14
56 49
56 19
56 16
60 41
33 24
27 3
68 63
63 20
91 71
56 24
5 5
23 4
41 30
70 31
31 29
71 51
74 44
68 28
95 61
81 60
59 18
18 14
64 52
2 2
28 28
100 68
38 20
22 8
24 14
28 7
62 46
23 6
66 65
94 32
35 13
22 11
74 71
16 14
8 5
72 63
19 4
66 28
61 51
70 50
60 2
55 48
21 16
87 71
73 52
21 21
24 24
4 3
31 31
56 12
37 27
54 24
71 51
59 41
28 11
66 49
9 9
14 7
84 47
67 42
10 2
73 53
37 30
30 6
71 7
85 75
16 4
14 8
65 19
2 2
5 2
13 12
83 63
23 16
73 54
69 36
9 6
53 44
28 14
62 42
28 25
37 18
62 55
40 25
99 7
27 17
8 2
23 7
88 16
100 65
16 12
64 37
76 30
43 25
22 21
60 13
35 4
43 20
73 39
3 2
75 60
26 22
37 2
68 49
18 16
23 3
53 37
45 10
9 9
71 26
93 55
100 71
58 27
64 2
59 13
88 19
83 63
47 25
59 38
89 35
96 96
6 6
76 11
68 7
62 33
48 31
2 2
82 5
82 77
89 11
96 66
94 58
87 60
38 20
25 19
3 2
52 11
81 69
89 17
54 8
95 38
58 54
100 88
68 15
36 36
77 25
58 5
35 25
41 3
45 41
5 5
87 26
2 2
52 43
63 23
57 14
57 32
68 48
24 6
43 33
66 28
32 4
54 25
63 8
46 34
72 8
12 8
75 68
93 55
19 19
6 2
25 17
56 42
90 49
47 6
96 86
52 52
80 75
78 33
50 24
31 3
52 7
55 17
73 4
66 24
69 65
38 23
56 51
45 34
48 16
54 44
12 6
4 3
13 4
62 5
76 10
19 18
16 5
23 17
11 4
31 25
90 15
60 8
67 65
54 9
22 5
83 3
35 18
50 40
42 24
62 39
98 97
30 2
93 15
16 15
80 41
88 23
68 30
27 4
43 20
86 31
9 7
40 23
35 26
64 59
97 95
31 3
95 48
21 16
3 3
72 48
68 12
71 45
17 5
88 73
97 24
76 25
87 70
25 5
56 6
79 49
8 8
87 51
80 33
21 7
100 92
85 41
94 6
2 2
78 49
91 89
43 9
7 3
24 12
35 21
94 37
77 25
29 9
76 46
59 13
20 4
32 7
85 52
72 68
4 3
53 35
49 8
67 43
74 11
12 3
63 11
39 25
54 52
75 16
38 8
31 9
68 37
40 40
98 13
78 12
4 2
81 16
29 21
63 33
95 9
44 39
57 33
83 22
83 3
72 12
38 22
99 97
19 7
96 49
76 23
12 3
6 5
20 4
65 10
34 19
18 9
71 69
43 30
56 34
53 2
90 41
50 8
21 7
84 45
43 14
95 66
88 40
28 4
65 15
30 18
29 8
78 34
43 6
60 27
66 45
70 50
41 32
61 31
55 54
68 65
66 51
70 62
93 15
37 12
43 29
8 8
78 10
17 2
37 6
85 22
86 4
3 2
22 17
66 10
15 12
46 19
64 55
11 3
17 17
72 10
65 64
91 23
18 16
74 31
71 5
62 30
65 19
78 8
30 8
85 15
17 11
71 5
92 69
11 5
53 31
63 13
72 62
99 9
46 29
41 7
39 36
18 15
3 2
69 52
3 2
76 19
42 3
82 52
6 5
43 22
61 37
70 66
16 13
5 5
26 23
9 6
73 50
17 14
4 4
66 39
23 22
68 40
93 23
66 64
16 11
35 22
39 32
85 32
34 3
29 26
30 12
71 67
77 77
20 8
83 69
50 20
43 35
11 5
9 3
41 38
63 42
39 37
72 53
20 8
23 2
37 2
89 84
42 36
99 93
13 7
45 25
74 22
15 14
78 19
18 2
27 11
29 20
74 14
69 20
28 4
77 66
31 15
75 27
36 26
70 69
48 45
2 2
53 7
47 45
59 6
85 38
63 2
39 11
27 5
19 5
83 32
33 8
79 20
63 25
29 13
65 23
33 21
71 31
90 55
77 56
90 57
28 11
62 12
60 38
66 28
97 30
62 23
29 6
64 34
63 15
57 6
30 24
82 2
36 28
92 43
83 57
93 3
37 24
55 25
58 36
41 17
22 9
30 23
98 53
58 15
37 25
88 54
38 10
95 55
29 8
26 18
59 46
56 45
85 22
46 21
44 10
13 7
54 23
54 28
79 26
93 20
51 46
22 10
33 30
79 17
59 54
88 85
97 21
91 50
22 6
58 30
11 8
92 69
9 3
92 39
78 51
35 12
24 24
87 59
45 37
95 28
58 2
97 57
90 52
21 9
58 23
46 21
38 12
22 20
63 31
34 33
72 63
77 24
20 5
64 11
33 22
31 2
50 25
84 30
87 34
66 17
87 17
8 6
5 3
74 15
30 2
98 93
95 29
36 5
43 22
4 2
25 23
39 28
64 47
87 43
8 6
53 40
49 38
77 74
76 15
25 13
84 77
67 54
11 10
80 47
85 77
59 44
77 74
11 11
81 31
30 22
57 45
95 57
63 11
45 12
100 86
27 2
25 10
81 60
38 29
64 24
49 25
74 49
63 56
91 49
58 27
83 47
82 6
40 31
26 3
78 20
58 14
59 4
13 5
84 37
67 30
20 5
70 33
82 81
37 24
52 26
3 3
80 44
87 55
92 24
14 11
47 34
53 18
26 16
44 38
10 8
87 78
5 2
49 8
48 24
40 34
30 21
16 10
55 54
63 49
21 18
50 26
52 23
6 5
27 2
37 15
22 11
45 31
2 2
20 4
38 34
30 27
99 14
16 7
73 7
41 9
35 18
10 4
55 55
35 7
99 2
15 2
46 43
44 24
60 59
68 36
50 22
58 36
49 42
48 4
61 31
10 2
12 12
60 56
78 48
88 17
65 41
52 24
39 3
58 10
84 83
85 8
60 28
39 37
4 4
58 56
35 32
57 20
24 7
16 15
75 52
42 8
53 41
29 7
88 56
19 17
16 14
55 49
99 90
39 14
26 8
60 59
13 4
70 41
52 36
30 10
60 5
99 30
47 19
88 3
43 21
27 19
91 28
25 8
77 19
41 40
62 9
85 32
73 35
81 75
49 29
3 2
78 13
35 20
27 24
84 43
70 65
70 50
4 4
64 53
34 5
27 6
55 16
5 5
27 27
5 5
87 47
85 35
7 6
38 14
68 2
58 27
23 18
7 4
52 44
48 38
70 65
19 6
14 7
64 52
73 62
12 10
53 9
35 8
41 41
10 3
14 5
3 2
60 42
22 19
21 13
73 27
31 2
43 22
14 14
74 45
85 67
61 24
28 13
30 21
50 19
96 11
2 2
33 4
85 72
59 38
31 15
71 8
38 38
78 64
56 32
9 7
55 29
52 41
72 64
13 3
34 6
97 36
25 12
40 33
50 28
61 50
29 16
37 18
86 36
90 67
96 16
92 86
35 19
41 35
60 20
31 14
12 6
45 21
84 6
95 92
20 2
69 69
57 8
17 6
61 23
73 5
98 29
85 75
91 15
13 13
61 61
42 30
5 3
94 48
94 9
88 29
9 2
41 41
54 8
4 3
20 8
49 10
51 38
23 12
28 4
51 2
53 4
50 35
24 11
76 53
19 14
18 16
33 5
16 10
83 57
100 99
68 29
80 78
68 60
21 14
61 40
97 36
27 21
52 12
53 40
32 30
63 31
17 8
69 10
20 18
17 5
28 27
27 22
75 43
2 2
18 14
11 9
22 12
52 31
67 37
25 7
19 15
71 58
12 6
55 49
66 20
80 44
45 5
23 4
12 8
16 2
40 14
32 24
5 3
12 11
78 55
15 6
35 3
24 22
75 74
30 15
79 28
55 29
87 31
56 56
37 11
95 72
82 10
94 55
72 64
67 60
3 3
88 23
36 16
85 68
49 8
52 44
70 5
71 56
25 22
70 42
56 46
97 50
28 24
99 48
79 53
35 9
21 12
43 36
6 5
87 35
91 6
24 4
49 25
31 15
8 6
45 36
90 83
57 46
28 14
67 23
91 23
85 63
7 3
65 54
27 10
57 8
13 11
25 17
83 42
15 6
62 46
74 65
14 3
64 20
92 46
90 60
61 54
97 77
85 8
3 2
40 23
88 64
57 46
8 4
11 7
29 28
37 14
71 9
45 6
5 4
30 29
81 34
98 17
75 14
29 16
17 11
55 28
59 10
62 16
97 61
96 51
46 28
73 36
22 21
73 32
60 11
36 32
54 3
83 54
48 23
60 17
6 3
69 15
55 16
70 25
97 17
93 24
52 12
88 36
31 27
16 15
21 10
29 5
13 7
24 20
12 12
78 64
52 39
49 41
58 5
34 31
42 3
94 67
82 26
10 7
6 3
47 22
48 10
78 63
92 48
56 30
99 50
63 24
58 20
19 2
5 5
81 58
38 11
79 14
27 10
81 46
14 6
12 3
94 74
30 19
72 36
74 64
87 44
29 8
16 15
2 2
97 81
5 4
53 5
97 37
30 21
58 9
83 54
12 4
14 6
22 22
9 6
42 2
59 35
82 57
60 25
20 4
94 80
18 14
45 10
56 3
44 12
70 67
74 41
48 36
9 3
85 71
48 34
51 7
65 52
36 16
17 3
82 7
3 3
11 2
3 3
61 12
76 35
99 78
77 35
50 44
37 3
16 12
34 5
22 15
11 8
94 89
59 4
39 6
100 41
83 62
75 34
18 4
100 41
4 3
44 29
75 47
93 41
30 20
92 36
32 12
67 45
44 24
87 59
55 39
46 5
12 6
15 7
47 44
86 5
21 12
16 9
10 10
45 40
91 41
18 2
99 32
61 6
17 6
96 39
37 17
92 78
23 13
62 10
11 11
29 20
94 86
65 40
67 28
90 30
45 25
81 59
88 14
27 22
79 24
37 32
77 73
7 5
90 85
90 28
69 16
19 5
3 3
79 37
3 3
18 16
98 20
86 78
73 29
24 7
38 25
78 50
39 14
5 3
40 37
4 2
99 72
14 8
4 3
11 11
74 43
88 30
65 5
67 8
86 63
66 28
45 43
80 27
13 10
45 41
19 2
66 30
19 7
67 6
61 33
96 34
35 15
82 63
80 18
48 21
88 74
76 64
46 11
5 2
18 2
36 31
79 45
33 6
2 2
58 9
3 3
64 46
82 8
41 27
43 11
26 5
68 12
89 41
50 40
15 11
31 24
98 21
79 34
31 18
51 20
61 54
19 17
31 3
31 12
19 12
45 8
87 34
14 14
61 23
47 38
93 29
98 6
62 42
16 12
19 14
69 25
18 16
52 32
16 5
59 35
37 34
42 33
80 49
70 7
48 25
15 2
55 30
25 6
40 21
3 2
33 10
86 47
94 53
91 44
28 24
67 29
13 8
94 10
54 21
24 7
56 9
41 21
45 41
13 10
53 10
35 16
53 10
61 50
25 22
36 12
20 7
20 9
59 40
15 7
77 7
35 26
75 7
77 6
69 11
23 5
7 7
13 6
20 2
51 42
96 65
60 5
22 7
27 6
85 3
49 20
21 12
46 12
4 2
22 20
65 46
85 82
72 5
29 13
5 2
30 30
35 17
32 32
37 29
85 4
96 2
37 22
57 35
28 28
93 2
82 50
2 2
88 57
59 48
69 21
69 9
24 9
61 35
12 10
29 5
45 39
93 43
11 9
49 41
67 30
93 12
2 2
66 12
19 8
31 28
54 22
7 7
63 56
51 18
94 12
22 13
30 21
32 12
78 23
49 49
21 4
7 6
15 4
20 13
21 16
6 2
67 51
41 19
31 31
47 14
68 10
13 11
75 59
46 4
29 21
82 60
15 2
56 14
4 3
83 52
9 5
22 14
44 11
57 17
55 27
29 10
43 12
6 2
4 3
25 11
85 18
23 9
62 38
95 81
89 62
68 41
83 9
89 8
95 16
100 68
34 34
19 9
5 4
89 21
36 29
12 10
35 22
29 6
34 33
40 35
69 12
58 48
45 31
56 46
84 11
19 13
52 6
59 3
90 33
2 2
51 32
87 17
98 24
37 11
12 6
76 51
62 37
56 35
34 22
36 19
78 52
20 6
76 22
35 33
72 42
52 37
97 24
29 11
49 18
85 79
93 90
29 12
92 67
38 15
36 17
97 31
38 30
60 46
19 16
10 9
27 2
41 4
52 47
38 23
93 23
32 2
76 47
18 11
7 4
57 56
77 64
18 18
17 17
81 64
90 12
60 39
99 81
58 23
49 31
54 5
44 10
19 19
97 44
59 48
85 9
52 33
71 68
86 10
61 27
15 14
2 2
71 22
94 80
78 44
22 9
100 47
52 33
95 37
69 6
65 39
61 4
39 38
100 23
72 25
93 16
69 10
90 51
53 50
26 23
71 57
32 26
79 5
86 71
55 26
85 65
15 4
42 42
77 63
47 46
28 21
46 30
39 5
24 2
12 7
83 33
62 20
69 36
35 25
38 23
10 6
85 65
70 51
87 53
17 10
9 8
2 2
68 40
8 6
67 6
8 3
9 4
8 8
23 19
49 35
32 5
73 24
61 38
73 27
91 49
26 7
94 62
50 43
90 50
78 11
73 16
80 73
77 42
100 86
80 42
12 6
74 63
21 11
38 29
8 7
82 27
58 28
30 30
14 4
7 2
27 6
6 6
53 15
29 22
19 17
46 41
26 14
47 29
87 65
93 33
36 35
40 35
4 4
10 4
58 10
45 13
19 12
15 5
16 13
25 20
71 70
93 88
32 24
25 4
40 26
22 3
87 33
20 12
37 4
57 29
98 40
97 73
92 83
38 33
83 5
3 3
74 28
66 15
25 10
46 3
47 18
28 12
63 41
29 6
81 48
94 89
92 21
78 47
35 13
53 16
9 9
80 67
99 21
65 6
66 44
71 69
96 25
91 83
84 77
96 77
62 20
89 20
6 4
65 41
76 70
8 8
28 25
81 4
26 25
78 8
26 3
66 51
37 36
33 26
56 2
11 2
65 14
4 3
58 28
41 17
25 25
24 8
85 59
92 80
75 9
34 31
16 11
89 16
19 12
30 9
79 69
86 58
8 4
90 14
66 25
40 39
32 11
76 39
80 80
52 14
60 22
88 13
27 7
22 19
94 3
71 31
63 41
27 22
67 31
97 18
83 27
31 28
80 35
44 23
8 7
45 20
94 54
85 65
92 82
49 33
7 3
62 28
88 33
86 30
82 11
59 31
47 25
46 3
2 2
58 22
99 33
66 27
12 7
9 2
37 13
21 7
87 64
65 32
56 3
13 13
23 5
55 12
73 39
40 26
70 24
66 62
43 7
86 53
76 61
29 17
85 42
38 17
100 24
83 29
51 15
58 12
89 52
18 12
62 44
72 18
80 29
15 14
50 26
69 33
26 25
86 19
13 8
7 3
12 12
7 2
54 47
39 11
73 63
95 57
68 4
25 4
57 17
49 23
41 41
71 5
46 39
50 38
48 25
55 33
18 11
65 15
42 32
81 19
67 12
36 31
66 46
43 13
98 19
2 2
61 23
54 20
25 21
5 5
75 73
87 12
64 58
6 3
99 33
29 17
25 17
85 55
32 9
48 3
51 45
74 60
40 32
19 4
23 17
17 12
57 31
18 15
69 13
15 6
13 5
47 30
31 3
77 62
3 3
30 22
92 69
68 56
85 24
54 49
78 52
11 7
40 20
36 17
53 35
95 95
99 56
24 9
89 61
85 72
75 46
95 95
73 37
71 50
60 55
42 7
3 3
56 48
78 52
25 21
14 12
33 12
38 10
23 12
48 30
70 2
38 21
45 15
92 34
41 18
23 3
74 55
67 31
75 39
69 14
31 20
92 8
86 79
96 54
59 19
73 50
91 90
62 9
100 84
22 12
92 13
69 54
60 18
75 35
77 15
88 34
23 2
21 12
97 39
28 15
82 53
92 75
8 6
45 24
19 4
64 52
40 30
38 35
89 71
20 14
58 58
8 4
45 39
3 3
53 8
80 35
35 20
76 30
6 6
91 76
49 27
71 34
26 2
58 46
86 47
95 22
54 2
82 68
93 31
20 9
80 26
28 14
52 26
44 36
59 36
61 6
46 14
67 8
50 49
89 81
80 24
58 30
59 10
76 24
28 13
97 53
93 48
52 17
45 27
46 15
53 47
10 2
74 38
8 7
24 20
82 31
81 51
24 4
37 23
37 36
71 56
80 14
47 7
48 37
6 4
35 23
18 14
18 11
45 9
9 7
33 18
71 35
5 3
40 33
38 32
90 20
81 10
85 12
82 49
89 48
2 2
53 5
94 46
74 60
62 36
6 3
16 8
16 9
87 21
44 33
41 27
47 34
38 32
90 2
69 60
5 5
11 10
74 18
82 62
23 22
23 22
48 14
44 17
42 2
72 25
17 9
94 43
13 6
84 81
92 17
18 8
47 35
28 10
4 4
67 21
32 10
75 32
63 45
42 15
14 5
94 38
17 13
46 32
60 48
98 97
61 57
25 4
37 21
99 82
36 28
75 16
8 2
56 18
51 19
62 41
37 28
41 37
17 2
88 87
58 42
10 2
27 3
16 9
90 17
65 53
10 9
61 43
81 31
41 14
43 9
73 33
67 36
45 38
38 26
96 95
30 9
64 11
51 21
15 4
20 19
69 2
99 59
37 22
10 5
11 3
89 84
14 2
44 6
91 60
33 12
61 43
7 4
7 3
44 19
74 33
33 24
78 16
36 3
14 11
57 13
80 21
43 26
21 9
73 65
29 25
56 41
72 17
74 65
40 30
30 20
46 38
5 4
93 53
68 4
60 39
72 19
17 7
87 39
89 12
28 4
40 40
52 39
19 6
85 14
77 35
52 29
68 54
93 20
38 17
65 34
15 3
99 20
21 2
67 57
14 8
93 15
100 45
96 63
88 76
18 11
8 8
85 84
20 2
37 28
69 48
10 3
44 26
21 2
57 21
17 13
45 13
76 50
9 5
67 59
85 15
45 39
100 36
7 5
37 28
15 7
67 23
4 2
31 15
43 41
54 5
43 31
34 33
25 11
38 4
20 14
25 19
78 42
72 67
99 10
14 13
56 14
29 25
39 15
40 19
98 73
33 18
72 38
30 29
25 22
43 15
65 51
38 21
42 8
20 17
45 14
14 12
4 4
20 20
80 18
93 35
86 76
8 6
33 20
11 6
58 49
25 6
51 42
26 7
39 38
45 43
60 6
29 22
37 11
11 2
94 78
59 58
72 12
97 70
55 55
70 47
32 28
94 35
68 57
18 11
56 5
43 12
93 62
9 5
3 3
77 19
84 76
28 11
6 3
73 56
47 28
55 7
90 19
80 11
10 3
42 36
18 2
72 20
37 6
2 2
2 2
47 36
79 34
24 8
44 9
81 58
89 84
86 29
91 76
50 34
75 43
14 6
44 31
43 27
2 2
55 19
31 21
52 44
16 11
94 36
99 51
49 43
36 21
26 3
42 31
59 18
50 5
18 7
10 10
53 37
88 25
74 31
83 75
6 6
73 30
4 2
22 19
38 24
18 14
34 26
4 3
32 12
38 31
96 66
56 22
69 21
71 12
92 60
60 57
38 7
80 43
2 2
73 15
15 10
10 8
87 43
51 37
39 6
4 2
62 40
91 77
5 5
55 21
13 3
5 5
89 52
9 2
50 42
66 10
97 94
35 19
33 10
21 3
15 13
43 20
84 36
20 2
94 78
64 32
95 57
68 15
6 5
20 7
68 36
26 11
10 6
60 59
45 28
9 7
74 73
54 19
61 28
58 47
96 82
95 65
30 11
98 49
95 92
65 24
4 2
85 62
55 10
71 28
68 62
72 43
50 9
54 53
89 78
73 52
85 48
94 66
33 30
68 54
90 25
11 4
32 30
33 33
14 9
56 34
34 26
12 6
84 26
62 23
94 47
86 23
46 26
50 25
91 57
17 16
27 23
87 58
28 16
52 10
29 8
63 8
72 62
93 57
25 15
29 22
30 28
85 77
97 54
41 5
9 8
38 20
92 28
53 38
53 6
23 6
95 10
31 18
71 43
80 41
82 34
82 48
7 3
71 30
23 11
7 2
69 61
34 11
51 11
72 18
80 69
62 32
14 11
70 28
18 6
72 63
90 74
48 32
6 5
94 92
68 22
88 7
4 2
90 26
76 60
94 4
28 11
42 42
47 9
12 2
10 6
53 24
87 50
46 42
77 46
89 18
3 2
76 29
70 62
31 16
30 11
35 2
25 14
59 32
40 27
29 4
78 59
3 2
63 42
11 11
47 35
28 15
70 37
45 41
10 7
4 2
83 69
35 15
87 56
48 40
54 20
3 3
37 19
79 13
13 3
95 93
22 3
7 3
67 41
47 41
37 30
82 10
72 37
43 35
60 54
39 34
61 13
98 62
27 12
84 77
94 36
68 8
25 19
77 26
82 67
66 39
37 3
49 30
37 35
22 17
57 17
87 81
79 68
31 28
47 13
27 17
89 57
4 4
49 46
29 17
51 34
88 55
64 24
69 30
40 28
41 9
50 34
45 43
8 7
86 55
95 60
12 8
71 47
49 21
86 21
17 17
19 6
2 2
60 47
75 66
49 33
55 18
68 7
88 64
50 3
100 40
57 56
28 14
19 18
83 68
74 50
51 46
65 37
30 8
65 53
66 23
42 2
38 10
23 6
3 2
33 7
52 23
28 24
72 11
74 22
75 49
73 73
38 10
46 44
24 10
48 32
66 19
14 6
53 24
29 20
27 3
58 14
39 36
20 16
67 37
61 15
95 91
19 2
21 21
56 29
12 10
76 57
54 33
69 29
66 41
42 18
96 47
38 24
61 6
56 28
31 29
49 12
5 2
74 2
97 14
78 43
94 68
75 15
87 71
60 25
74 2
17 5
2 2
60 16
79 48
35 2
48 20
30 8
65 37
15 7
33 33
64 4
92 33
98 25
8 8
60 50
6 2
36 34
81 57
6 2
15 11
94 9
17 3
88 19
59 36
31 26
75 37
24 5
86 18
40 10
93 81
65 45
8 5
11 11
18 18
19 7
20 19
43 38
55 35
44 11
12 10
54 40
93 90
65 45
100 89
10 9
8 8
47 26
30 30
10 5
71 12
66 20
78 63
5 3
24 18
38 18
67 60
61 7
98 16
55 20
20 13
87 2
91 90
29 8
53 14
100 42
45 40
61 25
64 32
3 3
91 10
87 57
31 26
11 8
68 3
99 29
7 4
11 11
99 49
68 28
77 46
50 7
91 14
85 82
12 8
100 40
81 16
90 67
10 8
77 52
47 40
51 47
9 6
16 12
24 21
16 13
75 57
12 9
88 59
38 18
69 12
78 5
83 83
79 49
42 26
64 49
34 8
14 4
80 43
38 17
23 14
85 84
22 14
21 16
56 52
11 3
22 22
44 22
83 82
50 14
85 15
85 33
7 2
26 2
32 11
70 26
39 4
26 22
98 68
87 69
76 37
47 41
39 37
46 37
92 57
33 8
70 26
100 53
85 85
48 17
80 28
34 15
93 70
8 3
2 2
91 58
32 24
37 35
39 36
90 82
18 12
80 32
17 2
39 17
98 30
46 23
45 40
20 16
21 4
94 42
17 7
12 5
84 15
51 23
42 5
70 66
74 51
67 42
6 5
58 55
99 2
8 2
6 5
6 6
22 15
26 14
61 13
55 44
79 74
94 90
87 35
19 13
90 71
56 53
20 16
15 7
9 5
26 5
56 17
68 28
35 16
22 3
13 10
86 77
41 5
36 19
99 51
68 58
32 18
37 23
73 33
23 13
71 49
45 33
56 31
54 50
82 76
78 3
39 18
11 8
48 8
8 6
10 5
96 64
19 2
29 14
99 88
66 11
58 48
73 64
50 34
26 4
94 57
14 9
22 4
8 2
63 46
35 5
22 18
22 18
50 33
20 16
63 4
74 20
48 45
94 42
2 2
45 16
85 64
68 9
79 45
80 5
28 23
36 17
30 25
32 4
38 6
56 19
31 23
29 13
33 22
32 8
76 11
55 30
48 26
29 24
15 10
7 6
79 21
63 10
100 72
31 24
32 31
12 4
30 21
86 38
13 6
67 65
30 24
33 17
88 5
92 37
50 33
34 26
97 32
4 2
20 14
92 11
7 3
48 31
48 7
56 47
54 12
80 48
49 9
66 63
9 8
73 22
68 57
9 2
24 4
25 23
5 5
77 74
4 4
49 17
5 4
80 76
66 18
68 14
52 11
71 66
19 15
25 25
25 22
6 5
59 53
70 23
4 4
57 16
89 45
91 22
38 38
25 3
66 35
50 15
88 32
63 58
83 23
47 32
24 15
86 75
66 56
35 33
96 4
20 4
56 40
86 25
30 24
100 69
9 9
9 5
56 40
44 33
34 21
91 61
83 31
53 48
50 42
60 34
53 44
23 9
4 3
38 16
23 2
18 18
32 6
61 10
38 37
15 15
85 43
15 8
58 30
24 23
12 9
27 14
74 73
81 47
86 77
43 29
78 75
56 53
41 15
6 5
53 48
17 17
32 28
95 7
29 9
69 30
31 8
33 8
34 7
68 6
55 44
4 3
60 24
53 34
66 38
16 13
76 64
37 10
92 48
47 25
42 22
93 20
30 21
28 24
13 13
38 9
56 31
44 18
63 5
33 21
5 2
29 27
60 32
32 22
41 36
46 38
29 20
53 24
10 7
54 28
35 11
20 9
32 26
11 6
43 4
31 2
20 10
63 53
59 25
57 38
18 17
79 8
11 6
21 3
55 5
59 41
97 39
25 10
91 59
26 3
16 7
40 11
100 70
54 44
88 31
26 16
88 77
63 46
69 48
10 4
59 37
42 4
5 5
68 60
98 8
34 23
29 28
40 11
20 5
76 49
36 7
79 30
97 51
12 8
47 13
8 3
28 18
77 72
33 18
88 59
54 10
84 67
20 14
22 2
99 87
22 14
26 13
99 78
32 21
85 63
47 10
26 7
46 38
91 4
61 14
69 62
84 82
37 11
69 48
63 58
75 26
63 33
79 51
84 29
16 16
9 6
45 33
50 15
82 13
45 40
17 7
23 7
41 33
27 21
36 23
99 92
32 25
8 3
25 13
31 19
40 10
57 24
7 4
36 28
72 40
62 62
41 35
2 2
13 5
24 2
92 74
7 4
84 33
67 38
80 28
35 28
21 19
41 30
29 4
67 53
18 17
89 20
53 37
45 42
72 60
78 7
89 50
47 10
10 5
93 69
20 8
21 18
99 87
34 27
28 27
97 58
75 57
78 20
45 34
62 44
13 12
17 7
21 16
53 17
27 26
26 15
53 50
41 31
84 13
73 70
92 68
67 51
10 9
32 15
40 19
49 38
57 54
87 12
99 77
15 11
92 28
14 5
5 3
47 11
79 69
19 18
43 20
16 8
28 20
29 2
39 38
71 59
78 3
73 42
41 7
50 18
88 10
24 10
76 32
7 3
84 52
6 3
48 15
11 4
16 8
70 49
98 27
52 27
45 4
9 6
91 69
76 9
92 73
21 13
84 56
69 3
66 36
21 13
90 66
48 25
26 13
50 25
82 9
14 3
39 36
4 3
87 86
10 7
20 19
28 25
35 10
71 17
5 5
44 11
2 2
93 13
24 2
26 21
68 46
7 5
62 6
20 3
55 39
53 24
69 65
49 32
24 12
7 2
29 20
60 37
15 4
29 28
13 9
89 36
12 2
80 22
88 21
94 34
6 3
9 2
77 63
52 29
8 8
68 34
81 41
18 11
94 70
76 43
21 18
26 14
82 17
71 41
12 8
75 37
16 16
19 19
6 3
10 8
57 9
19 14
83 54
17 11
95 67
16 4
84 8
83 52
98 15
27 25
56 2
27 2
88 8
100 10
12 6
5 4
50 26
8 6
98 56
62 21
33 28
26 17
82 38
33 14
39 24
40 14
78 30
24 12
34 13
24 18
90 57
8 6
37 2
83 20
11 3
52 6
94 56
14 10
14 9
50 48
26 22
44 7
7 2
87 42
64 5
62 36
50 48
99 83
70 23
93 69
34 31
77 64
87 59
73 28
49 9
33 17
100 8
59 26
36 30
20 13
23 17
13 5
7 6
25 9
80 15
2 2
15 4
5 2
62 4
39 30
67 19
84 8
7 6
75 41
57 8
57 5
55 14
6 2
72 71
4 3
82 66
24 19
30 17
69 59
6 3
44 22
14 13
59 18
7 7
52 44
69 46
41 19
55 25
94 73
43 25
37 33
40 28
22 5
76 50
65 33
60 12
38 33
59 31
46 45
65 28
24 4
43 23
93 72
48 37
49 46
23 21
2 2
7 2
15 6
35 3
96 19
58 8
69 42
87 53
97 85
78 22
7 2
40 19
42 33
3 3
26 13
12 12
55 35
21 11
4 4
12 2
43 33
80 39
27 23
44 16
59 12
3 2
4 2
93 28
77 45
7 7
63 31
6 2
31 2
28 22
35 27
50 4
36 36
80 63
16 6
5 5
11 8
55 26
17 10
16 3
42 14
38 8
45 4
14 9
14 12
46 45
25 3
60 13
70 23
14 4
11 5
65 25
54 33
84 22
35 10
3 3
25 14
47 39
37 8
24 18
64 63
54 41
18 13
65 60
46 3
84 46
44 40
35 16
55 50
99 81
58 28
17 7
25 15
45 28
9 2
90 87
94 83
62 35
86 70
67 56
85 52
40 31
47 46
60 35
14 10
41 38
44 24
87 44
87 8
62 49
41 11
11 10
80 21
41 17
73 53
52 47
4 3
76 53
50 35
13 12
23 15
10 9
37 23
40 15
68 3
43 30
14 13
31 24
3 3
22 17
66 28
72 48
50 11
62 10
41 22
60 29
39 15
9 6
51 17
25 21
11 9
80 27
35 16
11 3
93 25
96 12
35 19
18 10
96 81
27 15
65 17
8 4
12 3
89 56
58 43
18 4
68 50
98 21
58 28
88 32
49 39
100 44
94 5
33 15
61 38
60 36
79 43
73 64
25 7
47 14
41 28
32 6
87 42
53 33
19 16
45 4
41 37
76 64
42 15
46 23
72 16
83 28
85 76
25 21
14 11
66 57
86 40
6 4
32 13
89 50
39 36
11 5
10 2
80 58
20 5
47 3
63 52
8 4
96 94
2 2
19 14
63 7
34 23
73 5
34 4
67 66
11 6
99 77
95 56
59 17
69 25
85 48
60 27
46 32
42 32
63 59
44 20
3 2
10 10
36 25
14 8
24 10
83 53
92 39
66 44
49 8
72 38
31 27
53 33
72 5
21 12
82 50
57 57
46 14
27 14
49 44
31 21
28 13
64 15
95 15
36 3
88 35
85 35
37 2
25 23
91 35
31 10
98 35
7 7
38 12
10 2
64 53
62 23
9 2
30 7
81 7
53 48
18 14
88 11
65 7
92 5
69 27
57 15
47 38
29 29
32 13
98 68
12 4
94 87
10 6
15 8
19 2
76 51
55 19
36 21
90 75
66 21
61 41
13 13
59 25
58 55
35 8
16 3
23 3
32 19
11 2
93 51
2 2
81 81
4 2
11 11
54 16
90 45
95 75
22 15
33 5
87 32
51 3
17 2
20 14
18 4
6 2
16 12
20 19
54 28
73 32
48 43
76 37
90 31
61 30
54 36
21 5
90 12
91 12
39 26
9 8
71 19
49 15
54 23
30 7
56 5
88 10
46 39
20 5
9 9
66 25
20 14
42 17
34 17
69 3
89 43
50 34
75 56
15 5
15 4
84 26
42 35
22 19
96 60
84 43
97 9
62 23
86 69
53 24
60 23
70 51
50 38
42 20
64 39
49 47
56 17
61 2
30 4
19 16
66 65
95 66
85 7
20 20
79 22
53 43
92 48
58 32
14 7
49 49
48 4
88 80
24 17
5 4
89 77
85 2
91 72
86 42
23 17
41 39
35 28
20 6
59 27
40 38
60 27
61 30
30 7
71 57
50 4
14 10
37 9
18 9
37 29
33 11
53 21
30 3
35 28
56 12
52 36
42 17
68 50
52 16
35 5
84 60
49 35
95 36
69 4
43 13
66 15
60 60
25 12
39 39
60 2
61 54
85 13
63 13
57 17
45 31
81 11
99 85
80 76
41 39
88 16
90 54
100 76
7 3
79 43
64 19
73 43
59 51
8 6
92 56
50 14
18 11
5 2
95 61
44 20
78 65
60 51
9 9
60 41
19 7
10 2
62 5
70 51
12 6
89 21
79 64
64 21
3 3
79 25
94 79
97 47
90 2
31 11
89 34
64 22
68 62
96 26
38 19
99 80
35 28
48 25
5 3
50 17
40 20
85 42
9 6
27 4
68 34
93 19
3 2
48 7
40 8
19 18
81 48
55 27
12 11
11 6
10 7
40 21
25 12
95 46
11 11
46 42
86 63
34 11
61 4
29 24
80 72
72 35
89 86
71 52
21 11
68 44
38 18
82 55
48 41
58 43
75 36
97 37
57 56
60 12
68 41
69 53
37 4
75 21
73 72
11 7
25 6
29 3
93 30
66 2
38 35
90 84
38 27
64 58
47 41
44 17
29 27
31 5
36 24
10 10
92 91
23 23
77 63
98 96
70 55
67 53
36 6
68 53
65 11
16 16
60 45
62 19
26 13
86 5
17 13
50 38
79 49
97 60
62 41
71 20
64 44
2 2
33 18
77 59
43 31
9 4
26 23
2 2
68 62
13 12
68 2
6 6
85 8
82 70
13 8
92 60
61 50
2 2
33 20
38 3
59 31
52 42
98 23
37 34
60 53
10 2
63 62
78 19
35 20
53 42
87 51
100 54
78 60
98 77
7 3
5 4
4 4
59 25
41 35
82 10
61 33
81 41
99 22
34 12
42 23
14 2
29 3
10 7
6 5
64 41
62 7
54 23
85 49
25 12
29 18
69 37
79 71
14 14
13 9
31 31
52 32
67 47
29 26
15 11
11 2
86 6
62 30
97 89
16 5
60 15
46 44
68 54
25 24
38 7
63 18
91 88
71 14
45 36
63 44
45 11
5 3
52 51
94 9
97 6
66 19
46 3
2 2
26 8
68 33
96 68
78 37
72 64
37 37
7 7
74 38
93 52
88 65
76 73
14 12
63 50
69 29
21 18
30 25
23 9
41 16
19 16
81 31
81 38
47 38
11 4
88 16
87 72
24 12
15 7
12 7
84 55
59 40
92 48
32 9
91 69
6 3
33 13
79 63
32 19
31 31
32 25
11 8
6 3
45 27
68 57
64 33
27 11
89 86
27 11
75 64
98 19
27 8
66 20
87 7
30 8
8 4
68 26
71 36
32 30
64 13
8 8
14 5
8 8
86 80
18 17
12 3
33 7
47 30
33 13
17 14
16 5
69 59
10 5
84 16
72 25
8 6
73 26
40 14
37 30
66 34
87 41
30 9
30 21
93 88
17 12
33 20
81 75
27 27
81 8
43 37
38 18
91 34
22 21
36 32
100 55
76 60
28 12
56 16
6 2
71 45
30 19
10 6
24 23
64 56
71 70
94 83
91 76
51 45
79 76
3 3
77 11
54 32
88 60
59 19
69 13
87 60
42 33
63 51
33 32
14 6
49 8
12 5
59 28
65 4
42 37
95 31
27 10
10 5
76 37
86 50
6 2
22 7
63 51
30 3
21 15
51 20
13 6
5 2
14 14
32 13
51 4
8 4
26 23
43 38
39 20
40 7
51 22
3 3
49 41
88 85
46 26
42 29
6 6
79 20
96 51
92 51
59 50
57 30
73 51
85 57
40 14
59 43
47 6
89 7
37 12
55 37
77 72
42 6
24 14
26 9
37 30
25 12
35 14
58 44
49 44
29 6
83 27
96 61
57 49
44 4
10 5
83 30
100 4
79 74
9 9
83 13
74 7
91 50
58 9
21 4
79 72
96 36
60 18
83 32
9 7
18 13
20 3
40 3
99 39
72 50
71 30
92 89
53 36
86 39
25 14
80 55
83 37
31 29
72 33
47 21
92 89
64 15
89 11
58 6
17 11
41 3
22 4
55 26
11 6
11 8
30 27
39 12
73 17
18 6
26 22
28 5
92 31
56 40
57 14
50 24
75 40
54 12
57 10
45 4
89 46
50 10
38 33
94 74
54 34
4 2
79 6
74 72
97 97
10 6
31 13
99 77
4 3
65 2
73 32
3 3
42 32
10 7
30 26
12 6
94 30
95 13
49 19
2 2
48 44
89 52
47 9
98 80
81 4
64 10
36 8
6 3
67 14
55 43
97 40
39 6
39 39
78 15
96 36
67 9
19 11
33 6
12 4
76 25
93 59
84 28
68 36
28 24
86 15
13 4
49 2
33 23
42 39
34 12
65 59
20 15
48 9
96 95
6 3
75 50
47 3
61 60
10 7
97 22
14 7
52 11
91 64
34 4
63 24
39 33
27 22
50 8
67 67
10 3
91 67
34 11
54 34
20 13
93 83
97 37
68 42
62 59
2 2
61 39
84 70
67 27
69 52
16 16
71 8
91 73
89 58
40 27
49 5
5 5
45 39
72 46
91 64
92 56
72 9
47 3
34 21
17 17
21 18
99 12
77 5
63 58
48 11
24 18
88 66
33 21
83 34
55 22
88 3
53 24
49 20
90 78
50 47
12 4
96 71
63 37
20 17
94 25
44 20
82 75
5 5
24 15
32 7
70 46
86 25
27 24
69 47
98 97
76 62
54 30
23 17
11 6
2 2
98 66
53 34
50 33
93 31
74 12
95 69
26 18
30 6
16 3
6 2
91 5
20 20
60 15
100 8
54 47
72 11
49 39
9 8
16 5
32 26
54 36
37 3
67 8
3 2
24 5
64 21
56 48
10 5
94 79
13 11
60 20
74 22
10 9
14 6
93 42
72 13
6 3
6 6
53 5
93 58
16 3
4 3
46 35
10 5
41 6
29 16
74 37
43 37
5 2
87 58
6 5
89 30
49 2
21 13
91 55
84 30
87 65
16 15
40 4
76 60
10 4
6 5
14 2
77 69
2 2
31 21
29 21
92 43
77 15
100 65
74 57
33 4
25 19
86 85
25 5
100 91
76 42
52 49
45 27
69 20
46 13
49 27
77 60
13 11
73 17
50 12
89 17
36 19
74 26
76 19
88 58
66 56
2 2
52 14
77 15
45 4
97 5
41 30
8 4
86 82
92 70
44 34
21 9
8 4
96 36
16 6
10 3
21 9
24 2
88 13
11 5
94 2
93 70
39 36
96 80
2 2
39 20
85 41
89 14
43 34
59 35
34 17
92 68
34 33
25 12
26 7
17 12
59 49
73 72
86 46
34 11
51 25
89 35
35 31
100 9
13 8
73 40
47 7
42 26
80 63
35 33
91 49
34 34
27 6
20 8
26 4
47 19
21 16
81 42
23 13
26 12
68 35
69 69
12 9
37 2
57 26
98 75
7 5
38 6
66 40
52 9
74 25
59 6
31 4
13 13
8 3
74 9
8 6
79 74
100 15
16 2
25 4
38 14
67 40
100 6
80 39
74 7
72 72
77 40
82 47
13 4
64 38
39 12
39 24
67 4
27 14
95 10
20 12
19 4
10 10
36 14
65 23
10 4
6 6
17 6
81 35
71 10
49 19
21 19
17 17
86 34
32 15
19 13
18 11
55 11
28 6
20 8
92 23
42 29
30 28
88 63
10 4
68 23
35 10
34 26
76 74
22 14
44 7
24 17
41 23
5 2
15 7
99 99
44 19
28 19
87 43
29 3
47 23
97 52
64 27
42 19
99 2
60 13
90 82
16 16
34 7
44 19
91 49
19 3
36 6
72 54
61 11
70 32
73 11
89 61
66 24
80 48
8 6
37 4
10 9
54 35
5 5
52 18
8 8
41 2
31 25
53 28
21 18
70 19
95 31
30 19
40 36
63 56
10 3
60 18
73 69
94 4
25 2
97 31
70 12
89 73
31 11
79 66
6 2
24 4
38 27
24 6
83 44
71 20
25 25
69 25
76 40
71 66
30 29
80 29
56 40
49 17
43 2
79 53
83 16
51 26
47 33
25 24
52 18
40 30
48 16
23 19
30 8
61 18
48 12
3 2
41 28
76 24
79 6
42 11
38 14
97 47
45 36
71 28
59 8
59 41
55 49
81 7
44 12
78 4
100 73
15 3
87 50
7 5
91 17
41 36
76 63
46 37
23 23
9 8
58 19
56 23
68 58
8 6
86 66
4 4
43 16
11 3
86 76
100 57
19 7
16 6
97 89
34 28
88 39
38 31
19 6
66 61
90 32
54 13
24 15
72 22
65 24
74 28
69 69
73 6
81 46
32 24
36 5
36 17
72 51
96 24
51 20
96 52
30 19
92 6
92 40
16 7
38 5
91 72
83 76
48 37
5 2
50 17
88 25
81 3
39 26
65 13
52 2
62 24
58 33
38 13
45 10
3 3
8 4
96 39
17 13
32 14
24 6
86 54
5 3
37 29
34 30
85 32
30 19
16 15
98 22
95 8
4 2
27 15
14 12
26 20
15 11
69 45
33 33
18 7
79 67
53 18
90 10
30 4
67 46
93 76
79 37
72 71
19 2
8 5
47 11
88 75
22 18
71 54
94 20
69 6
19 2
88 33
52 32
61 28
29 19
28 12
92 74
53 33
11 5
31 20
16 11
42 2
98 11
91 66
18 14
39 27
45 44
56 50
26 4
3 2
54 36
88 76
52 42
49 12
16 11
8 4
38 11
17 15
17 7
4 3
34 4
56 42
50 45
65 36
82 18
50 16
6 4
99 44
7 7
8 8
98 2
57 27
66 44
62 5
35 18
94 12
67 16
98 6
83 62
62 29
97 6
60 10
79 71
52 23
97 83
8 8
76 64
41 38
87 4
71 33
52 43
88 69
18 9
58 53
35 18
19 17
98 45
9 3
94 44
33 20
30 10
42 33
29 22
29 24
81 37
15 13
83 56
35 6
66 7
75 66
11 7
61 8
47 7
73 17
4 4
54 31
43 30
81 37
88 62
57 33
91 67
36 34
43 38
79 52
57 33
92 48
86 84
53 4
97 30
63 51
82 70
94 46
98 95
28 17
86 72
17 9
83 80
80 49
15 10
63 4
11 10
83 35
54 2
25 23
39 22
19 13
23 22
99 36
51 23
27 18
87 44
24 14
57 52
42 41
40 16
24 5
28 26
12 4
29 9
90 49
53 52
99 30
16 6
28 22
31 27
2 2
21 9
73 41
47 24
87 18
18 16
94 53
85 83
43 30
30 16
31 3
44 30
67 2
39 31
17 5
78 70
19 14
20 6
3 3
10 10
44 2
17 2
75 45
41 25
62 39
46 30
93 13
21 2
15 8
11 7
99 42
80 42
93 88
58 50
28 14
36 24
29 10
34 5
91 18
28 21
97 17
36 11
22 13
56 2
95 19
77 29
52 48
17 11
14 10
38 29
20 20
68 6
32 16
53 12
93 84
2 2
26 7
4 3
84 13
16 15
53 45
72 3
70 7
48 29
28 22
89 33
45 15
54 10
91 64
69 50
69 24
81 13
26 5
6 6
46 44
87 12
74 23
28 11
5 2
52 33
45 44
100 63
37 14
5 4
89 25
35 16
61 29
50 22
49 8
44 26
38 20
93 59
53 25
87 53
89 2
58 11
47 7
29 8
83 14
24 8
68 12
19 10
78 14
54 36
25 15
20 4
17 16
90 70
39 2
69 3
38 21
88 84
23 14
60 40
80 70
79 7
19 7
100 85
26 19
4 2
84 69
4 4
35 35
28 11
59 39
32 4
88 52
70 12
75 75
9 2
8 7
3 2
17 11
18 9
5 3
60 47
61 24
82 29
41 6
48 2
43 35
21 3
34 29
82 60
68 36
75 64
12 10
76 37
74 50
36 24
12 11
32 24
49 18
83 79
79 56
86 26
10 8
92 66
34 32
9 6
14 8
43 17
6 3
30 24
88 32
20 8
40 26
8 6
61 30
91 71
32 9
83 74
51 4
49 26
85 32
55 55
9 3
98 76
28 20
44 22
75 63
21 16
8 4
40 36
83 46
61 55
23 19
31 24
8 7
4 2
98 83
62 55
69 46
52 24
13 2
34 29
12 8
2 2
99 44
98 17
33 9
63 5
96 60
67 59
5 5
85 84
91 45
34 22
60 52
88 11
90 50
66 31
76 21
70 11
26 7
51 3
75 64
38 5
40 15
41 13
4 3
93 63
49 46
67 18
60 17
62 43
17 6
25 21
79 53
75 67
5 4
12 6
90 14
25 13
48 31
35 32
10 6
55 35
69 42
81 40
9 4
97 50
55 35
62 19
9 7
23 7
96 94
29 12
77 41
50 4
12 6
37 10
59 53
96 30
58 39
71 34
93 88
64 16
82 44
19 4
8 4
88 46
99 55
32 6
25 19
51 29
6 2
86 30
78 75
60 50
47 9
83 10
17 2
72 67
83 4
16 15
27 19
35 9
90 68
55 7
94 29
11 9
42 8
28 5
54 4
99 77
92 27
69 43
99 80
2 2
39 17
38 38
60 47
53 44
88 12
55 51
79 55
52 22
99 18
57 48
46 42
26 21
59 42
73 54
94 18
48 38
43 7
75 40
21 16
74 14
9 3
64 38
50 45
85 66
82 7
75 62
62 12
8 6
25 15
62 13
44 33
7 4
39 37
69 64
94 25
87 62
74 13
66 31
62 22
61 12
20 5
47 27
54 47
13 13
46 22
37 5
63 62
71 48
95 68
95 50
45 28
68 14
63 61
9 9
90 68
46 27
78 43
88 35
92 51
78 74
92 43
62 43
57 36
64 41
24 24
23 8
91 37
33 12
20 4
3 3
70 16
47 6
38 3
50 9
79 57
29 20
71 64
37 6
62 52
36 19
26 6
25 10
31 2
55 23
43 19
23 9
97 62
29 25
98 20
58 38
48 23
87 69
56 41
41 16
5 2
94 32
46 40
85 84
21 21
8 5
40 12
8 3
41 7
84 47
3 3
49 42
22 17
64 38
75 64
100 7
54 34
88 50
37 14
76 18
91 28
50 21
2 2
88 17
88 31
47 31
30 19
93 89
67 52
80 76
24 6
52 35
87 76
24 11
35 5
9 4
63 58
82 25
56 15
31 18
59 19
83 31
56 52
96 8
99 17
44 8
92 29
78 73
66 62
93 59
55 2
11 7
87 46
33 19
86 65
81 45
74 47
25 25
82 24
56 17
65 50
33 9
39 26
55 10
100 94
31 11
55 42
79 68
47 27
17 17
83 41
33 29
45 4
77 66
6 4
34 27
13 6
41 35
34 28
10 3
73 17
68 63
71 3
70 69
15 13
77 65
22 11
42 30
72 48
17 16
60 11
84 11
10 9
3 3
56 27
74 22
16 7
83 70
94 62
78 78
24 14
11 3
14 14
75 42
71 55
76 60
35 28
26 5
96 63
10 2
22 11
45 8
3 3
94 81
82 54
74 14
22 20
46 24
26 23
75 2
6 2
18 18
15 13
11 11
4 3
24 14
31 23
69 44
28 20
89 15
18 7
92 4
92 58
53 37
33 16
19 3
99 41
43 33
22 10
14 10
34 25
52 7
38 34
41 9
87 49
72 38
50 14
48 3
75 70
71 56
52 42
63 21
9 4
70 53
91 76
3 3
68 26
54 9
47 6
35 30
67 25
17 4
54 45
32 13
75 20
56 28
21 21
42 34
32 9
17 2
38 8
21 16
60 9
64 56
46 29
31 2
55 9
83 13
71 15
28 19
53 33
4 3
19 5
11 4
75 6
40 9
30 11
92 6
94 57
28 19
19 6
31 4
99 31
44 14
68 56
54 28
59 36
96 85
34 10
59 49
18 16
43 2
3 2
18 7
17 2
7 4
45 6
71 38
10 5
86 41
37 13
10 7
92 44
58 55
79 22
99 79
11 8
69 64
46 20
19 2
33 8
3 3
42 15
81 30
26 16
68 59
77 38
69 64
66 34
57 54
64 49
8 3
54 35
90 60
87 16
11 3
80 32
46 20
81 16
83 41
49 31
5 5
73 42
71 65
42 41
44 33
23 7
64 21
9 5
36 36
79 11
43 43
86 32
54 27
31 29
75 49
12 2
68 47
17 14
76 67
54 23
85 77
56 31
2 2
8 6
63 56
41 15
29 12
51 11
43 12
83 47
65 32
36 20
14 11
13 13
67 24
97 23
76 14
32 26
86 35
74 26
99 84
46 9
74 59
35 5
69 30
40 12
8 6
87 26
70 62
45 39
44 40
86 25
23 16
72 40
8 5
34 10
30 17
6 3
8 3
76 37
64 10
56 30
38 31
39 39
49 35
81 5
17 2
8 3
6 2
25 10
100 12
31 31
38 9
56 36
4 3
40 30
12 11
13 7
38 38
48 32
65 2
56 15
30 2
9 3
87 63
86 13
81 44
12 11
65 46
59 26
47 16
27 20
70 62
69 62
70 23
91 20
57 49
41 6
62 62
39 30
47 38
26 25
59 23
83 12
23 13
84 20
69 68
52 27
39 35
57 4
61 5
65 11
38 19
21 10
85 65
26 16
91 86
90 58
89 43
26 22
9 8
44 21
53 53
9 4
86 34
57 54
42 13
50 24
32 20
88 74
64 54
40 38
68 20
53 31
67 40
96 94
61 45
41 37
74 56
74 44
27 18
5 2
66 14
5 5
9 5
21 7
27 9
83 17
82 50
41 40
75 46
26 10
64 51
79 4
14 11
34 21
56 7
60 29
22 3
89 77
90 26
73 9
65 40
7 4
26 17
89 46
36 21
5 4
54 35
42 5
16 8
16 11
74 23
22 9
48 15
26 20
4 3
56 52
35 25
74 62
2 2
18 2
18 6
55 29
71 55
37 13
76 28
38 20
63 20
13 8
60 41
37 4
56 26
5 2
55 13
99 71
29 15
24 13
41 14
60 40
38 11
97 44
96 17
50 23
91 70
81 17
95 77
36 19
43 18
21 21
67 44
56 24
38 35
19 16
89 10
34 29
63 42
24 2
70 57
91 46
39 25
84 27
26 8
26 5
87 52
3 2
47 46
32 26
63 63
39 12
52 51
80 16
55 29
53 12
55 17
74 54
60 18
21 15
74 73
24 24
12 9
73 18
5 2
22 21
91 29
12 12
69 21
76 13
21 7
94 66
31 13
42 32
21 21
39 38
69 45
25 11
66 32
64 58
31 6
64 54
38 16
94 36
16 7
18 15
13 6
77 21
82 30
16 3
3 3
42 11
3 3
55 39
100 11
78 40
92 29
58 45
92 73
94 33
30 25
61 29
36 4
85 40
87 2
60 8
98 78
58 40
88 64
26 9
22 13
80 79
20 16
92 12
97 60
73 51
43 39
77 14
12 3
98 53
87 4
30 3
18 10
12 5
5 5
43 39
94 20
65 52
94 39
58 25
41 14
88 18
50 12
44 2
89 60
80 26
46 25
52 50
39 36
64 16
5 5
97 50
36 27
48 13
62 27
7 4
22 16
93 17
68 33
82 7
59 30
44 9
3 2
3 3
98 57
3 2
52 34
70 8
55 5
28 17
15 2
79 6
26 17
9 6
32 18
4 2
56 17
86 73
7 4
59 18
3 2
68 36
45 28
73 52
26 24
99 50
83 46
20 3
26 6
9 4
15 3
79 77
85 65
71 19
54 11
31 14
15 5
81 70
57 8
9 2
67 67
25 18
75 37
73 2
18 10
6 2
25 20
83 79
63 14
17 10
34 25
87 50
56 15
75 44
43 5
51 23
27 7
90 12
61 11
34 10
31 24
37 21
46 41
21 8
10 5
78 2
57 21
30 28
88 58
21 18
21 21
24 3
51 34
50 41
63 23
68 52
35 12
7 3
72 29
74 61
56 47
49 18
98 10
78 18
31 11
84 84
14 2
93 39
85 37
53 36
79 5
33 33
69 23
3 3
44 11
12 2
62 45
93 59
67 19
96 67
89 88
87 82
67 15
46 13
33 2
33 22
59 7
57 26
89 87
21 4
82 28
20 5
74 21
26 17
65 49
9 6
81 21
30 15
90 76
69 48
25 3
43 27
57 26
48 19
62 58
53 10
14 10
46 20
79 2
15 4
87 22
17 6
40 5
54 41
85 67
41 12
62 3
67 37
50 21
85 75
99 48
46 39
28 19
98 74
51 47
25 11
34 32
78 59
10 2
52 4
59 45
41 38
33 16
22 3
49 15
92 68
25 16
13 3
66 38
29 29
4 2
58 43
27 2
58 30
51 49
58 52
70 30
10 3
24 21
53 30
87 48
29 18
77 3
62 35
87 10
37 15
96 68
30 26
81 49
64 4
53 42
15 2
53 36
48 22
62 22
86 76
62 7
27 12
66 57
29 16
48 42
54 11
100 22
63 52
6 2
65 33
33 9
60 38
52 6
18 4
21 14
43 42
46 44
62 51
29 18
84 3
63 55
72 68
44 7
7 3
25 20
78 10
60 9
58 49
87 9
12 6
71 60
69 36
63 27
47 37
31 6
26 25
29 15
27 8
83 25
17 8
74 53
35 34
38 8
39 5
14 7
95 63
26 2
37 12
89 26
78 14
37 20
75 27
5 3
60 6
4 4
80 29
82 47
85 54
39 9
87 56
37 5
42 7
13 7
26 9
88 87
72 35
40 22
22 6
55 43
99 83
18 7
87 68
53 13
82 28
6 6
96 31
56 2
38 14
100 10
58 6
92 4
76 43
20 2
79 7
26 3
50 25
9 5
87 21
42 41
68 23
79 69
72 63
75 62
60 20
45 17
47 27
92 35
57 50
67 27
70 26
96 52
19 19
46 45
91 34
80 39
46 6
18 11
29 29
33 10
46 34
100 18
7 6
48 12
66 52
89 2
88 79
23 17
15 14
98 94
12 9
80 31
62 2
48 23
6 6
77 14
35 28
50 42
100 16
94 86
4 3
92 4
19 13
70 24
37 30
5 2
39 18
59 57
70 66
96 55
79 37
74 3
56 49
17 15
47 32
31 31
18 17
52 20
88 27
80 76
16 3
19 4
60 5
27 8
38 22
47 8
40 32
29 26
99 92
28 12
48 23
78 52
83 20
31 26
62 49
46 25
100 14
94 50
75 5
86 46
23 18
41 24
15 9
34 7
28 7
63 29
26 22
63 58
82 31
61 45
30 5
36 15
26 26
96 19
5 3
46 21
72 6
89 82
27 24
22 20
23 19
89 23
16 2
34 12
69 55
62 49
77 73
70 54
62 59
93 76
81 43
36 20
77 34
73 42
37 23
71 50
97 89
31 19
49 26
32 15
88 88
64 27
98 31
74 56
24 2
77 71
35 4
79 46
7 7
89 49
48 21
83 81
96 31
52 12
94 59
33 7
45 23
72 41
30 10
54 3
27 21
73 34
90 39
5 4
14 14
5 3
13 13
52 45
95 48
46 11
75 19
47 27
17 2
32 24
16 10
91 39
7 7
59 25
52 13
91 28
18 6
72 2
38 28
6 3
60 34
22 6
81 22
7 7
100 46
29 25
26 3
32 13
88 55
99 32
95 76
25 9
64 45
16 3
56 48
65 26
87 84
58 48
69 33
37 31
95 8
94 84
96 29
72 31
41 11
87 29
5 5
12 8
76 30
28 7
95 7
16 3
6 3
4 4
9 3
27 10
61 8
88 2
89 12
85 7
23 18
15 12
30 4
64 36
9 5
18 11
92 24
35 22
4 3
23 7
19 14
70 22
18 2
81 67
33 32
54 29
53 3
31 31
6 5
46 36
18 15
93 22
96 75
35 30
2 2
91 69
32 23
83 38
17 8
60 14
80 65
49 5
12 10
55 20
45 37
26 21
50 11
62 56
24 21
91 32
10 7
2 2
88 66
46 9
70 38
11 8
40 26
22 12
51 11
64 5
33 8
94 63
25 3
30 9
98 59
61 43
11 11
44 4
83 6
60 44
92 54
88 7
40 12
46 5
72 11
63 55
45 22
77 65
68 33
89 27
99 84
18 7
7 3
9 3
8 2
4 4
17 2
36 22
10 3
71 4
20 2
56 47
99 51
22 10
91 15
33 14
89 6
16 6
2 2
43 35
19 11
76 75
78 30
94 93
98 18
40 22
57 44
5 5
81 72
51 6
66 39
51 30
39 4
15 3
60 9
64 53
99 18
100 89
73 61
63 59
57 54
58 11
9 3
11 9
71 58
98 81
42 35
63 58
56 8
96 32
8 8
47 8
70 9
45 15
29 19
81 74
97 60
83 59
71 14
22 7
58 5
44 35
82 18
87 14
91 80
7 2
100 81
65 32
64 17
88 19
62 17
75 18
74 52
49 20
32 28
67 20
44 16
60 13
70 32
58 2
74 17
25 24
56 12
79 4
93 73
85 36
34 25
70 55
67 7
11 4
9 6
22 4
27 7
100 98
90 37
21 16
88 12
53 8
93 21
90 17
25 4
13 3
82 54
49 16
35 27
87 73
39 4
100 85
83 44
36 6
88 4
78 63
14 9
57 16
80 57
28 6
91 4
52 5
89 50
35 25
90 37
33 5
4 3
35 15
62 47
18 10
99 95
91 52
96 30
8 4
69 8
37 6
81 79
66 14
85 30
9 8
2 2
52 4
44 23
38 25
32 11
32 24
3 2
20 11
9 8
27 13
20 5
74 29
20 7
52 27
15 2
96 52
15 15
26 14
21 13
39 34
45 20
57 10
83 69
80 80
88 8
71 53
64 43
54 28
57 47
53 43
29 18
19 9
60 47
86 14
96 59
66 56
79 8
7 7
83 51
72 22
29 11
90 45
95 37
