10000
3 2
10 3
39 26
47 45
54 13
25 8
72 4
13 9
66 12
16 16
59 15
45 28
17 13
61 45
56 28
22 21
86 58
42 21
66 66
14 6
36 17
10 2
14 6
74 25
90 7
56 28
61 44
31 21
72 36
21 18
76 16
100 12
29 6
57 47
51 33
73 24
69 58
54 14
24 20
54 17
94 92
65 42
73 63
89 74
2 2
73 36
84 22
14 3
47 10
29 5
10 3
77 46
82 68
24 6
61 6
61 14
27 6
44 38
52 46
79 49
53 23
35 8
85 37
71 31
62 21
85 23
22 21
67 37
61 54
27 18
48 7
48 7
6 6
31 30
30 26
95 57
21 15
88 52
77 64
15 3
36 19
63 29
2 2
16 11
20 8
9 6
99 67
16 9
94 71
19 9
90 87
30 17
39 5
42 25
34 12
29 27
87 18
94 45
44 26
39 11
71 58
81 26
24 21
9 8
39 15
67 13
64 5
69 5
70 60
41 34
68 67
64 18
35 30
25 5
90 48
31 12
57 56
82 3
5 3
20 9
59 29
90 85
50 9
85 63
64 29
56 55
11 11
97 39
25 3
37 16
5 4
58 54
18 7
16 16
65 57
15 4
28 15
11 11
6 5
11 6
11 7
13 4
72 10
54 11
32 6
51 5
2 2
7 2
10 9
69 45
46 36
20 18
63 28
34 3
28 8
26 22
86 36
73 44
81 42
20 5
30 8
83 17
43 37
6 3
42 15
39 10
39 12
51 47
53 4
74 59
60 14
26 7
9 7
55 32
93 29
82 10
21 12
92 70
13 5
4 2
28 24
46 46
70 64
97 65
72 46
30 26
27 23
25 17
40 18
95 22
93 11
90 56
64 33
86 54
87 40
10 5
62 22
8 6
88 83
38 3
77 23
7 6
28 7
97 57
25 20
21 17
47 45
24 18
19 10
98 64
78 46
6 2
85 32
8 3
18 2
41 40
99 93
24 24
15 11
50 18
53 45
89 22
83 3
40 36
13 9
46 46
48 30
63 63
49 23
14 13
63 32
48 10
11 4
9 4
73 66
20 7
55 41
73 4
66 18
64 40
49 38
95 70
6 6
15 6
62 15
2 2
35 30
61 48
40 34
55 21
53 29
46 33
89 79
69 11
11 7
5 5
54 31
85 41
82 50
53 23
62 31
72 43
65 49
2 2
28 23
41 26
67 19
17 4
2 2
41 7
8 3
37 37
70 53
16 9
61 44
73 33
15 12
23 23
91 23
5 2
77 51
40 22
22 15
22 18
77 40
60 44
29 24
15 15
56 3
75 63
100 95
2 2
43 37
5 5
44 10
83 8
56 41
34 4
45 32
82 6
89 31
41 16
63 62
52 37
64 27
15 7
52 21
83 31
40 14
77 53
5 4
24 14
36 15
18 10
41 10
80 34
51 31
35 31
39 21
65 22
39 7
68 15
89 10
66 16
97 14
26 2
31 28
72 59
41 36
36 6
36 2
29 29
21 2
31 28
89 42
2 2
48 42
66 62
62 37
99 38
94 55
60 60
44 13
36 21
99 81
75 39
49 15
31 14
97 69
31 9
53 46
57 46
87 85
93 69
71 61
40 27
50 24
57 15
17 10
53 29
22 21
31 17
46 13
62 34
21 15
86 65
49 2
13 12
28 12
84 72
81 49
70 39
29 23
89 49
85 45
52 41
5 5
52 43
90 48
47 17
63 46
21 11
72 38
27 13
51 32
16 3
91 10
80 28
7 5
55 43
62 20
34 3
3 3
84 37
34 21
53 11
50 34
7 4
98 37
89 34
38 23
2 2
23 10
33 33
17 17
19 17
11 3
19 2
81 29
52 2
50 38
67 35
93 46
100 65
21 21
63 50
27 22
23 7
2 2
39 20
50 10
99 73
87 25
70 24
52 37
22 14
76 36
49 47
75 34
96 40
71 38
100 26
84 46
85 7
6 5
65 44
38 27
95 14
83 13
59 55
8 8
97 32
43 32
36 6
64 34
14 3
58 46
44 6
35 8
21 17
88 8
15 6
28 5
18 15
65 45
41 35
16 8
9 9
73 56
50 19
28 22
96 11
82 60
67 22
43 28
85 5
84 57
34 31
37 22
15 7
97 91
20 3
84 19
92 30
25 12
21 15
62 43
56 31
9 5
87 41
60 3
56 16
33 20
88 73
52 25
60 52
33 29
60 13
21 18
70 27
89 86
62 30
33 29
99 30
65 28
99 75
8 6
40 15
37 28
58 51
35 25
24 18
46 2
41 14
89 75
88 23
69 26
37 18
63 43
100 75
3 2
71 38
93 53
64 6
51 39
59 38
99 17
42 19
5 4
48 11
83 61
72 50
54 24
68 40
92 40
17 9
6 2
60 55
95 64
40 36
47 27
92 64
6 3
76 18
11 9
81 2
24 13
89 27
15 13
81 39
83 24
84 80
93 50
55 7
90 39
45 3
36 35
78 23
53 51
84 25
18 7
19 11
2 2
28 21
44 18
4 4
3 2
53 24
8 6
76 30
71 25
12 5
34 25
97 36
99 9
90 57
96 53
52 7
94 62
76 43
81 7
69 6
98 83
10 9
12 3
5 2
71 28
80 40
62 29
33 8
31 4
44 26
57 23
22 18
79 10
15 7
88 3
39 35
94 52
37 12
16 9
81 64
81 57
17 3
52 18
98 67
61 30
20 2
85 55
70 66
32 13
65 23
49 14
39 31
25 17
14 13
81 20
50 21
21 4
12 5
11 3
28 18
4 3
71 5
60 48
100 9
27 3
17 16
23 14
51 17
93 52
73 50
63 11
44 32
49 24
81 56
50 22
85 24
99 21
24 16
53 47
47 47
55 16
25 5
50 4
64 30
9 6
28 13
91 62
28 10
100 11
91 41
80 17
38 36
60 27
52 22
70 57
75 62
77 68
70 28
76 75
11 9
60 19
3 2
77 51
27 19
62 9
38 19
41 29
42 10
71 8
44 5
69 67
70 66
24 12
71 42
11 2
83 20
66 63
89 26
37 7
68 51
95 75
78 69
11 7
56 55
71 70
66 22
54 40
89 67
41 15
59 20
26 6
94 37
32 9
88 79
50 31
28 12
44 38
13 8
44 32
70 31
15 13
40 7
51 3
51 41
16 2
15 2
75 9
70 42
3 2
42 17
48 13
66 48
96 29
78 35
88 68
81 7
26 16
82 2
38 29
34 15
51 46
61 41
30 24
44 19
40 27
100 41
67 60
22 16
12 6
96 68
84 50
13 11
45 23
65 9
68 66
77 28
61 14
100 32
41 20
34 31
5 5
11 4
78 71
93 82
18 18
9 2
36 13
65 6
94 90
39 10
88 40
81 73
18 17
19 13
65 27
65 35
68 61
15 10
62 32
94 30
30 22
28 22
69 47
71 36
42 19
38 27
67 48
19 4
79 37
39 3
40 26
48 31
48 11
10 10
87 84
45 38
91 22
34 32
57 37
94 71
95 53
92 28
78 18
52 52
74 69
10 9
20 18
99 83
60 39
30 10
62 3
79 24
74 66
85 65
24 16
100 9
21 21
41 34
18 8
5 2
30 13
75 7
11 4
51 33
90 85
35 33
70 43
22 12
61 51
54 4
16 9
4 3
12 7
6 3
86 55
60 58
60 2
47 38
70 16
82 12
41 9
80 46
88 69
86 53
10 7
8 4
26 15
90 48
61 53
34 34
66 27
75 24
20 13
20 12
44 20
17 17
25 25
59 35
16 13
19 19
88 52
22 18
28 20
38 36
20 18
81 38
56 26
26 23
21 4
38 13
17 14
26 2
42 11
77 2
27 3
66 19
24 2
56 17
30 28
25 4
8 7
99 10
94 6
19 18
62 8
88 43
20 2
54 5
50 3
78 23
19 9
37 35
99 75
37 18
74 6
61 50
3 3
82 75
25 4
92 15
13 6
95 57
94 23
65 20
88 55
43 18
81 17
29 7
98 87
86 75
84 37
35 11
81 62
15 6
66 60
75 15
81 7
50 43
29 10
66 31
71 44
7 5
68 58
42 2
3 2
23 19
100 81
60 19
37 27
65 20
77 14
39 39
23 14
97 21
33 31
13 3
82 56
59 14
9 4
37 9
92 3
31 24
15 10
46 15
15 9
16 15
34 28
33 12
90 57
91 17
10 4
33 5
5 2
69 52
100 93
64 40
65 65
50 44
70 17
28 28
35 18
39 32
51 3
21 8
49 21
57 17
67 54
74 64
49 14
89 80
59 39
47 44
29 25
45 2
28 6
77 73
29 16
79 61
32 23
73 71
96 69
81 32
65 61
57 55
55 6
10 4
34 25
69 31
8 7
30 18
58 6
51 41
44 37
31 24
89 43
17 9
25 25
52 43
68 21
21 10
90 53
74 30
43 19
5 5
95 48
3 2
8 6
83 5
68 21
30 24
71 25
14 11
71 47
7 3
63 5
48 24
80 60
94 37
22 5
58 31
15 3
45 22
16 2
93 54
18 3
91 5
30 9
41 2
31 5
95 44
100 46
99 5
61 23
77 76
98 11
66 25
45 2
18 4
15 11
95 73
54 15
44 30
69 46
94 39
10 6
77 8
65 16
9 5
85 69
26 14
65 43
96 63
36 27
7 6
30 5
71 68
91 77
36 32
57 26
43 17
100 70
24 23
64 5
40 29
34 9
39 5
36 17
36 24
65 24
23 12
91 12
97 10
89 26
87 40
95 57
74 59
95 32
27 14
10 4
19 2
28 25
12 11
88 29
44 10
68 68
44 23
52 11
77 31
19 12
56 20
9 4
8 8
73 34
91 80
94 77
60 56
34 18
93 64
64 5
41 18
50 22
15 14
57 51
21 10
95 82
37 9
55 10
64 37
24 21
48 33
29 17
81 64
71 19
13 11
10 2
78 54
32 12
92 64
28 8
40 2
76 68
38 5
57 29
84 55
24 20
35 2
62 6
89 10
63 48
11 4
93 90
85 47
75 55
84 70
66 50
8 4
46 2
17 8
30 5
81 12
78 25
45 18
61 29
35 26
44 34
37 18
65 41
47 2
12 4
11 10
50 37
40 14
47 42
32 18
52 50
17 5
50 20
67 26
32 13
46 45
76 29
95 22
4 2
96 62
47 34
29 10
67 9
2 2
91 7
74 24
95 19
66 8
83 15
57 20
97 15
24 15
80 49
57 22
44 26
98 96
98 84
22 15
23 5
47 5
78 54
94 88
66 44
25 12
97 96
37 14
33 5
30 27
75 44
18 3
22 5
8 5
41 39
10 10
44 36
74 35
6 4
34 4
22 2
77 24
52 35
42 26
47 33
86 4
9 6
69 51
41 12
51 12
77 60
26 6
10 4
42 34
12 9
47 24
37 28
52 11
35 27
16 4
71 66
18 6
56 9
41 28
11 3
87 46
80 34
53 15
45 20
28 22
80 43
84 76
26 6
26 22
21 11
68 39
42 34
67 38
22 21
17 14
45 21
82 78
10 10
87 7
56 11
53 11
94 31
63 49
49 18
19 16
66 23
23 3
18 9
80 52
79 60
76 59
97 55
28 7
24 7
21 19
25 8
17 4
19 6
38 13
77 67
99 78
32 13
81 33
21 10
34 20
89 80
66 31
10 7
81 71
80 55
24 5
84 42
32 18
80 67
6 5
69 68
68 38
60 54
30 29
37 19
94 55
12 12
87 54
4 4
97 46
24 19
10 9
32 15
31 28
100 94
83 2
23 12
68 46
51 19
91 88
45 38
60 19
5 3
49 11
36 8
55 9
10 4
99 88
69 37
7 6
75 50
31 15
12 3
91 80
62 20
15 12
87 74
60 19
14 2
44 40
27 9
59 59
39 22
11 11
50 6
25 12
12 5
74 40
3 3
90 49
50 31
15 10
82 60
55 3
95 36
73 49
77 30
34 28
82 60
15 6
33 11
70 27
33 10
48 22
84 81
61 50
70 53
61 55
17 17
95 37
52 3
51 18
47 22
23 7
80 33
21 19
69 61
88 83
61 51
70 57
22 20
48 33
7 5
90 52
65 39
63 60
96 90
41 20
35 9
42 2
31 8
92 9
62 28
39 30
59 7
84 59
2 2
97 93
30 5
6 5
83 8
100 99
58 42
49 30
74 35
39 13
48 7
31 15
32 26
88 65
35 28
42 5
33 7
87 54
51 46
35 8
3 2
52 46
65 20
89 5
62 4
51 4
28 12
33 26
38 18
6 6
37 32
90 33
30 20
85 58
10 2
61 36
64 8
52 2
57 19
2 2
59 22
18 9
94 68
9 3
57 4
3 2
71 7
90 83
70 60
90 53
61 56
17 16
85 68
66 38
7 2
50 21
48 19
27 22
47 41
88 56
47 43
69 51
14 9
81 50
54 41
33 24
43 3
47 21
47 11
21 4
10 7
8 5
58 12
51 18
37 9
74 14
99 74
97 12
56 26
28 19
45 3
4 2
9 7
93 49
52 45
44 31
78 39
31 20
58 40
70 37
32 13
59 54
70 4
40 2
31 9
20 9
12 5
25 19
40 40
35 10
79 19
54 15
53 27
43 6
63 22
37 35
98 42
95 50
8 2
51 13
69 59
43 22
4 3
79 2
88 82
34 16
6 4
88 75
73 16
34 31
11 5
6 3
3 2
68 29
94 34
17 5
77 54
50 50
75 39
11 3
75 73
32 12
78 64
81 6
77 23
77 27
72 59
79 20
38 13
34 27
36 24
71 5
14 9
19 13
45 7
64 31
55 34
54 37
14 4
50 18
61 8
55 9
42 30
34 17
15 5
16 4
30 13
22 15
94 90
93 2
24 21
5 4
76 67
22 18
33 23
79 46
20 6
45 27
77 14
6 4
37 31
45 10
91 87
36 12
52 52
15 8
57 34
40 18
33 21
93 16
9 3
61 4
6 6
79 38
70 38
62 40
100 80
25 4
75 67
42 5
30 29
7 4
71 34
27 9
59 9
82 41
89 76
60 21
70 46
16 15
64 16
20 12
54 51
90 57
99 64
41 15
87 3
72 14
39 15
24 19
6 2
68 67
87 6
31 15
64 14
61 48
20 12
9 4
4 4
66 22
99 67
41 7
95 90
40 4
55 52
21 7
22 3
56 29
37 21
30 21
95 58
94 37
37 30
49 25
13 5
96 49
50 7
6 4
70 61
92 7
37 22
97 63
97 89
18 3
24 10
33 31
71 36
44 19
21 8
22 7
15 11
92 43
31 7
35 8
39 38
79 53
48 12
36 17
39 29
21 8
22 16
59 51
27 8
51 44
40 38
27 13
100 62
37 36
15 10
55 8
74 25
17 9
33 3
78 31
22 22
58 44
15 3
76 66
55 32
24 6
97 78
20 7
89 33
62 29
50 3
58 58
2 2
46 15
99 23
57 39
50 39
19 13
91 71
25 23
19 15
78 11
48 42
51 11
99 11
26 6
54 52
79 47
91 42
34 12
61 51
7 2
85 83
29 27
92 86
64 36
50 34
15 4
10 8
39 14
48 29
11 6
3 2
56 10
43 12
84 37
82 71
63 55
88 81
69 23
5 2
27 22
85 42
58 14
6 6
26 10
10 6
66 11
11 8
4 4
25 8
97 72
33 27
41 20
89 24
17 7
66 34
6 3
43 2
13 13
52 5
10 6
87 30
96 5
11 8
22 13
34 29
28 2
5 2
68 10
64 53
73 41
9 3
13 7
40 20
25 20
17 10
78 27
13 9
14 2
45 33
88 67
25 22
96 41
24 3
92 70
70 54
20 16
97 68
74 53
10 9
20 20
43 12
68 55
45 29
14 6
90 64
83 27
51 16
21 16
10 4
92 73
81 8
50 29
21 20
24 17
14 7
77 57
67 18
71 33
55 20
30 19
99 2
18 3
36 15
14 6
45 35
78 64
70 55
95 69
13 5
9 5
66 34
73 16
48 23
45 40
30 4
21 6
64 12
92 26
48 39
84 8
6 6
79 39
9 6
42 20
88 42
95 18
15 6
21 15
49 9
73 21
43 23
12 12
93 54
81 17
38 29
38 5
2 2
10 8
96 75
13 11
97 20
53 51
88 61
46 40
27 5
6 2
79 30
53 31
77 48
77 42
72 70
5 4
36 33
49 14
21 3
56 9
12 12
40 33
33 2
54 7
60 38
47 16
52 41
21 10
81 41
46 8
46 20
52 35
75 15
4 3
79 42
87 83
37 27
46 7
34 2
34 21
33 15
51 14
90 12
98 37
52 3
31 23
65 7
3 3
79 53
16 8
86 49
6 4
14 9
92 33
93 57
53 44
22 11
32 23
6 3
83 10
41 7
60 11
11 2
45 16
71 60
13 13
96 91
30 24
5 5
90 12
95 2
80 59
67 40
6 2
54 16
51 21
34 31
69 54
74 42
93 32
38 5
29 19
51 38
39 28
7 7
94 42
69 15
46 13
61 35
20 17
62 34
61 59
97 28
78 12
6 5
99 91
30 28
13 12
49 37
15 11
68 55
37 4
43 42
23 15
13 13
41 29
84 53
11 5
4 2
85 37
82 3
69 40
61 16
3 2
71 5
69 34
14 13
23 23
15 10
79 3
70 61
9 9
74 29
80 6
29 9
32 17
11 5
5 4
97 77
56 38
15 7
23 15
89 59
18 10
40 8
51 43
99 49
23 23
72 19
100 29
89 82
8 2
66 7
45 17
22 21
16 11
34 9
33 24
47 30
77 8
32 11
81 14
76 58
73 19
30 28
73 73
19 5
5 2
12 6
84 17
85 43
60 38
94 11
70 19
48 16
71 31
44 6
15 4
23 22
81 66
44 6
50 42
2 2
87 17
9 8
42 9
57 27
53 37
37 20
43 10
100 11
6 2
17 17
57 8
71 25
99 80
52 19
66 15
57 24
28 22
18 16
16 2
28 7
36 6
25 3
26 7
35 34
42 3
89 75
16 5
100 45
12 2
49 31
53 50
27 27
12 3
86 12
46 10
52 2
64 34
55 28
77 25
45 38
49 15
30 21
76 18
12 6
91 19
29 21
79 33
57 51
85 5
73 62
52 43
77 31
71 59
77 53
6 3
18 12
39 12
5 4
50 20
98 37
85 15
43 23
39 33
17 7
85 65
82 7
78 52
44 13
63 58
28 27
20 19
45 12
43 10
38 38
73 59
60 50
18 10
13 3
22 19
67 22
38 30
29 13
24 2
68 58
7 3
30 28
49 43
70 39
94 11
53 8
20 17
76 36
97 69
17 11
2 2
17 4
83 23
44 9
54 51
76 35
99 97
18 17
7 2
71 63
29 19
2 2
88 8
73 25
12 12
62 62
72 24
83 21
40 33
29 28
43 14
12 9
30 16
13 3
72 20
19 14
30 10
63 22
4 4
58 18
78 47
55 47
41 8
49 9
40 15
83 13
36 24
57 24
87 39
6 4
22 18
88 30
83 30
17 17
56 35
14 3
30 20
100 63
40 31
42 13
52 27
24 5
57 14
83 24
23 5
4 3
56 48
37 10
36 19
69 38
33 23
4 3
6 3
49 5
10 2
30 13
100 75
77 57
97 23
100 68
76 17
25 10
72 49
96 40
77 75
85 10
46 30
67 46
47 10
4 4
74 57
68 40
58 28
87 49
61 18
24 8
32 29
74 71
5 5
22 11
34 22
29 16
74 42
37 3
27 22
54 23
66 54
81 8
99 71
38 32
31 29
44 21
51 29
15 10
42 8
31 18
46 33
62 38
92 58
67 24
49 5
77 33
43 33
40 9
60 22
70 40
73 18
50 8
39 12
90 60
69 7
76 64
85 42
47 47
100 36
18 18
20 2
90 10
17 6
78 17
24 11
83 39
22 19
60 39
90 84
50 39
38 25
33 30
43 31
90 38
65 32
99 88
81 73
97 72
8 2
82 82
100 28
87 70
76 27
32 12
61 52
24 9
54 35
68 8
70 40
11 6
78 5
99 46
73 4
43 16
49 10
14 5
66 18
67 42
91 81
69 52
9 2
99 75
3 2
26 23
62 31
54 18
69 64
97 65
42 26
58 12
53 7
44 4
11 3
77 37
88 46
16 10
80 30
52 13
11 6
30 3
62 56
54 13
51 2
54 46
94 12
73 48
57 12
91 14
14 10
83 63
26 9
32 11
26 9
67 40
14 7
80 77
86 43
14 2
4 3
76 46
52 37
47 17
24 2
38 17
16 7
67 29
5 4
71 61
14 2
47 12
43 22
58 7
70 54
6 5
44 43
64 3
84 44
95 52
41 3
17 12
88 52
97 42
75 12
68 50
15 6
92 39
84 31
61 28
51 49
48 34
44 2
40 21
22 20
46 37
34 5
54 32
35 31
54 35
2 2
74 2
2 2
74 67
3 3
97 7
27 22
99 66
71 2
60 57
96 68
42 38
53 27
23 12
19 11
45 21
26 9
22 9
66 32
50 36
34 33
80 72
97 39
76 52
89 31
74 15
72 46
84 75
16 5
6 4
64 6
94 89
74 64
7 7
3 2
76 43
93 31
74 17
82 58
64 46
29 9
95 34
73 51
56 24
93 88
3 2
27 25
9 4
69 68
30 21
94 58
38 6
92 52
90 56
32 19
65 62
74 46
71 65
14 7
85 18
66 27
82 49
52 2
68 25
29 21
73 36
28 24
89 49
67 20
91 24
69 13
92 70
19 16
100 46
10 9
70 25
27 13
2 2
99 27
36 20
50 43
65 64
49 42
2 2
79 74
4 2
66 5
75 37
10 10
58 24
38 11
95 92
76 18
27 26
36 21
90 5
31 2
56 31
65 57
85 46
28 16
17 9
96 72
83 52
49 49
99 92
36 26
57 42
70 4
71 61
100 18
10 6
60 10
77 74
44 5
10 6
8 7
14 6
36 17
3 2
18 17
97 30
43 10
9 9
72 16
99 69
93 9
29 22
98 63
19 3
84 11
71 30
97 63
82 64
9 9
100 59
22 18
23 12
88 76
90 67
30 3
98 52
46 25
36 35
85 32
10 8
87 64
66 39
14 3
62 8
82 38
20 14
80 26
75 27
33 22
13 6
57 16
72 55
50 23
11 2
15 5
84 41
73 60
48 24
10 8
27 17
73 69
43 11
33 18
24 19
97 39
14 6
93 23
35 31
29 28
97 29
76 28
99 13
6 3
11 7
52 22
43 14
12 11
11 7
61 4
54 9
64 53
31 6
86 79
6 4
66 53
45 5
27 4
46 25
55 48
93 77
45 26
12 5
6 6
62 24
55 43
33 11
58 12
18 10
26 25
96 54
77 64
13 3
89 67
20 13
7 3
47 39
59 4
56 15
36 2
77 22
100 28
61 2
12 2
39 33
51 31
13 12
67 8
76 43
30 9
27 3
35 11
9 3
20 18
75 22
3 3
40 3
67 44
4 4
71 58
58 41
85 79
35 16
43 43
52 49
5 4
20 13
75 71
44 36
48 21
8 8
49 15
86 27
62 41
88 56
3 2
14 9
48 20
13 2
72 66
84 69
42 3
32 18
94 47
59 32
73 2
79 46
79 53
28 28
59 21
66 28
73 22
84 70
66 26
25 20
54 52
75 14
78 33
72 45
90 67
47 6
67 16
97 62
46 40
28 27
57 25
92 44
41 35
89 13
10 9
60 28
77 3
84 83
17 17
2 2
92 5
29 20
80 46
33 17
4 4
95 13
39 14
45 26
24 21
64 52
97 73
30 27
62 9
82 71
3 2
56 3
78 43
25 12
59 41
90 37
79 9
68 39
78 2
94 54
13 11
2 2
62 4
33 19
2 2
56 6
31 3
82 41
69 27
83 2
63 42
97 49
20 13
94 21
79 43
29 6
59 35
6 3
73 33
66 18
66 10
62 49
22 12
73 63
76 60
81 17
31 24
57 46
3 2
39 3
66 30
34 19
34 34
67 18
96 87
15 11
99 44
73 49
50 14
44 35
42 5
94 63
55 18
12 7
66 5
65 24
47 12
13 8
10 4
6 2
93 3
15 15
76 42
85 56
57 40
44 6
69 51
56 14
66 10
91 84
51 46
36 5
96 66
61 17
90 84
39 9
80 38
25 25
32 9
98 37
51 47
33 31
92 88
28 26
78 57
8 6
87 59
100 44
44 7
27 18
70 51
14 4
11 4
21 9
62 49
41 26
65 24
99 53
7 3
82 59
72 55
6 5
66 32
90 37
27 14
4 4
45 28
5 4
63 15
88 40
24 16
93 5
29 17
60 53
38 17
67 51
95 41
53 8
51 29
70 33
8 7
95 85
42 40
56 20
54 3
77 7
75 62
41 35
96 41
19 12
3 2
70 15
62 42
23 18
25 12
28 15
4 3
82 81
78 34
58 34
83 34
13 5
65 23
50 32
60 51
60 39
89 54
8 7
99 62
80 58
31 8
26 13
40 2
8 4
32 7
82 26
88 20
30 27
73 70
62 50
37 34
16 16
77 34
24 11
14 9
14 10
27 16
79 27
26 26
66 35
12 5
87 57
3 2
81 37
11 5
42 38
40 33
85 67
6 4
91 65
94 84
57 54
7 6
8 5
78 7
87 8
58 25
89 29
72 33
30 12
49 21
87 73
8 8
28 9
4 3
82 73
69 67
14 3
49 21
12 7
28 20
35 5
43 37
74 5
6 4
84 10
50 22
49 3
45 15
41 24
85 57
26 11
61 54
16 5
52 6
38 37
54 24
65 51
57 31
56 26
41 35
35 25
89 77
93 78
24 14
98 75
43 16
50 41
77 13
64 14
4 3
85 45
50 36
28 18
6 2
77 23
95 90
35 32
79 59
57 4
99 44
67 9
58 53
12 4
4 3
94 60
64 19
57 31
46 12
65 41
71 9
9 4
12 5
84 47
17 6
63 20
7 7
36 18
68 33
95 33
80 45
18 15
55 31
96 82
27 14
25 20
68 35
20 20
98 54
52 31
18 6
75 36
63 36
69 8
6 6
56 7
73 44
26 25
58 31
46 25
15 6
47 36
83 5
67 27
20 16
36 10
59 57
44 38
13 2
54 32
58 51
93 77
56 2
86 53
86 48
47 18
28 17
65 65
93 70
48 22
76 28
90 61
20 18
19 5
77 15
99 65
4 4
89 32
16 15
48 21
43 35
16 4
39 23
35 5
36 5
58 41
53 19
41 41
39 33
77 38
92 63
90 14
39 22
83 31
18 14
35 17
33 6
91 26
17 9
29 13
50 6
97 73
84 37
98 16
46 34
96 32
2 2
63 21
63 58
2 2
41 30
23 10
22 20
88 25
9 9
59 47
94 13
60 20
47 46
74 55
14 12
81 22
32 5
59 56
48 45
98 12
2 2
92 79
65 46
3 3
75 22
14 13
100 20
15 14
26 21
89 48
22 16
24 2
19 12
100 98
14 13
11 7
53 51
18 7
62 11
34 22
73 16
73 34
19 12
70 10
60 50
99 43
6 2
97 42
23 4
97 63
12 6
49 18
62 39
65 20
31 22
35 13
96 3
12 8
72 24
23 10
56 36
53 43
37 16
51 31
88 68
58 30
25 16
36 34
4 3
36 16
50 37
4 2
93 49
37 8
45 12
38 12
86 10
62 34
2 2
15 4
39 17
78 43
38 16
39 34
7 4
53 39
30 6
20 15
50 25
21 21
40 33
10 2
37 33
3 2
75 48
23 13
23 11
76 19
55 5
37 16
38 13
74 60
53 28
9 4
77 66
16 9
33 21
60 59
14 8
14 7
36 3
33 18
43 29
22 6
41 27
37 2
48 39
91 15
10 6
94 79
12 5
21 7
60 29
98 4
65 17
28 27
39 23
48 2
40 37
60 19
74 28
33 29
66 49
7 5
45 44
100 33
27 25
28 4
89 87
45 36
48 29
70 63
54 2
82 39
50 27
59 26
82 72
18 14
64 41
39 28
70 33
49 48
80 55
80 35
8 5
7 3
3 2
71 66
41 8
83 67
64 49
91 17
41 26
83 40
92 24
30 16
64 15
20 3
38 9
97 31
4 3
89 43
77 61
83 10
90 65
92 54
81 52
11 10
93 53
50 23
97 42
43 24
30 14
50 42
90 57
91 31
39 34
28 28
5 4
23 7
42 21
67 45
55 4
5 2
37 15
66 45
39 21
47 33
84 31
47 16
25 3
96 22
53 12
84 75
25 14
69 43
20 18
52 36
93 25
8 7
94 88
9 8
55 32
62 33
47 32
58 52
53 40
40 27
29 16
79 8
4 2
95 32
38 14
44 7
83 14
23 3
9 5
82 24
10 7
84 20
85 46
64 29
13 10
37 33
97 54
44 12
3 2
79 49
18 9
44 44
66 51
29 5
12 4
62 19
91 65
3 3
69 49
69 25
90 86
100 45
63 15
55 46
96 43
79 21
7 2
35 12
79 12
10 6
67 6
10 5
85 50
57 41
70 32
23 3
45 42
49 27
61 38
30 9
51 31
100 44
59 18
45 39
85 55
88 9
12 12
15 7
43 34
93 59
9 6
15 7
84 19
76 54
17 15
72 7
74 26
58 11
15 6
14 12
55 52
47 43
100 88
78 26
41 25
50 40
48 41
63 5
30 27
28 22
86 21
56 35
41 27
43 17
49 40
96 10
14 7
94 11
21 18
76 17
23 3
70 46
100 43
61 53
98 53
13 7
87 42
83 30
63 32
10 9
81 81
31 25
41 5
69 33
90 88
66 47
28 10
78 38
51 41
95 93
86 66
62 3
68 14
84 16
8 6
64 12
33 10
87 56
25 13
20 3
88 9
51 18
79 4
4 4
16 7
69 11
73 5
54 4
38 16
18 13
95 37
88 38
73 11
60 21
49 30
58 33
83 33
45 13
50 26
68 30
30 30
72 9
35 27
18 10
8 8
99 71
97 60
45 43
4 3
59 24
81 56
72 44
17 4
8 6
55 36
58 46
2 2
35 13
72 4
5 2
37 31
86 4
97 42
43 30
68 31
23 12
97 35
60 48
61 25
80 2
88 55
81 12
87 77
74 34
65 50
13 4
58 2
92 43
46 40
43 15
19 5
59 13
98 63
95 13
38 26
21 17
28 11
63 28
87 26
19 7
7 3
21 13
47 20
19 17
60 43
98 12
62 3
63 45
40 9
45 37
70 22
15 4
18 12
68 18
33 18
42 28
56 54
42 42
4 4
48 16
82 34
97 89
42 20
99 31
56 20
68 34
25 15
88 70
69 9
95 85
91 14
58 39
40 26
24 14
95 36
38 15
51 41
33 23
74 54
90 9
36 20
59 32
34 29
55 30
19 11
49 49
98 11
68 50
39 30
36 19
97 13
57 51
100 93
37 19
48 8
28 21
23 19
63 36
56 13
56 25
98 22
84 37
84 59
43 2
71 70
41 36
57 34
61 36
61 50
88 5
71 28
90 4
97 84
72 2
28 19
3 3
37 30
62 26
35 16
81 3
51 15
77 52
12 12
5 3
88 46
71 68
13 12
56 30
8 2
30 17
58 40
92 88
58 54
36 19
72 34
40 9
47 25
35 30
30 3
41 2
17 5
67 54
72 65
72 10
14 3
2 2
34 13
93 5
82 68
11 4
74 20
74 41
94 54
67 10
70 44
81 78
52 32
17 9
81 13
73 23
26 4
99 20
68 8
72 50
26 12
38 11
67 20
39 26
95 22
91 91
6 5
7 6
79 20
12 4
61 54
51 15
9 7
17 11
40 30
41 28
100 66
91 18
67 9
17 5
7 6
30 19
16 3
14 4
9 3
66 52
76 37
79 10
40 21
51 25
42 13
93 21
44 34
38 33
63 37
48 2
22 6
15 12
53 52
40 36
75 43
99 7
40 38
7 6
88 3
93 87
86 48
11 5
31 23
8 8
75 26
72 29
89 30
83 55
2 2
80 31
23 23
65 7
26 25
92 65
65 8
98 62
58 39
2 2
61 53
65 51
14 6
57 46
95 85
49 40
35 30
99 73
78 76
27 27
22 8
83 32
19 18
14 5
61 25
74 35
60 24
27 8
78 69
69 27
51 16
64 60
99 56
78 67
94 63
94 64
23 14
95 4
23 21
79 29
2 2
65 49
20 3
84 5
83 64
33 8
22 13
28 19
90 32
38 20
32 31
71 33
67 27
32 2
47 4
12 11
75 47
39 8
28 2
81 45
21 14
100 56
81 39
61 16
46 37
57 50
47 16
82 65
83 64
36 11
28 28
8 5
22 13
88 87
27 21
66 40
84 52
65 54
99 5
78 17
82 51
14 9
10 4
46 27
72 8
96 74
97 3
69 57
17 2
6 6
9 7
10 5
99 75
36 2
30 26
98 48
30 7
72 10
68 5
97 83
42 11
84 26
72 30
21 18
62 31
11 4
37 35
46 7
23 20
91 77
34 23
92 49
38 26
9 6
67 32
12 7
85 78
57 26
47 35
91 48
96 44
52 31
83 77
73 38
100 64
68 64
28 12
65 32
58 15
15 14
64 40
39 11
15 14
30 15
71 64
33 27
72 17
7 2
16 3
53 7
40 34
72 8
94 68
27 17
61 3
52 32
66 36
11 6
3 3
58 34
90 42
89 3
32 26
79 7
97 43
40 8
50 39
26 13
42 9
97 66
90 38
69 14
93 20
75 34
24 5
84 76
17 6
81 79
8 2
74 28
47 16
93 90
71 5
33 3
16 10
73 59
79 18
26 13
4 4
33 28
43 32
50 42
46 30
39 39
34 30
24 24
61 33
54 8
34 7
72 11
16 13
14 5
92 48
27 19
79 25
76 2
27 15
25 4
53 49
10 6
76 8
59 40
50 32
96 88
29 27
75 9
38 31
30 13
26 12
88 34
70 4
91 22
3 3
77 51
96 43
51 27
90 55
28 26
90 16
100 52
20 13
77 29
45 25
67 66
65 52
43 9
51 13
40 39
87 40
34 8
72 59
96 52
63 42
59 11
55 47
68 25
89 61
95 63
25 19
18 15
69 31
92 60
63 13
6 3
100 76
90 16
31 22
2 2
13 2
28 3
54 39
94 52
81 63
63 60
32 19
100 42
16 8
67 11
73 41
65 35
22 20
59 11
89 84
15 4
18 6
20 20
81 62
38 21
53 5
54 32
46 20
93 54
72 59
96 37
44 16
30 4
62 7
92 35
32 15
60 8
88 31
66 22
39 38
91 25
98 92
99 59
84 68
55 50
91 31
96 14
5 4
62 59
93 68
42 13
96 92
43 32
54 2
39 7
42 11
12 7
26 12
88 25
48 22
20 11
4 3
53 12
39 6
71 16
77 64
75 35
59 42
73 16
58 17
38 28
14 13
36 11
74 36
9 9
5 4
3 3
70 22
80 48
39 20
18 9
19 4
100 60
79 75
54 13
92 53
91 30
73 27
48 21
90 32
18 6
88 17
24 8
55 13
50 5
10 2
26 23
71 33
13 13
95 47
52 49
39 35
27 7
65 37
54 13
76 4
60 33
30 22
96 14
12 12
4 3
6 3
13 5
90 46
47 46
88 56
97 59
6 5
17 8
59 28
24 20
12 8
50 37
43 35
97 50
95 67
11 10
53 43
71 23
34 15
55 13
88 71
2 2
54 32
57 25
62 22
20 19
49 41
47 23
91 10
26 20
52 51
98 74
28 16
34 9
8 2
29 11
10 10
34 2
43 6
89 15
77 46
68 9
2 2
5 2
81 10
97 87
29 17
52 17
60 48
91 6
20 3
47 8
62 59
4 4
79 65
83 46
91 3
30 22
72 16
39 5
56 15
97 29
22 3
9 5
76 56
4 2
80 45
17 8
93 68
54 38
31 26
8 2
99 97
17 6
66 42
48 20
67 15
16 9
12 6
39 38
98 49
6 2
60 41
27 3
6 4
63 19
96 87
30 2
92 25
17 5
49 37
58 51
38 34
47 35
57 23
95 22
4 2
26 23
8 3
41 40
96 68
60 27
7 4
46 18
16 12
69 18
76 55
12 9
41 22
50 10
19 14
18 18
47 27
97 83
97 72
22 2
2 2
21 3
52 36
10 9
81 58
48 14
47 45
33 5
4 2
23 14
18 7
44 10
10 3
35 10
12 6
72 40
69 55
31 9
26 20
73 9
27 13
61 61
9 8
62 2
8 4
51 23
36 32
12 3
85 80
86 23
5 3
70 10
68 18
52 39
69 12
59 8
27 24
97 92
81 55
39 14
14 12
43 10
98 61
45 12
18 4
35 23
50 24
87 37
39 13
39 33
67 55
35 19
81 18
92 88
5 2
60 21
66 45
87 31
9 8
9 2
34 7
15 11
94 24
58 28
59 5
39 33
94 16
79 42
16 3
62 31
90 52
63 43
47 22
90 46
42 33
83 70
57 8
77 57
45 20
98 57
15 12
63 57
45 43
29 29
22 6
98 25
70 63
2 2
22 2
80 28
93 77
32 27
19 18
14 2
98 16
24 22
63 25
86 54
68 14
19 8
17 9
45 24
77 65
98 28
35 19
37 17
72 59
91 46
92 77
90 6
83 18
94 90
82 47
76 26
50 24
100 33
26 20
9 3
76 59
47 2
15 9
86 81
94 21
69 10
2 2
26 4
100 18
82 23
34 20
35 7
78 65
37 32
87 43
72 53
22 6
85 51
15 5
7 3
90 56
42 7
82 79
14 6
29 13
17 16
5 2
57 16
84 72
77 46
7 3
29 23
99 81
63 53
38 17
68 37
10 2
73 23
79 58
99 80
90 28
55 53
19 16
2 2
77 55
12 2
96 36
18 15
27 6
46 7
88 22
18 2
62 36
67 42
91 14
5 3
97 18
83 70
96 58
78 42
39 17
5 3
42 2
59 55
11 6
11 3
61 32
53 8
2 2
73 63
14 8
60 38
35 29
16 12
42 10
15 15
41 13
44 11
89 47
49 4
31 26
50 14
64 64
65 7
88 17
81 32
37 8
44 24
94 67
36 12
9 9
89 33
28 3
92 3
45 22
35 20
86 79
56 45
2 2
62 20
68 58
80 58
60 59
85 62
12 12
15 6
22 15
62 4
22 13
12 9
76 52
98 60
78 29
20 12
73 10
79 43
64 62
17 5
25 23
48 10
24 11
51 30
27 10
22 5
59 51
33 11
93 42
85 20
68 54
60 23
46 33
23 22
72 16
94 14
51 8
59 36
87 17
55 29
12 6
84 62
66 50
16 11
73 24
34 20
78 77
25 13
82 34
55 53
20 15
17 13
14 5
39 4
20 4
82 65
72 21
54 17
59 46
7 4
88 39
46 30
91 16
89 69
41 19
27 25
24 7
27 9
83 41
71 29
11 10
29 24
30 20
86 49
56 39
63 53
20 8
58 38
34 28
58 32
35 13
11 7
33 27
43 41
27 12
33 10
11 7
7 2
2 2
71 6
7 7
88 4
20 12
58 19
68 5
5 2
85 52
2 2
15 13
65 32
77 25
35 2
19 4
39 36
100 87
50 47
79 67
55 7
61 57
68 6
83 64
89 15
97 37
70 24
51 46
80 18
64 26
11 2
77 64
7 4
94 10
40 3
45 36
6 6
30 11
16 15
5 3
72 63
14 2
10 5
43 17
74 28
100 48
69 57
89 66
77 16
30 2
80 52
76 19
69 62
8 5
38 30
100 90
70 69
72 44
35 24
52 6
20 10
49 9
59 4
48 20
88 74
78 61
74 17
65 45
4 4
55 43
48 38
71 50
82 36
95 36
37 27
71 52
100 60
15 4
87 36
48 36
76 15
54 51
18 7
64 10
36 22
46 14
93 80
36 27
41 7
26 7
87 44
95 26
87 69
11 10
59 56
45 41
6 2
91 40
41 37
40 5
22 7
50 36
32 30
16 9
2 2
7 5
75 17
39 28
38 24
75 10
9 2
26 14
98 83
79 42
9 4
95 37
4 2
45 26
38 38
51 9
94 64
2 2
99 13
47 5
91 91
43 25
68 68
26 4
6 5
3 2
66 41
19 14
93 6
22 9
67 39
67 20
61 32
46 28
93 86
38 28
74 4
15 5
87 18
36 34
76 26
71 60
23 9
87 33
32 7
50 36
10 4
96 38
59 55
25 24
83 28
8 8
99 59
17 13
67 35
83 28
59 17
91 63
75 8
28 20
58 48
83 13
48 11
3 2
86 85
48 33
42 13
37 13
21 14
59 9
72 53
39 28
31 27
36 14
77 25
10 10
69 4
42 30
70 55
63 56
98 10
80 25
40 30
14 11
90 84
43 18
72 10
5 5
26 23
44 30
53 20
5 4
90 45
42 37
16 8
5 4
50 27
53 17
48 12
69 19
48 42
41 17
18 5
31 12
7 7
39 28
13 3
91 37
17 7
95 65
29 19
14 10
12 11
23 2
93 61
25 19
61 12
92 82
64 26
82 45
76 12
81 30
37 13
34 17
30 18
11 9
35 4
38 27
7 2
25 23
33 8
62 62
67 17
16 8
2 2
2 2
83 24
57 22
5 3
44 36
11 4
91 62
76 39
39 37
62 54
66 66
4 3
36 21
61 42
30 26
100 79
4 4
87 66
19 4
41 13
36 29
39 8
38 12
35 19
15 8
58 23
33 18
36 29
90 62
37 10
74 56
8 7
64 63
76 71
15 8
93 67
14 10
93 88
5 3
80 9
48 33
49 35
36 8
94 14
19 2
17 3
43 5
91 18
90 37
54 11
48 17
73 37
83 51
98 19
95 22
92 16
70 22
30 16
53 39
8 7
69 52
80 58
26 6
26 14
21 6
94 85
59 20
84 23
82 70
31 27
16 13
85 50
15 15
24 4
46 10
26 25
39 3
7 7
96 32
65 50
42 9
41 17
84 57
7 2
67 52
13 11
61 13
66 52
46 12
24 18
84 27
34 24
15 14
15 4
78 23
40 6
55 47
53 2
15 9
30 4
96 64
65 37
70 15
18 6
89 5
27 18
92 91
51 38
27 7
98 27
49 10
61 38
10 9
2 2
49 29
20 17
2 2
79 47
19 4
33 12
19 18
94 54
32 2
19 14
54 17
63 45
12 8
28 4
28 19
3 3
70 27
64 46
79 79
4 2
78 74
80 17
34 25
22 4
77 37
42 39
77 75
71 40
65 11
37 22
22 16
83 42
28 28
85 3
24 22
44 23
75 6
51 34
30 3
85 15
94 56
48 25
79 9
14 2
75 30
73 61
93 70
87 84
9 6
69 63
77 25
47 18
44 24
41 10
57 10
37 11
79 23
11 10
62 55
51 22
4 3
44 30
59 33
98 26
42 23
82 58
2 2
75 53
44 22
27 19
85 51
10 9
77 69
55 51
59 58
60 18
37 3
37 31
42 18
17 13
48 32
79 11
31 16
3 2
89 80
61 9
74 34
94 4
88 60
29 10
76 60
58 26
58 49
57 39
50 16
24 10
77 11
54 3
2 2
48 41
3 2
89 5
85 64
11 7
50 16
84 72
27 20
49 45
17 12
61 17
69 49
47 12
71 19
47 31
98 81
71 62
19 7
21 6
82 19
35 8
83 81
79 28
50 2
77 24
58 25
69 13
87 19
42 36
55 2
9 2
79 56
31 10
93 65
16 12
48 2
14 4
18 4
11 8
22 12
74 25
82 10
36 24
24 5
46 31
9 4
36 12
91 18
31 12
83 79
11 6
26 21
51 2
66 47
92 58
20 4
70 9
97 18
67 16
58 40
100 23
20 3
48 37
84 77
28 19
94 73
64 43
3 3
50 16
79 4
20 3
94 64
24 17
95 80
74 39
2 2
29 9
72 56
98 17
27 7
53 44
17 9
28 25
14 2
71 67
4 2
92 45
16 5
22 8
6 3
61 26
26 20
82 21
34 26
92 49
60 40
78 5
48 31
99 5
96 5
45 36
40 19
33 3
84 39
79 6
82 72
95 49
92 10
87 50
80 36
40 18
16 9
33 4
41 20
87 27
49 47
30 15
27 2
39 25
4 3
52 45
76 12
67 15
7 3
23 7
13 9
44 31
27 3
86 9
44 19
34 11
71 2
71 40
69 34
19 6
95 29
70 19
34 5
13 10
22 16
54 18
57 25
71 25
46 40
54 37
60 52
45 38
41 10
84 36
15 12
56 26
14 5
17 13
68 11
78 50
64 58
46 24
7 5
52 3
98 73
91 74
13 13
61 56
91 34
83 75
31 17
98 49
84 22
49 27
18 11
16 12
9 6
50 20
21 21
39 22
29 25
12 11
55 27
74 53
34 5
98 50
69 30
45 30
12 8
7 2
46 46
40 32
44 34
58 13
43 5
48 21
54 8
97 62
3 3
52 34
11 7
42 11
7 7
58 16
84 22
74 2
54 32
18 4
78 42
20 5
54 38
71 17
81 17
89 37
42 21
72 64
95 74
42 18
57 38
18 16
40 16
7 5
68 11
33 31
80 74
13 6
2 2
52 46
49 21
15 10
97 34
100 74
93 61
55 29
89 49
2 2
35 22
28 27
11 10
79 10
91 76
43 40
17 13
56 54
85 38
12 4
89 36
42 29
99 70
8 2
10 3
75 41
11 2
78 51
99 62
15 5
60 27
86 80
97 11
66 65
91 7
6 6
34 24
48 4
11 2
13 8
20 3
15 15
28 13
68 59
49 40
2 2
32 22
35 30
50 44
5 3
87 39
21 12
14 14
51 34
55 40
53 40
6 2
42 35
37 16
36 35
98 44
95 33
76 20
91 9
64 63
98 95
66 44
51 21
66 21
59 4
80 19
11 10
61 43
60 19
90 89
48 14
25 17
16 5
60 23
75 6
55 33
80 80
40 20
65 35
54 34
32 18
36 16
54 20
76 65
7 6
14 12
99 80
30 19
33 30
86 66
5 3
75 55
34 33
23 18
14 8
60 15
34 14
3 3
51 47
25 22
24 12
39 2
84 47
70 8
64 18
2 2
9 6
73 41
7 3
89 29
5 5
97 35
81 15
51 38
97 59
59 24
35 20
71 44
95 15
81 73
78 59
42 41
50 12
23 22
39 25
75 61
4 3
99 69
37 23
83 62
18 8
74 40
68 40
18 3
13 5
12 9
66 20
46 9
44 11
64 19
47 20
18 16
46 36
83 9
44 38
4 2
47 43
85 73
16 3
46 29
85 73
18 17
7 5
100 52
63 4
92 6
28 5
44 20
95 44
33 31
80 40
35 26
25 23
50 49
91 79
72 35
79 64
11 11
47 39
48 29
38 26
40 7
83 29
42 33
3 3
86 24
46 7
3 3
2 2
63 3
73 19
97 72
42 31
68 63
11 2
26 25
97 90
35 12
38 25
2 2
87 86
61 43
87 36
92 23
27 20
86 68
44 26
100 34
37 23
93 9
14 13
27 17
29 14
31 10
21 6
73 4
98 10
58 18
90 49
22 12
25 9
65 3
38 19
62 38
68 5
56 21
36 30
34 10
30 6
7 5
54 54
68 57
54 22
74 29
58 4
68 2
14 5
53 43
24 16
65 13
15 15
22 15
91 58
20 9
73 15
78 78
41 27
99 69
88 58
73 21
45 41
99 45
16 12
87 3
34 12
70 44
37 16
52 27
5 5
88 81
72 58
58 55
72 8
99 44
35 8
44 26
98 45
97 23
93 84
14 5
52 23
93 39
24 4
63 45
87 75
75 60
39 13
13 8
49 11
32 11
96 30
42 30
42 23
80 28
67 16
3 3
50 19
58 42
51 24
9 8
33 31
76 50
43 18
75 52
48 36
33 30
34 10
77 29
79 15
51 5
56 11
79 3
97 70
89 43
64 64
67 15
97 75
48 17
82 65
46 8
27 3
58 19
36 10
39 4
20 12
3 2
8 3
48 38
11 7
15 5
95 54
55 19
72 60
49 7
83 23
9 3
19 6
24 8
20 7
29 23
94 22
76 3
68 23
84 78
40 28
22 4
47 29
72 69
70 18
98 6
71 48
96 4
9 9
48 48
43 2
16 13
40 24
69 43
71 58
26 9
17 9
18 5
49 29
85 34
97 57
76 52
41 35
15 5
86 53
51 23
38 32
35 26
15 7
15 15
90 73
98 15
77 31
12 8
31 10
69 22
77 13
23 21
33 12
88 66
6 5
31 29
48 19
47 2
41 22
60 37
86 12
32 22
22 5
56 43
79 54
99 53
72 29
39 9
98 98
15 4
71 6
29 20
16 5
9 2
5 3
2 2
19 2
27 27
72 33
69 3
80 2
14 11
21 8
98 25
76 23
40 33
64 13
47 26
41 41
43 11
55 28
8 7
46 41
80 43
85 44
95 45
36 3
21 21
13 9
94 78
4 4
94 38
46 35
48 17
40 9
98 34
35 6
78 11
55 32
97 6
81 37
57 48
100 34
9 6
72 58
92 59
75 20
5 2
54 42
84 60
11 5
49 39
50 32
33 28
20 4
38 21
3 2
8 6
4 4
78 22
58 33
7 6
27 10
34 17
19 11
81 79
67 10
6 2
70 10
22 18
25 25
86 9
96 26
3 3
56 25
10 10
51 43
94 38
51 45
100 17
22 17
83 50
64 54
75 8
58 20
97 5
100 3
65 12
62 40
87 27
44 8
66 47
37 29
62 16
28 8
89 28
91 50
8 3
14 14
20 5
81 54
3 3
88 44
92 24
74 74
39 8
35 31
49 44
82 46
88 69
7 3
81 24
78 33
32 27
44 18
67 5
88 68
11 6
58 57
12 7
59 56
36 30
42 19
43 3
30 3
13 11
77 18
53 36
84 34
24 3
7 6
83 17
62 52
56 20
54 44
91 11
7 6
35 13
19 7
82 48
44 20
35 27
5 3
36 7
29 29
12 8
57 54
76 35
32 11
46 28
73 6
67 18
82 26
77 35
47 31
44 36
53 27
86 10
23 22
69 34
70 21
96 29
91 89
62 4
25 15
36 16
70 63
12 10
62 24
24 15
37 19
42 14
20 5
59 31
77 16
47 32
84 34
40 26
5 2
65 60
27 18
83 59
57 12
11 4
27 3
54 53
27 11
57 37
58 33
76 51
88 64
59 26
57 41
52 45
8 2
81 50
63 57
7 4
45 25
29 19
91 74
62 48
13 3
25 19
29 7
51 20
75 27
62 21
50 9
57 45
93 16
56 27
6 6
55 50
3 2
44 29
23 15
61 57
89 46
47 3
32 19
98 57
68 55
9 4
47 23
69 52
59 23
48 15
77 26
39 20
39 25
42 10
22 9
95 51
92 27
51 7
84 50
65 32
84 64
47 16
37 31
22 17
54 38
94 83
36 20
70 39
9 2
34 25
53 47
29 19
3 3
2 2
26 22
87 81
57 41
10 5
60 16
62 37
85 42
75 21
32 24
51 35
7 7
56 38
45 14
10 9
70 25
18 7
47 37
62 57
72 28
78 67
91 64
74 74
6 2
20 19
21 19
3 3
97 59
82 53
19 12
23 5
45 15
56 3
15 15
59 25
32 10
77 47
69 60
10 5
49 5
70 23
39 27
2 2
91 57
41 16
88 60
38 33
34 11
57 18
88 40
96 42
66 37
80 59
25 17
73 27
8 8
7 3
57 24
32 10
39 6
27 19
73 16
44 39
72 46
69 3
91 33
36 32
34 19
33 3
82 54
96 48
31 23
75 45
51 31
9 5
48 34
31 9
44 3
90 29
36 28
95 12
69 4
29 20
5 5
100 53
71 34
88 47
38 30
77 4
48 10
61 52
26 11
40 3
76 52
87 38
46 36
35 30
2 2
17 13
52 43
62 62
72 57
72 41
35 5
10 6
51 13
14 10
8 5
66 3
39 19
88 26
64 52
24 15
3 2
43 18
3 2
63 44
42 29
78 49
97 19
36 32
32 10
58 25
28 4
59 57
93 14
54 12
51 31
53 9
38 33
82 42
28 7
16 9
88 49
51 30
30 9
45 26
91 68
52 50
37 6
81 81
65 32
100 43
13 3
39 35
8 5
99 62
69 42
86 65
83 45
54 49
93 73
92 56
41 38
67 36
67 8
74 29
43 20
80 19
37 8
76 31
75 71
61 6
38 12
79 15
33 11
53 36
90 49
59 49
84 43
65 25
96 32
75 21
79 19
89 55
28 23
3 3
68 49
24 18
90 57
24 11
36 31
4 2
97 42
92 43
2 2
97 18
43 12
35 18
20 15
55 52
30 8
34 14
36 8
46 33
65 56
74 7
84 18
22 5
85 64
65 44
24 22
59 46
82 5
53 7
73 2
94 92
74 63
12 9
33 30
76 29
46 20
93 66
5 5
96 91
17 3
17 10
87 59
93 22
19 4
72 46
54 23
85 14
21 16
61 31
36 6
24 12
28 9
57 7
86 31
7 3
48 42
41 35
51 26
75 42
26 24
14 7
16 5
37 26
98 66
86 36
85 18
99 25
51 9
78 36
71 11
91 42
23 19
40 35
66 40
52 52
64 20
24 6
29 10
31 7
94 82
46 44
85 81
17 3
96 28
78 12
76 46
92 77
30 26
99 79
89 88
90 77
52 17
74 14
86 25
27 18
24 9
65 54
45 2
37 7
44 22
9 4
41 16
99 72
11 10
14 4
70 70
18 17
31 26
62 32
74 57
28 16
42 9
53 10
54 47
53 11
60 53
82 41
39 35
58 40
93 17
19 5
51 3
5 3
5 4
51 46
83 70
27 27
79 17
97 37
95 93
60 19
11 10
96 50
95 13
79 3
64 63
71 57
67 7
99 49
88 12
13 10
85 63
7 3
48 40
41 19
40 24
55 34
60 27
3 2
70 9
18 2
78 8
70 39
30 4
65 39
96 17
32 17
98 22
93 10
76 10
51 11
27 7
71 33
31 2
89 31
98 77
59 58
20 7
93 24
60 59
71 25
100 6
89 5
22 17
33 10
4 3
74 25
71 67
39 5
44 24
83 59
96 31
91 51
59 46
73 36
96 29
72 38
100 65
74 58
59 51
31 11
44 33
58 50
81 72
95 50
78 57
53 36
73 15
39 18
8 3
67 50
17 14
71 33
66 11
59 10
37 37
8 5
93 54
70 66
29 18
39 3
53 19
46 35
14 2
23 21
34 13
99 23
16 8
73 50
13 10
83 67
57 39
78 54
64 48
4 2
78 8
11 5
74 27
64 50
83 37
30 12
6 5
61 54
69 43
44 13
37 17
24 12
32 7
84 22
79 25
6 6
29 2
71 64
76 53
76 54
36 18
61 51
19 17
97 35
87 82
39 6
93 15
99 37
49 11
57 4
66 42
90 79
2 2
54 10
63 49
47 17
52 17
78 9
85 15
21 19
15 15
86 3
24 12
50 25
89 80
47 9
75 73
97 93
23 22
99 60
26 14
95 77
71 63
62 29
41 6
39 13
18 17
46 15
10 7
86 60
97 61
7 3
32 3
4 2
41 4
4 3
25 24
49 4
43 23
66 59
54 6
27 12
27 12
84 40
20 13
11 6
40 40
49 35
72 35
11 3
97 45
81 38
78 24
89 19
92 3
34 25
46 20
43 8
36 16
94 17
22 2
55 54
59 23
89 4
49 35
17 4
10 4
96 62
4 4
65 19
67 27
11 4
13 7
25 17
3 2
35 20
82 23
72 63
78 46
91 26
26 19
74 33
5 3
97 54
46 30
9 4
78 39
32 8
61 6
52 36
48 43
90 58
26 9
69 50
96 64
4 2
12 6
44 37
56 49
81 55
50 8
2 2
100 73
23 20
97 45
83 44
45 26
24 13
75 40
8 4
93 77
40 29
56 29
82 51
89 56
47 17
47 21
10 8
72 60
93 14
73 20
73 58
13 9
87 4
24 14
98 8
25 25
41 9
37 19
59 10
64 56
83 58
38 8
24 16
25 17
61 27
80 23
31 14
22 11
7 4
68 43
25 5
10 5
95 52
60 8
23 13
74 17
81 76
23 5
72 29
53 44
45 6
10 10
61 38
36 15
79 17
70 21
77 43
19 15
82 14
19 10
18 5
24 17
22 16
88 76
79 22
74 66
95 24
10 5
65 56
65 10
40 38
54 32
43 14
28 7
53 3
46 2
2 2
5 5
58 40
21 3
24 15
23 21
65 52
16 2
81 64
88 36
78 45
67 8
75 57
93 48
49 35
4 4
11 7
19 19
34 26
75 73
92 57
2 2
84 55
45 28
32 11
72 26
91 38
32 24
53 13
60 33
14 11
11 3
36 7
3 2
12 6
94 78
15 15
60 58
97 26
31 8
76 43
35 12
61 41
11 11
39 22
82 50
10 5
15 5
6 2
56 7
27 18
49 25
40 13
41 19
68 61
64 58
41 22
17 8
6 4
94 16
74 47
78 68
72 24
4 2
61 13
84 49
17 13
79 23
60 52
9 9
62 22
47 20
7 2
5 2
57 34
32 22
26 7
100 60
97 2
81 10
93 4
3 2
38 31
83 75
46 39
33 11
6 5
39 13
50 2
66 27
79 23
41 4
15 8
36 13
100 30
51 12
36 25
31 26
8 6
29 21
52 12
76 55
73 59
16 9
73 10
4 4
55 49
27 22
41 3
52 24
40 27
85 60
71 49
94 36
16 15
99 69
70 19
24 7
66 7
64 59
86 83
53 11
28 13
64 8
18 9
92 78
93 19
73 50
25 15
99 6
100 76
90 50
76 19
36 31
51 17
70 44
54 19
3 2
84 79
56 16
25 4
23 13
70 2
15 9
30 6
57 32
15 13
42 31
54 22
25 15
9 2
94 88
8 7
45 43
60 36
34 7
79 49
72 34
81 10
96 29
45 18
71 37
59 18
6 4
13 13
37 12
10 2
79 31
62 61
95 62
22 3
86 59
12 12
5 4
57 45
63 13
66 8
39 37
66 64
90 29
57 33
12 5
44 14
54 50
12 12
4 4
79 43
72 58
31 8
35 2
100 61
99 23
3 2
91 6
70 43
63 50
88 23
52 33
86 48
88 70
75 16
53 11
79 54
78 63
100 16
25 3
34 20
48 15
71 31
94 70
95 67
89 15
62 58
54 33
60 59
97 34
27 18
9 2
53 6
49 30
51 40
46 4
11 7
9 8
56 7
53 26
27 4
34 24
13 11
89 77
78 27
66 33
7 7
40 27
22 2
28 2
67 67
46 43
57 25
22 13
83 77
2 2
22 4
19 11
29 24
69 60
27 18
78 35
51 23
51 22
96 6
28 6
42 40
24 11
19 17
44 29
58 8
2 2
86 51
65 55
83 24
22 7
93 55
75 26
92 25
27 17
61 25
37 7
81 69
83 24
31 10
72 30
52 17
15 2
29 14
23 6
69 29
27 13
3 2
39 12
30 30
28 8
19 8
66 61
70 39
63 28
14 12
32 10
50 21
59 3
30 23
11 8
51 40
98 89
75 61
38 7
17 10
49 32
4 2
2 2
7 2
41 14
24 14
64 44
45 31
12 12
19 7
93 80
72 63
73 9
40 25
98 41
44 17
54 4
52 7
98 49
67 18
53 26
32 23
22 16
84 2
100 36
27 9
76 42
31 19
22 8
15 5
46 28
28 12
65 56
90 52
12 7
83 47
75 28
69 3
44 6
82 68
88 32
75 30
63 2
91 24
78 52
44 31
75 52
10 8
56 39
76 24
53 8
12 11
30 7
45 4
40 20
61 50
19 3
29 26
45 31
44 39
70 49
26 8
39 5
97 92
23 18
28 10
34 16
46 28
78 74
24 6
6 3
73 24
52 14
59 57
53 11
45 45
88 86
67 23
88 53
66 10
66 33
94 75
93 77
35 18
70 22
77 28
36 35
62 28
30 15
23 11
64 14
76 62
58 33
58 57
62 61
74 46
80 45
57 53
99 12
93 54
36 20
91 51
95 79
67 36
28 21
25 3
37 23
86 2
85 47
56 47
68 43
88 13
52 37
86 9
48 30
4 4
11 11
59 35
7 6
29 26
85 18
72 26
17 3
49 15
52 13
26 26
84 45
100 58
73 28
84 68
5 3
72 2
81 48
99 45
8 5
90 60
64 42
62 24
36 7
5 3
4 2
63 62
63 62
57 54
17 12
84 74
51 30
61 55
11 2
97 63
60 5
55 38
31 26
64 43
38 19
48 29
37 36
37 8
68 58
83 23
2 2
80 75
10 6
11 10
42 24
52 32
30 12
46 44
74 40
96 59
24 12
12 2
54 32
6 3
33 10
88 46
98 23
68 35
31 9
74 8
24 7
23 3
64 5
29 20
88 14
21 4
52 19
24 14
79 78
18 2
65 22
7 2
71 58
63 52
81 57
14 5
39 36
18 6
85 12
19 12
77 59
88 3
51 2
38 14
42 24
24 23
55 16
51 15
88 23
41 41
80 55
45 4
80 61
88 31
68 33
85 4
4 4
70 66
7 2
33 5
93 19
76 11
9 3
48 30
12 7
21 17
51 18
51 51
29 27
18 17
62 47
82 30
98 51
51 13
62 11
25 10
49 3
6 6
31 9
32 29
95 18
12 11
98 36
40 19
75 66
8 5
57 47
42 4
98 43
35 8
2 2
26 5
58 13
27 12
96 66
50 2
58 21
13 13
15 3
57 32
74 23
62 35
13 11
22 6
45 9
86 48
37 16
3 3
51 35
4 2
38 27
99 83
81 11
54 22
20 15
3 3
56 21
75 50
63 44
34 13
89 30
2 2
67 36
18 5
75 31
60 26
74 2
61 13
40 38
68 26
62 20
2 2
3 3
43 19
25 6
98 34
100 59
8 3
90 24
13 12
88 26
93 9
77 21
41 24
14 4
77 28
31 21
29 16
59 20
51 10
30 14
90 83
28 19
63 39
74 33
71 25
94 56
20 4
81 79
82 68
34 24
64 38
31 20
89 75
6 3
58 52
22 11
80 70
26 23
46 34
3 2
85 40
8 5
28 6
85 29
95 61
66 64
84 22
37 27
21 7
44 10
71 40
19 2
6 3
100 43
77 71
70 44
2 2
18 14
55 29
22 17
4 3
69 17
42 2
52 36
61 12
40 2
41 41
21 21
87 49
63 45
27 6
18 18
33 20
8 3
82 13
5 5
9 6
36 22
84 37
95 34
57 2
93 72
37 32
15 11
96 84
18 17
66 51
96 26
59 42
24 7
80 65
35 29
96 39
81 49
8 5
10 5
10 3
97 63
60 19
86 82
87 41
61 33
69 6
16 11
15 10
6 4
80 54
42 14
20 2
55 13
80 28
12 3
98 3
9 3
43 40
79 73
40 27
66 2
87 52
13 8
30 3
56 29
74 12
83 17
68 68
99 90
32 17
47 11
46 20
76 12
78 30
65 25
100 17
86 76
28 22
82 13
43 35
13 13
97 59
28 22
86 27
62 38
81 44
43 11
82 65
14 13
20 11
27 18
53 44
68 60
34 26
89 46
6 3
93 7
92 40
19 7
3 2
30 21
91 4
60 19
5 3
68 15
93 84
51 32
65 6
5 2
92 91
85 58
7 7
63 59
86 86
40 19
7 5
19 10
73 57
82 51
52 52
97 38
74 31
7 5
100 69
69 16
92 62
4 2
2 2
38 29
14 3
33 27
48 48
72 22
28 8
39 13
14 3
88 11
39 22
61 38
31 25
41 19
100 38
52 27
59 42
39 21
23 2
79 32
67 25
63 41
41 14
29 10
4 3
96 78
66 49
57 2
82 29
21 21
56 11
79 7
68 8
39 23
52 21
7 5
76 36
62 44
47 29
50 21
90 11
41 21
13 8
19 4
36 27
15 6
59 52
21 11
89 89
16 13
100 13
53 50
37 21
57 52
12 8
87 5
39 10
87 65
90 78
86 26
51 8
10 4
12 10
52 24
62 24
98 54
57 19
44 19
65 6
29 29
20 5
25 11
22 3
82 81
48 4
82 9
100 32
10 3
35 20
7 5
80 37
34 10
95 25
33 13
32 30
10 3
12 6
74 34
66 30
36 21
48 27
62 43
36 19
87 33
81 5
75 58
5 5
37 7
14 2
14 14
28 10
8 3
64 47
88 5
25 23
34 10
14 14
63 8
92 23
4 3
76 76
89 29
50 15
98 38
19 15
26 18
74 66
53 15
85 18
65 65
17 4
43 9
75 21
22 22
2 2
99 48
64 21
96 88
40 26
15 10
71 16
20 9
71 47
40 17
39 9
43 20
28 24
93 93
31 26
61 51
32 3
51 40
21 21
14 7
23 8
62 54
87 52
33 22
85 28
55 41
13 13
47 12
98 19
21 14
3 2
4 4
7 7
97 90
12 5
28 24
2 2
52 3
73 44
2 2
50 20
20 7
21 17
43 40
65 42
82 5
39 24
29 10
57 28
42 39
75 41
100 56
17 16
59 51
25 20
61 11
99 75
77 51
96 76
25 6
43 42
70 24
95 39
16 10
16 7
39 23
11 10
46 3
63 24
51 42
69 55
34 5
59 10
76 2
92 21
61 38
48 18
98 88
100 98
13 7
47 39
48 31
77 61
24 10
15 11
100 83
36 36
82 65
79 15
58 45
5 2
85 81
87 85
16 4
84 73
55 41
87 14
34 12
95 57
63 7
87 82
32 29
44 39
85 13
94 33
86 56
89 27
93 51
40 4
92 52
55 30
77 4
11 7
100 51
46 27
92 72
35 27
33 11
44 33
33 3
76 22
100 84
52 31
34 34
34 4
46 26
35 5
42 9
86 42
69 4
12 5
97 8
19 10
55 47
76 34
31 16
22 19
50 24
82 50
100 11
81 63
4 2
94 2
11 8
39 6
42 30
36 21
63 32
72 5
26 19
54 3
55 46
94 89
2 2
77 24
28 23
90 47
56 22
77 31
32 22
100 71
96 48
23 2
61 15
78 66
12 4
51 16
39 35
25 6
32 9
48 17
78 27
65 48
41 29
17 12
24 12
58 21
62 10
37 9
74 37
74 56
26 6
31 9
44 40
56 51
93 65
54 16
72 10
88 3
6 6
48 23
74 73
94 31
32 4
16 10
2 2
23 12
4 2
47 34
43 25
11 3
61 19
57 35
58 16
44 25
44 19
26 6
17 2
59 38
4 4
45 29
41 6
24 4
73 51
9 5
83 70
65 20
44 26
50 13
54 10
94 20
60 32
77 12
95 33
97 14
27 17
54 49
60 33
3 2
97 60
20 3
24 24
63 54
15 15
86 2
36 17
40 6
63 43
49 29
71 20
39 11
85 22
50 19
14 7
80 24
73 50
40 22
10 4
3 2
97 24
80 60
8 2
52 23
67 55
60 55
16 6
33 8
97 55
83 57
26 11
4 4
20 19
77 9
85 72
19 5
22 20
77 66
72 27
23 20
67 15
49 28
17 9
100 24
33 3
65 24
37 11
56 31
49 23
42 4
53 35
72 49
10 7
83 16
61 46
28 28
92 24
97 21
61 61
100 16
66 62
67 26
98 77
18 11
37 12
75 57
55 42
90 43
18 15
36 18
34 9
39 4
36 4
36 34
64 24
58 35
24 12
92 18
20 3
11 3
93 37
67 56
91 54
26 4
54 7
33 32
49 36
24 17
25 12
26 17
11 9
94 73
8 4
34 7
38 25
19 5
92 31
51 44
20 9
97 29
32 15
33 13
52 10
17 6
38 36
31 17
43 41
15 10
42 36
86 32
48 12
97 54
59 53
91 16
26 14
9 5
28 7
96 79
29 5
77 44
59 38
5 3
61 52
3 2
85 30
35 31
85 27
69 29
24 6
31 26
7 3
41 24
41 7
45 45
52 33
61 7
24 14
3 3
35 22
67 14
7 6
37 22
2 2
93 78
80 58
96 42
34 7
60 24
34 15
89 55
35 14
90 60
84 42
70 9
62 45
31 13
33 3
98 32
88 29
55 6
16 12
93 43
61 30
40 35
4 2
14 13
36 7
13 13
33 4
55 47
98 84
65 53
72 68
28 17
25 24
93 7
10 2
99 40
87 27
96 17
40 26
50 50
25 18
30 24
66 18
53 6
40 30
96 41
84 34
6 5
59 33
27 18
6 6
53 27
52 22
66 22
26 16
74 69
99 22
64 51
45 36
4 3
28 25
47 26
46 45
61 58
97 14
16 8
81 34
53 23
81 51
28 5
78 20
52 21
4 3
10 5
93 88
19 9
44 22
64 45
85 65
55 17
74 41
70 12
8 8
59 49
13 2
97 23
8 7
68 29
33 16
56 2
58 38
35 28
69 48
4 4
24 13
50 39
64 8
14 4
7 5
33 30
99 17
29 14
87 28
63 46
29 3
84 39
90 30
27 14
100 70
34 14
17 8
69 37
87 8
36 4
88 82
26 17
53 16
88 79
84 31
43 14
3 2
64 18
64 43
6 5
46 16
32 26
83 73
26 13
75 34
35 33
3 2
62 5
66 22
10 7
29 5
28 5
64 51
27 14
17 6
14 13
30 23
58 57
65 3
35 19
75 55
22 11
33 18
73 40
48 46
5 4
15 8
98 69
11 6
87 74
90 27
78 59
17 7
52 28
9 3
72 33
75 52
33 5
97 43
75 36
65 15
57 35
70 65
26 16
38 23
16 16
38 36
22 11
87 14
37 7
12 6
16 6
21 21
66 25
8 7
45 26
95 65
59 16
46 39
12 3
82 34
89 66
58 10
51 47
63 26
32 13
48 25
21 4
15 6
67 63
9 3
8 6
33 20
40 5
85 49
19 7
55 46
12 7
72 48
63 28
93 88
64 60
14 4
28 22
30 2
55 11
97 48
90 39
41 18
42 19
66 42
82 67
78 12
52 20
94 63
57 26
15 2
4 3
27 8
55 5
67 22
91 76
76 5
23 2
70 42
74 35
100 64
28 2
3 3
23 19
73 12
22 8
4 3
98 39
81 15
64 16
85 38
92 37
11 6
94 79
82 49
13 10
23 21
99 53
65 45
97 59
91 88
36 35
53 20
23 17
93 38
36 28
83 16
12 9
76 73
15 8
84 32
99 66
60 5
15 15
15 10
51 18
83 24
51 50
38 36
34 34
2 2
82 40
6 6
11 9
78 71
36 17
24 9
32 27
4 3
22 16
45 5
37 19
47 9
9 4
8 3
10 5
20 4
47 36
8 7
64 61
61 51
59 50
76 13
32 4
20 7
59 52
20 5
34 22
85 23
52 52
52 27
41 19
26 19
75 15
32 14
43 13
91 88
29 17
46 38
100 93
85 58
26 11
72 31
75 70
53 4
15 11
89 20
44 17
78 18
61 11
20 7
55 10
24 9
9 5
94 75
81 4
53 40
64 15
52 45
32 9
68 9
61 60
8 8
2 2
70 65
59 10
82 53
34 14
81 67
23 6
82 20
96 20
68 27
94 9
78 52
41 11
25 5
17 3
98 36
34 2
99 28
50 41
6 5
79 14
46 20
10 8
69 15
93 35
98 83
10 6
69 67
24 23
68 34
38 6
48 45
86 49
86 69
68 39
28 27
46 40
68 51
73 57
2 2
74 29
46 10
92 86
30 12
10 10
66 22
13 12
17 4
88 47
15 8
45 23
4 3
84 63
4 4
44 14
37 36
8 3
47 31
98 69
6 4
12 9
62 47
19 5
64 46
48 21
61 35
89 2
57 47
53 51
13 9
88 88
78 20
70 65
60 7
61 46
58 2
80 16
63 22
65 15
61 10
98 18
37 32
42 29
70 66
94 27
8 8
58 18
69 40
40 5
66 44
69 37
19 5
62 24
57 30
34 19
53 39
86 4
75 33
74 43
82 20
47 36
35 32
24 21
52 18
56 43
34 20
48 19
18 11
58 34
78 19
84 17
96 6
49 32
15 8
89 69
73 31
86 55
5 5
46 6
15 11
71 18
71 66
95 7
14 8
77 19
42 8
49 34
93 61
95 19
45 38
80 58
10 8
84 38
78 59
17 8
27 20
92 20
50 24
82 32
81 39
13 2
68 32
91 58
69 10
14 5
3 3
83 60
98 25
26 15
93 65
71 34
4 3
6 4
47 43
28 17
77 57
94 9
41 11
94 92
53 27
5 5
63 55
71 7
63 58
45 8
80 2
93 10
71 36
80 30
3 3
12 6
74 22
78 18
95 72
84 79
73 69
48 43
78 50
72 36
96 81
31 7
91 41
98 57
72 13
53 53
67 31
57 6
15 8
86 84
14 11
7 3
98 83
8 4
34 30
34 21
49 25
85 55
14 8
62 52
60 28
97 41
21 5
7 7
28 22
95 21
17 15
38 22
96 30
84 43
67 49
93 27
41 34
43 32
39 9
33 18
63 62
100 75
70 48
34 20
83 59
20 6
14 13
16 11
39 35
63 17
50 47
61 5
50 12
27 19
98 32
8 3
62 17
28 4
40 29
44 26
67 36
98 49
24 22
9 7
21 16
8 2
18 17
95 39
82 47
22 13
41 38
27 15
83 50
87 30
47 17
3 2
18 7
67 16
42 39
17 17
53 6
36 9
28 28
69 10
43 12
55 28
37 18
79 7
81 66
37 13
72 35
65 52
36 3
57 21
44 8
30 3
75 73
91 16
72 44
4 2
36 28
21 19
79 27
97 14
63 58
88 75
77 41
89 50
75 69
25 3
52 29
40 20
96 54
14 6
48 45
51 3
11 5
50 22
66 41
91 58
98 3
50 23
70 7
6 5
18 5
35 5
69 17
41 20
13 5
21 7
62 5
37 20
40 24
29 20
88 72
27 19
80 38
55 9
52 9
51 26
61 24
36 16
4 3
63 15
89 42
3 2
97 43
6 2
100 35
39 24
71 8
64 25
76 50
4 2
46 33
7 5
73 41
72 69
56 28
63 45
21 16
57 53
30 9
62 32
10 6
29 10
91 83
90 60
7 3
62 62
68 54
14 11
62 38
26 26
91 62
75 2
29 27
20 11
28 5
14 10
54 45
2 2
89 67
41 24
25 15
81 12
23 2
74 10
81 24
74 48
38 27
36 10
52 30
68 18
24 14
28 24
37 14
39 16
81 47
12 5
8 6
20 13
41 36
92 76
83 9
50 43
75 11
71 27
23 15
30 7
84 6
4 2
60 33
94 33
35 26
100 50
77 18
90 84
13 3
91 20
90 33
11 2
30 11
51 42
7 4
45 2
69 44
30 21
54 4
42 41
11 5
37 16
96 28
3 2
96 14
26 13
82 50
92 85
79 77
64 52
68 59
62 27
60 2
97 90
89 62
39 33
74 47
98 15
44 36
3 2
39 22
52 46
38 4
16 11
36 17
19 8
54 34
84 83
44 29
58 26
82 10
68 52
84 84
77 16
39 30
62 4
67 9
87 3
93 43
67 14
63 51
37 11
85 36
40 12
100 36
53 11
89 2
21 14
92 16
14 9
58 35
8 6
14 4
39 7
84 33
88 19
71 30
31 9
94 63
7 7
3 3
96 31
95 60
30 12
14 3
50 25
77 49
3 2
91 66
16 8
74 69
99 81
22 2
32 10
100 88
34 28
57 50
92 21
14 7
20 11
97 82
60 51
59 2
77 45
60 28
58 29
26 23
5 4
98 9
85 78
80 54
79 11
93 22
6 6
15 2
16 9
74 45
78 51
77 63
46 20
2 2
26 18
30 9
4 4
73 5
44 33
22 20
96 20
46 31
73 52
39 4
22 5
91 37
29 10
92 17
89 81
20 14
10 6
64 20
63 15
16 4
45 18
99 97
64 8
100 39
81 80
14 11
9 3
7 3
67 38
52 36
55 19
94 4
44 7
18 2
17 2
13 3
74 34
17 15
57 39
89 30
88 40
7 2
60 32
24 13
22 2
85 76
86 45
57 2
12 3
25 19
40 23
44 9
49 12
75 47
87 86
14 2
43 17
43 6
68 20
28 11
69 47
67 49
52 16
44 19
56 56
31 16
29 4
70 46
18 6
6 5
51 21
62 30
54 4
35 34
9 2
67 35
59 16
13 11
17 2
43 26
64 21
68 62
63 24
40 6
89 66
95 78
40 13
75 30
74 33
47 14
36 3
66 35
2 2
94 89
82 63
47 3
30 28
39 13
19 2
70 43
75 35
3 2
25 16
57 31
75 9
7 6
59 3
30 11
96 60
84 58
93 86
71 16
3 2
32 26
38 25
95 46
35 2
13 6
60 58
75 71
77 19
35 20
42 38
39 35
46 45
41 16
15 3
36 31
10 6
6 2
88 69
72 19
13 3
40 23
55 30
90 6
27 9
98 66
27 11
26 12
42 41
34 22
94 48
83 79
80 10
6 6
5 2
79 47
89 11
85 82
27 23
27 20
36 24
92 79
69 63
57 25
78 19
78 70
36 5
49 36
34 31
88 64
75 53
100 44
89 33
61 25
59 47
43 17
72 60
52 14
33 11
63 39
10 2
100 26
21 11
73 32
91 78
56 54
97 6
42 25
39 23
95 51
20 3
49 15
11 7
99 68
36 7
26 16
22 2
14 4
15 3
19 6
6 2
22 13
11 11
44 18
83 12
28 24
72 2
2 2
69 33
56 31
34 11
44 17
90 46
59 53
91 66
82 23
19 7
15 10
45 25
11 8
29 13
43 35
18 16
96 48
85 33
71 15
95 11
27 27
52 51
48 44
9 3
83 7
5 2
34 14
3 2
39 6
13 12
25 5
82 80
47 17
40 37
23 13
10 4
47 19
86 35
78 36
49 16
5 2
68 47
7 3
93 84
77 70
16 12
39 26
88 18
18 16
91 57
46 3
37 36
94 56
92 73
18 10
16 9
5 4
5 5
59 48
53 38
33 26
55 28
84 62
54 53
66 15
42 37
58 16
46 14
86 32
30 7
62 6
13 10
81 11
40 28
34 20
42 26
40 33
62 49
42 23
93 92
55 7
83 11
51 11
72 22
40 35
19 10
65 33
23 2
50 18
3 3
55 9
58 16
21 5
29 28
79 29
17 15
11 5
68 28
45 14
6 6
70 46
52 45
50 26
83 4
7 2
11 3
92 75
95 74
20 6
78 66
5 5
59 15
40 33
51 18
13 10
32 7
39 4
13 9
27 16
69 43
23 16
84 59
85 56
32 26
33 24
82 6
42 20
93 67
26 20
76 20
2 2
33 13
100 70
44 42
17 6
10 3
51 29
63 43
2 2
53 10
3 3
56 34
15 4
18 9
15 8
78 16
29 14
57 55
73 35
91 90
45 18
100 38
90 7
88 70
78 24
70 34
93 85
34 10
86 28
84 28
5 4
47 43
69 6
49 26
27 3
90 13
60 27
34 18
79 39
91 41
40 18
20 15
92 19
93 74
37 2
54 47
69 40
38 16
38 35
78 26
77 43
8 7
85 83
27 27
15 14
18 16
10 5
75 2
62 38
20 17
74 31
13 6
92 80
79 25
66 54
11 11
92 11
99 43
55 17
34 13
33 20
8 7
97 79
94 65
46 27
24 2
47 42
71 26
75 63
72 57
55 52
8 5
33 9
37 12
61 11
35 29
5 3
11 10
25 13
84 44
63 52
12 5
90 40
8 5
70 2
95 38
34 28
97 84
35 32
27 23
41 19
64 53
6 5
59 19
99 80
24 12
14 5
45 21
39 35
95 76
64 25
42 37
60 10
34 3
16 8
61 13
96 35
23 7
92 51
12 6
99 63
70 43
85 6
34 28
55 7
63 52
95 64
53 11
90 57
66 32
97 7
51 50
92 39
20 9
68 51
75 14
19 7
65 51
35 15
90 26
71 45
18 18
49 33
72 2
97 67
40 26
95 27
68 40
75 12
77 73
46 46
30 16
91 27
29 3
94 28
17 7
94 26
9 4
20 19
4 3
7 7
67 7
59 50
86 55
78 38
84 12
15 9
33 16
10 6
94 47
60 51
58 4
55 40
35 26
8 7
24 11
88 24
85 62
89 40
69 34
63 58
38 29
27 9
97 20
35 12
74 18
79 14
38 23
29 21
9 7
88 20
46 15
71 7
28 26
92 15
82 62
3 3
48 40
57 9
44 17
45 35
52 38
17 11
81 73
90 64
79 6
36 7
80 29
36 12
53 20
67 39
81 46
73 42
21 10
73 27
65 50
58 11
32 23
35 20
16 13
43 4
51 39
82 15
32 32
67 66
86 39
6 5
24 20
34 2
70 8
19 4
44 23
79 19
31 14
26 3
58 55
59 41
7 3
12 12
32 6
90 22
90 20
34 19
86 38
71 22
65 38
88 45
36 33
54 17
74 25
21 4
86 59
28 3
71 47
30 19
89 74
30 14
41 33
13 5
19 6
18 8
41 12
41 27
74 57
44 19
71 16
56 13
51 3
49 46
8 3
48 39
45 33
67 59
92 63
13 11
31 14
87 2
87 54
69 60
77 26
22 4
39 20
90 84
22 9
10 5
86 66
70 44
70 14
13 4
42 10
51 48
93 75
52 17
32 31
59 21
12 5
6 5
49 42
58 47
29 21
54 52
21 4
64 36
68 16
75 74
7 5
67 67
67 7
41 38
27 17
19 19
5 4
95 91
98 18
45 31
46 27
96 70
32 31
61 25
32 32
63 25
46 9
35 27
85 52
82 73
21 9
32 6
56 21
95 2
22 20
30 28
25 22
21 14
66 65
15 10
27 9
100 59
57 56
79 47
42 12
62 30
99 69
5 2
56 46
62 6
49 41
67 45
60 10
56 44
66 10
54 31
67 62
23 6
62 50
31 25
50 20
7 3
62 13
65 24
84 22
68 11
36 7
92 58
66 62
14 10
41 15
89 84
11 11
52 21
21 4
54 8
66 26
58 10
16 11
88 49
35 27
27 9
63 53
87 76
30 21
9 4
54 35
65 42
34 5
10 7
18 16
94 89
37 13
29 20
22 12
30 4
9 8
96 43
90 58
15 3
57 20
79 31
36 36
89 42
16 13
16 9
63 26
32 6
28 11
30 15
50 31
9 6
21 13
47 15
78 9
30 10
85 85
39 3
54 53
75 67
54 31
7 2
63 29
92 15
89 78
30 3
13 13
90 78
35 6
6 4
49 24
76 40
25 5
41 5
89 47
17 14
90 89
59 22
61 61
30 23
79 10
26 21
13 7
39 28
17 8
28 10
96 16
25 11
63 43
96 47
60 32
71 15
85 41
49 32
55 6
68 39
28 14
43 34
54 9
76 20
63 17
97 2
23 22
75 53
32 16
86 54
80 54
72 62
31 30
39 30
39 2
88 71
26 12
6 6
20 2
6 4
32 25
27 2
55 31
96 92
93 46
49 37
72 40
5 3
50 28
61 15
3 2
100 35
66 62
37 17
18 5
93 42
70 4
27 8
17 6
4 4
88 50
10 4
18 10
17 13
27 15
35 9
44 39
83 38
90 77
18 6
81 22
41 5
69 13
66 31
56 44
34 5
42 31
75 66
72 16
91 28
6 2
20 3
74 17
91 60
13 3
86 24
81 64
13 13
68 2
25 13
59 51
59 4
86 8
98 62
92 47
34 34
33 32
91 75
100 3
14 7
49 15
22 4
43 2
54 7
38 14
28 26
66 13
3 2
68 20
2 2
31 18
83 44
74 58
66 32
79 69
61 31
64 41
31 29
58 33
28 10
92 28
99 27
55 24
92 30
53 41
35 5
60 35
43 22
39 39
88 12
97 36
67 55
25 21
37 24
44 15
7 5
82 67
92 81
58 16
21 7
9 5
77 51
13 2
96 84
84 66
89 32
33 28
12 9
58 47
4 3
84 31
39 8
14 12
99 17
45 7
2 2
63 48
77 4
82 65
86 74
41 36
70 42
47 29
84 54
93 92
93 69
100 12
37 6
70 30
30 7
69 64
13 7
64 59
99 42
6 3
53 30
58 5
60 47
97 87
22 7
79 31
15 8
85 59
23 13
9 5
62 16
92 28
8 5
73 20
49 9
56 11
83 11
58 7
87 18
38 9
70 6
37 33
28 10
23 2
36 3
17 11
33 23
31 6
50 47
100 9
47 31
74 49
98 24
53 6
67 3
88 43
93 29
77 12
68 34
97 89
38 38
89 20
19 18
38 6
38 10
87 50
96 30
14 7
59 2
45 37
14 10
94 44
7 5
72 35
12 2
85 53
13 13
48 35
71 31
22 10
45 18
77 72
46 43
7 2
14 7
50 9
81 66
27 16
76 38
95 81
33 4
34 30
90 21
62 21
24 3
86 43
26 26
74 47
55 25
11 6
62 36
33 20
70 45
64 47
28 3
52 16
93 38
69 54
70 69
21 7
67 14
32 16
98 18
2 2
58 22
9 3
27 21
19 17
21 20
69 9
14 2
95 85
83 46
72 66
10 10
56 10
21 13
95 38
86 2
26 24
100 90
79 44
35 9
6 2
2 2
100 73
16 8
52 12
33 3
90 29
6 2
32 16
61 34
40 5
35 25
62 52
27 6
97 80
77 53
81 20
68 14
25 18
14 5
79 76
59 13
55 42
31 29
60 36
64 27
82 52
53 43
40 14
97 93
75 25
38 21
24 7
17 12
92 77
5 2
25 12
8 3
47 22
51 46
55 16
34 26
77 12
43 43
66 29
43 39
38 19
93 58
83 81
100 52
21 20
78 11
67 38
23 9
31 19
25 23
4 2
15 8
46 39
12 2
50 5
92 47
60 46
84 34
42 39
2 2
23 19
47 37
17 3
89 32
96 29
45 18
70 26
67 59
23 12
18 6
73 65
62 50
30 6
85 6
100 61
30 14
78 43
28 4
44 27
26 9
71 71
27 23
63 50
80 71
79 60
95 64
95 16
79 73
31 15
23 18
50 40
65 19
80 41
19 11
80 13
44 27
8 2
49 10
80 67
42 18
95 35
19 4
20 15
17 16
26 14
69 13
8 8
4 4
71 5
93 21
18 9
31 26
25 11
95 38
51 10
10 9
64 6
20 9
68 58
46 22
20 2
78 64
44 27
52 49
19 11
89 41
91 76
14 9
67 64
72 18
24 19
98 93
16 15
41 18
36 7
79 3
26 5
67 16
27 6
5 2
4 2
95 7
44 30
77 8
5 5
8 5
32 15
11 9
35 34
88 42
37 32
45 13
82 69
58 51
43 3
83 74
85 61
6 3
3 3
6 4
15 10
6 4
45 14
59 27
44 23
73 67
17 10
12 8
53 45
95 81
98 70
10 10
49 43
36 3
72 37
40 37
18 8
92 59
18 17
44 12
90 64
87 36
93 91
64 4
10 8
87 41
2 2
4 3
75 49
37 15
60 30
91 52
25 18
87 72
82 16
93 53
47 41
69 36
34 6
98 14
8 5
6 6
62 49
2 2
29 11
93 47
46 4
87 14
48 45
85 51
85 19
35 23
65 56
9 8
77 36
27 19
40 21
15 4
51 36
51 47
94 17
100 96
87 8
37 12
78 50
91 3
80 27
24 15
39 5
100 45
82 36
72 56
54 29
43 11
87 5
57 8
99 33
70 9
85 58
94 89
32 6
86 57
64 43
56 40
70 30
50 50
10 10
62 51
23 15
53 48
5 2
12 10
9 9
66 2
60 11
84 27
21 11
44 44
36 29
61 18
45 45
50 32
92 80
6 2
39 16
100 33
26 25
88 48
82 60
16 14
34 15
30 15
53 45
31 27
72 8
21 8
28 8
33 14
42 18
11 7
96 51
34 10
64 22
36 13
65 15
80 37
89 62
41 2
33 21
48 38
64 12
16 7
9 5
77 50
71 55
31 27
68 30
24 19
35 5
14 6
22 15
44 27
41 33
97 21
89 18
19 6
51 37
14 6
90 83
84 41
54 30
31 5
52 46
87 59
14 9
97 71
59 33
83 67
63 25
8 3
48 28
71 18
74 53
69 53
26 22
48 15
8 8
4 2
100 40
64 2
37 20
74 64
10 9
51 43
62 26
37 25
13 8
85 80
65 64
19 15
22 14
96 83
56 20
87 67
45 4
16 9
43 21
76 57
26 19
51 17
63 33
91 44
59 52
17 11
98 2
73 73
11 4
51 2
38 33
3 3
100 63
9 5
89 42
88 68
3 2
22 22
35 29
23 15
71 37
31 3
97 80
96 86
21 7
26 17
11 3
27 5
78 49
90 86
77 46
29 5
31 30
94 41
36 31
93 22
99 70
11 4
17 7
97 44
18 2
11 4
92 44
25 13
56 55
67 9
85 37
97 61
10 10
93 26
85 13
24 9
49 48
20 11
13 2
84 21
92 63
6 5
45 3
72 17
8 7
72 14
36 11
23 11
92 6
19 9
34 6
91 76
21 7
97 68
32 9
64 55
90 17
86 35
8 7
90 79
3 3
97 21
12 12
49 12
58 38
51 45
92 11
44 14
12 9
23 11
23 17
43 14
36 16
51 37
92 72
82 47
65 54
4 3
85 47
73 24
93 3
35 3
33 23
57 53
27 12
4 2
53 41
14 4
37 30
73 15
43 9
55 5
57 37
10 3
32 2
67 59
98 25
90 58
99 87
93 7
84 55
46 3
63 3
68 48
97 48
66 39
92 33
68 28
7 7
45 7
74 19
2 2
23 12
19 12
56 48
56 16
69 38
32 10
25 18
97 74
18 10
60 33
35 3
68 38
26 17
32 12
91 53
17 13
87 24
96 75
97 53
6 2
33 14
77 22
87 62
91 44
35 8
66 50
37 36
30 10
64 34
68 52
98 80
81 68
63 52
52 50
79 70
60 28
52 32
50 26
15 2
56 13
41 4
71 16
84 34
56 20
96 35
74 12
54 10
51 28
75 55
48 33
59 6
49 34
12 2
93 59
19 19
9 8
94 79
84 73
24 17
20 15
93 87
34 15
77 58
92 81
74 34
69 66
84 3
47 21
27 23
61 25
96 93
82 50
9 6
8 7
16 7
10 3
63 34
24 12
48 15
18 13
77 43
76 57
5 4
40 18
86 32
24 22
11 11
80 49
75 57
77 58
57 44
55 35
97 56
55 4
7 2
79 63
68 32
81 15
88 79
88 8
39 27
33 25
79 75
5 4
58 19
23 12
30 30
43 26
26 25
61 33
25 24
29 22
15 10
60 15
19 8
35 32
12 4
45 8
98 97
44 27
41 2
37 5
64 62
59 31
32 8
80 65
35 32
63 28
34 9
64 29
15 13
79 72
28 24
97 92
37 5
86 4
91 15
6 6
63 21
18 18
8 7
73 53
42 32
61 57
15 8
84 49
10 9
21 19
94 47
45 3
53 33
89 78
3 3
20 12
49 45
