10000
98 46
80 23
83 79
20 12
87 23
80 38
51 51
48 4
63 36
15 4
63 60
95 57
33 4
50 20
6 6
11 2
7 7
79 26
81 54
64 10
16 5
83 76
15 2
39 22
85 41
83 63
39 21
62 20
67 62
31 5
80 53
51 29
50 30
96 66
72 60
66 26
31 19
11 10
82 36
42 30
52 43
27 9
19 18
95 21
11 5
28 6
78 17
20 11
63 13
35 4
2 2
77 73
90 89
98 45
71 41
8 3
82 62
75 44
71 59
25 10
41 18
11 3
34 30
39 16
38 31
23 10
20 10
10 2
80 26
84 73
16 12
18 14
24 8
96 20
87 74
86 42
23 8
79 33
16 10
9 4
77 60
38 3
70 26
36 32
56 12
84 14
89 2
15 11
11 2
83 46
51 33
60 41
20 7
83 27
56 53
14 5
88 21
100 13
19 18
2 2
48 44
40 25
100 43
31 13
47 28
66 51
63 63
74 18
65 13
68 64
10 9
75 29
2 2
97 84
36 17
100 94
51 29
59 42
33 10
100 64
65 26
59 40
23 13
100 37
38 28
34 2
77 24
99 54
51 2
12 3
85 39
99 27
23 11
75 74
80 55
89 23
67 8
43 34
46 38
100 98
98 48
6 4
29 3
82 72
24 3
63 2
24 11
26 19
61 30
47 14
54 53
82 77
59 39
36 21
42 23
55 38
53 45
17 3
22 6
10 6
52 40
27 14
100 81
67 25
75 66
99 89
34 16
78 70
82 52
11 8
42 34
100 15
19 8
84 64
24 24
28 20
38 16
3 3
41 8
43 40
37 25
25 15
17 8
83 66
99 28
65 64
82 36
10 4
99 5
5 5
78 7
27 7
12 5
28 15
22 5
91 49
53 51
69 43
92 38
47 18
67 22
76 44
22 2
57 16
98 27
16 6
22 7
86 13
32 20
7 5
83 54
94 34
23 19
87 23
44 42
9 7
17 16
92 19
12 12
49 4
6 3
35 35
13 10
64 17
85 56
56 2
88 80
94 80
68 39
76 2
76 66
10 8
90 68
12 11
79 3
64 45
22 18
5 3
15 9
44 22
87 63
72 67
87 86
53 11
28 10
82 75
99 89
11 5
18 2
28 28
62 7
100 95
35 18
51 16
14 6
46 22
23 6
35 20
99 57
34 4
39 35
36 33
87 38
45 27
68 49
77 13
15 6
46 35
61 59
9 6
30 24
5 4
34 2
61 13
20 14
32 3
67 59
5 4
36 31
7 3
16 6
75 60
72 33
90 90
16 5
8 2
76 48
73 46
50 7
23 16
94 56
3 3
77 76
69 44
75 56
79 67
57 40
4 2
34 18
26 2
42 30
4 3
30 10
37 6
53 44
29 2
87 35
91 38
91 13
60 26
58 36
78 33
35 33
57 46
4 4
34 28
82 74
48 39
60 50
41 13
58 38
84 60
31 11
17 6
60 48
91 54
42 32
21 12
32 29
10 7
66 10
57 12
95 81
100 5
30 23
33 22
33 26
78 4
4 4
57 37
4 4
44 11
7 2
43 13
88 49
48 2
53 10
69 23
22 18
51 16
19 5
50 25
32 16
8 5
19 8
40 15
70 25
24 17
66 25
83 58
73 50
38 21
18 7
75 20
88 53
51 11
34 32
32 5
67 67
65 21
99 52
48 48
66 56
74 36
57 24
41 28
54 19
58 11
36 31
70 58
10 8
7 6
12 8
37 34
91 61
98 71
16 15
30 14
84 23
23 8
21 11
17 10
15 2
95 17
18 10
51 18
11 5
8 3
28 4
26 24
73 32
22 10
18 15
60 53
41 32
5 4
91 36
60 27
21 12
62 22
8 8
75 72
4 3
52 18
5 4
90 51
92 18
74 66
32 16
79 61
56 25
39 4
55 40
35 35
25 17
95 27
2 2
32 11
29 7
34 18
74 6
54 27
45 32
4 4
77 15
42 2
90 84
82 55
44 40
53 22
8 2
41 23
71 59
29 19
96 26
31 20
16 10
88 87
26 20
70 21
95 5
5 5
91 15
87 70
42 39
58 21
78 28
86 76
40 16
18 10
74 56
99 58
30 20
9 9
29 19
72 38
62 62
31 23
18 17
3 2
96 3
95 21
45 17
40 7
65 19
98 85
58 21
80 45
11 6
20 11
76 18
74 55
17 11
28 11
44 35
2 2
19 8
30 19
44 21
81 66
68 25
15 9
43 2
39 35
86 3
58 34
19 11
95 18
91 73
5 4
73 8
13 4
54 40
69 9
11 8
69 60
51 7
99 75
81 76
90 76
78 73
21 17
6 4
51 5
12 4
48 29
49 34
14 9
99 61
70 22
67 48
17 17
74 18
6 5
95 18
92 29
42 42
65 13
3 3
93 9
78 48
59 57
72 69
66 2
28 21
91 77
35 20
4 4
38 17
29 10
65 23
40 27
84 73
51 28
57 35
30 22
73 13
87 73
31 28
28 3
92 38
23 8
75 26
6 5
6 2
55 33
28 27
24 22
47 35
98 8
33 4
34 25
42 14
14 8
24 3
81 47
23 9
15 13
66 15
24 9
87 2
2 2
3 2
2 2
6 3
88 15
34 5
34 12
6 3
91 55
66 24
18 11
41 30
8 4
14 5
96 73
62 19
75 28
13 3
44 8
99 42
91 31
39 38
37 26
37 20
35 24
43 35
12 2
21 14
85 71
64 26
46 36
26 18
85 32
92 88
71 5
20 5
22 11
9 3
34 10
2 2
36 14
96 9
46 7
53 38
39 10
51 22
32 4
38 31
72 10
5 3
17 17
91 56
71 44
32 12
41 23
41 34
100 91
10 2
17 3
97 6
44 31
77 75
10 8
68 19
95 87
98 23
22 15
74 29
46 40
14 11
82 34
48 8
66 5
81 6
28 11
72 31
66 31
62 61
89 12
4 2
17 2
64 9
12 6
50 4
71 60
70 43
95 76
9 4
48 40
39 7
9 5
93 2
20 9
7 7
89 87
41 41
99 13
49 5
20 14
64 10
4 3
34 31
38 35
84 37
34 29
21 7
14 11
65 17
33 18
86 78
12 2
94 44
85 65
29 12
34 13
96 79
60 33
77 48
39 29
59 45
55 15
40 4
35 28
84 34
53 24
88 48
66 45
18 4
71 10
78 76
38 35
49 39
19 4
60 39
36 17
39 19
79 10
33 4
60 15
58 32
59 31
57 41
47 28
40 3
20 6
30 20
12 2
58 48
100 21
70 46
91 50
6 4
18 17
98 54
61 16
11 10
61 11
65 25
85 13
25 19
20 15
73 40
43 39
53 19
63 47
7 7
35 9
92 16
13 13
59 9
88 24
18 4
59 24
84 78
38 2
17 2
26 22
51 37
62 52
97 2
90 25
14 8
91 49
67 8
96 26
24 17
35 30
19 17
55 23
73 40
28 6
65 6
19 5
10 3
8 4
7 7
3 3
6 4
29 17
61 52
62 33
88 88
43 19
17 14
12 6
31 23
33 10
83 13
45 4
36 9
43 22
71 7
63 39
54 2
47 38
98 76
75 10
60 51
10 2
78 74
23 15
84 56
97 32
77 77
36 25
45 23
69 10
34 6
96 71
71 8
18 2
96 6
50 23
33 20
86 35
34 18
72 23
77 43
33 33
75 67
13 8
10 3
30 9
71 56
17 9
85 48
38 24
77 7
15 8
58 40
33 29
36 10
46 36
35 29
75 73
23 15
86 67
72 19
59 30
53 53
11 2
24 11
54 3
15 11
5 5
98 85
63 55
13 5
20 14
28 25
28 23
34 19
41 37
33 14
92 13
54 19
84 36
54 50
55 25
58 11
69 59
33 27
99 75
73 46
71 59
67 7
77 20
40 6
9 6
90 75
44 11
30 30
46 11
60 11
67 49
38 31
77 45
10 2
36 33
61 43
39 17
80 75
89 86
53 26
94 60
43 12
94 66
53 28
64 49
54 45
54 35
89 69
29 16
64 31
86 5
54 12
80 37
47 24
43 7
90 12
6 2
5 3
9 8
94 89
68 64
59 13
92 22
41 10
26 14
2 2
49 3
23 7
38 32
51 31
25 4
33 22
97 26
59 43
76 65
54 5
89 84
44 9
67 49
26 23
89 21
26 18
88 43
31 2
90 61
17 5
47 22
83 3
57 52
31 3
8 2
100 46
78 51
47 28
18 13
87 46
14 3
57 5
94 64
6 2
2 2
67 52
18 16
79 29
73 19
19 19
43 35
49 14
87 61
6 5
79 29
16 11
41 36
68 3
82 77
38 29
83 64
13 4
41 7
80 79
66 5
74 54
14 9
8 5
100 55
15 13
66 66
52 26
86 19
94 28
17 5
82 20
50 30
4 3
46 19
22 6
75 3
53 48
93 54
7 2
91 74
97 47
6 2
2 2
67 6
65 39
34 24
57 50
6 2
48 12
99 78
20 6
42 12
92 23
64 23
40 36
7 5
47 4
79 47
16 3
49 41
26 13
78 65
3 2
56 56
70 68
23 15
95 76
68 8
87 70
33 11
7 2
41 41
43 15
19 10
85 16
58 17
9 7
49 36
93 53
39 25
47 45
4 3
34 14
17 4
90 17
32 22
28 22
62 28
93 2
10 7
77 44
76 25
28 18
94 7
39 33
11 2
100 29
84 56
71 67
93 16
82 5
31 18
18 13
28 10
88 64
92 38
39 29
80 57
72 24
93 77
29 4
100 57
23 7
57 21
20 16
82 28
55 53
83 35
25 2
27 20
51 23
16 13
6 2
32 29
13 3
16 9
99 87
28 28
34 9
56 46
43 7
98 84
75 49
51 13
90 72
50 3
98 64
53 29
81 34
53 45
36 29
15 8
68 43
43 5
12 3
12 10
80 40
59 49
91 62
50 16
90 15
78 54
40 11
33 27
58 52
15 7
98 40
98 59
57 52
86 15
74 24
33 33
52 24
42 5
97 85
34 14
93 73
41 18
20 18
91 90
67 21
60 47
15 8
25 23
52 26
42 36
56 49
42 37
54 30
97 79
57 16
81 49
90 12
35 7
16 16
49 29
86 8
35 11
27 19
93 43
61 24
42 8
61 47
98 43
63 12
83 11
4 2
55 23
48 13
40 35
46 23
34 11
45 28
4 3
18 16
54 32
56 27
79 20
22 2
58 35
3 2
71 68
57 17
67 27
43 22
33 24
28 14
29 28
7 2
91 60
16 7
57 34
84 30
32 32
69 43
2 2
76 39
52 22
95 53
43 29
11 3
68 15
65 6
83 33
28 12
26 25
60 15
44 44
62 40
43 31
51 32
76 72
93 52
19 8
8 6
16 12
14 13
73 9
3 3
72 66
70 26
36 20
77 36
40 21
64 44
12 3
96 63
84 32
56 13
25 13
69 25
3 3
73 18
65 7
100 82
66 16
6 5
99 9
22 16
95 39
5 4
44 40
80 22
36 11
100 73
84 23
84 45
29 9
62 56
51 17
60 43
32 17
93 44
67 26
88 54
28 6
85 73
60 49
88 76
25 22
44 33
72 37
85 39
74 58
5 2
23 9
69 17
32 6
62 46
9 3
88 11
50 5
36 8
99 73
52 24
82 78
21 13
65 58
74 5
44 37
71 4
38 18
56 24
66 19
28 17
95 39
32 13
71 69
15 3
62 12
43 20
65 14
5 2
71 50
11 9
51 17
55 31
10 6
94 87
19 15
17 11
2 2
98 49
96 54
90 88
21 19
61 46
26 26
86 38
76 60
82 60
63 42
42 41
29 14
40 17
81 45
19 14
90 38
55 13
27 14
37 20
67 7
35 24
83 41
67 23
22 22
6 3
73 46
81 20
59 34
35 27
88 82
41 14
16 7
67 15
88 19
79 24
95 95
21 12
53 31
65 64
56 39
66 8
53 40
57 33
25 8
9 8
94 9
59 6
4 4
99 17
45 37
19 2
89 21
4 3
34 10
38 28
42 18
37 22
17 7
17 5
40 9
2 2
67 38
66 51
99 49
45 30
85 14
78 41
35 23
67 30
62 62
60 20
20 2
60 34
57 3
59 34
50 11
82 22
41 5
65 64
22 3
54 16
53 36
45 43
78 10
24 6
12 7
17 9
32 29
65 44
80 8
18 6
73 68
65 18
46 38
6 2
49 25
76 72
29 11
28 24
27 17
43 13
40 35
39 31
23 18
22 6
71 54
60 10
76 10
75 47
79 15
18 13
9 5
60 9
89 60
82 69
48 24
93 36
71 65
39 16
68 35
57 18
69 52
76 56
69 37
37 12
92 13
8 7
13 5
70 38
78 39
74 2
12 4
43 11
26 23
63 11
22 3
56 37
68 12
90 55
40 36
20 3
4 3
4 3
22 20
94 12
52 38
16 12
48 26
87 46
90 61
63 4
51 43
73 2
41 25
20 14
20 8
5 4
27 26
27 9
57 11
83 79
46 41
58 52
77 55
51 14
36 28
42 37
84 60
50 16
15 13
74 33
30 24
59 58
43 41
4 3
42 19
40 34
21 4
82 28
92 33
45 23
41 37
37 22
69 39
39 28
13 11
69 61
23 14
91 68
46 24
12 6
31 26
54 8
62 51
26 2
35 5
91 63
80 46
8 2
14 3
9 7
54 33
71 28
82 5
26 5
21 4
34 10
39 24
44 33
52 28
55 42
31 26
70 43
42 13
48 39
81 69
56 48
13 2
52 52
82 4
56 8
53 53
46 30
100 87
27 16
10 2
47 44
72 51
48 23
34 29
57 16
60 10
89 83
12 2
76 27
98 77
34 27
66 22
17 2
93 77
89 10
67 63
13 8
7 5
32 2
36 19
44 36
64 62
91 84
17 10
2 2
96 4
80 42
62 34
49 14
85 80
93 57
36 23
97 9
100 64
86 24
36 29
93 90
56 23
27 15
2 2
49 27
44 26
45 32
15 3
68 39
34 8
12 10
81 59
69 15
11 4
75 50
59 18
13 11
30 30
35 20
24 9
33 13
28 16
93 55
76 52
34 32
40 17
86 67
65 62
59 30
37 13
49 37
15 13
14 7
11 8
78 40
49 7
72 57
8 4
73 47
54 10
69 60
82 51
6 5
45 39
62 58
57 2
98 54
37 17
2 2
84 39
53 27
68 47
79 61
74 28
77 28
22 10
61 31
54 43
27 8
16 5
66 47
92 55
2 2
97 60
62 7
97 46
78 21
68 42
18 16
38 26
10 8
49 15
77 48
26 6
7 7
56 34
64 25
25 19
6 3
35 21
28 14
28 4
77 43
90 30
27 16
69 62
90 61
60 7
32 16
53 47
59 59
41 16
71 6
26 25
86 36
42 11
94 71
55 53
84 49
84 44
39 13
53 10
10 10
87 33
3 3
98 88
97 66
53 30
25 6
98 37
77 18
37 2
39 12
78 64
33 2
54 2
9 6
11 10
85 40
18 11
48 6
97 26
34 23
30 11
9 6
7 7
11 6
46 41
14 11
28 21
72 15
12 11
25 15
89 9
93 5
34 33
32 16
17 4
67 49
63 51
17 2
86 61
76 37
21 2
64 13
65 35
22 9
70 39
11 2
3 2
21 18
56 11
81 79
42 36
25 7
24 24
89 66
23 3
5 3
67 34
99 54
54 10
29 9
75 64
12 10
48 40
58 51
88 65
17 7
3 2
16 5
8 7
19 3
44 20
42 42
58 19
10 6
36 26
69 51
3 3
95 39
72 7
78 27
72 16
22 16
76 32
82 52
94 70
89 52
27 7
46 28
74 29
2 2
8 7
18 18
19 9
76 16
24 8
12 10
74 69
44 36
14 12
90 66
2 2
62 26
21 21
20 5
68 49
34 27
32 11
36 5
21 20
20 8
82 48
17 9
57 32
53 41
55 15
22 13
13 2
20 5
94 45
36 5
83 78
29 24
27 12
67 37
38 21
26 20
18 9
51 35
50 29
24 22
72 11
16 15
66 50
67 15
89 36
37 13
64 31
43 23
88 81
30 23
100 4
46 3
72 35
30 27
8 7
94 42
39 26
52 23
67 14
85 71
78 67
23 5
63 12
55 51
56 38
82 81
76 15
78 43
95 54
96 21
80 46
14 6
77 33
97 64
87 13
77 10
12 4
80 51
12 11
8 7
18 14
41 17
70 22
2 2
63 37
64 28
85 5
88 16
53 9
88 85
53 23
68 35
25 17
66 45
42 13
36 17
63 27
21 3
100 45
29 18
58 7
33 30
94 7
65 6
80 29
48 21
86 43
59 52
60 23
7 6
94 29
22 7
55 5
94 54
35 7
8 4
65 40
14 3
17 13
25 6
17 3
11 11
76 6
73 15
16 10
44 43
18 11
16 5
63 5
46 14
13 13
8 8
30 15
22 7
16 7
53 52
39 35
85 47
78 72
27 11
26 11
90 36
32 16
85 34
42 30
63 44
64 31
21 18
70 13
95 42
92 87
87 69
55 42
63 42
32 18
12 2
68 65
86 36
7 4
21 21
24 3
16 14
21 18
27 6
82 26
48 10
44 13
70 23
5 4
22 12
55 45
30 27
81 39
42 12
25 17
5 3
84 80
31 17
63 6
74 34
47 2
33 16
80 26
66 43
58 30
96 33
9 7
88 35
64 38
13 4
48 23
54 34
89 82
6 3
56 45
58 5
81 18
61 58
3 3
33 17
76 61
63 58
32 28
29 25
47 19
94 81
92 51
50 7
94 25
12 3
31 15
54 51
58 37
14 13
42 17
33 4
51 27
55 14
19 19
15 12
50 5
82 41
29 11
54 22
28 7
3 3
85 83
55 19
57 17
58 54
50 13
51 29
6 2
34 4
30 14
44 33
37 20
58 57
36 35
45 34
8 3
89 80
43 41
93 36
2 2
61 60
33 17
77 75
24 11
89 81
51 48
66 3
78 11
73 50
18 12
82 16
83 47
41 10
52 49
77 45
75 49
88 78
22 21
53 52
50 39
69 9
64 16
48 40
100 49
37 3
74 69
31 17
65 14
25 19
98 33
78 44
81 10
63 38
15 6
54 34
31 14
3 3
59 53
25 2
66 45
86 84
31 15
7 7
65 29
78 4
23 4
20 2
66 22
78 40
76 60
20 8
73 32
23 7
97 76
49 42
81 21
99 23
50 13
72 44
44 4
26 16
61 10
100 12
25 16
72 35
26 12
41 35
4 4
86 34
61 10
25 5
83 82
99 30
78 74
71 59
6 2
90 73
29 13
71 16
95 18
7 4
8 4
96 84
91 34
13 4
45 2
90 87
99 76
50 30
70 23
11 8
15 10
82 42
42 31
58 37
36 11
18 6
45 36
34 20
55 54
44 39
81 39
48 8
59 23
43 40
35 32
61 45
55 26
93 31
78 46
97 60
64 37
41 38
45 7
35 8
97 78
10 2
57 38
80 30
40 33
28 21
19 6
69 56
54 19
61 4
46 28
72 54
71 37
81 60
11 6
98 79
17 16
96 70
96 51
29 25
34 23
94 35
23 21
21 17
17 13
92 31
73 14
17 4
38 15
60 37
82 4
63 25
78 50
32 32
20 20
33 8
81 33
8 4
3 2
89 8
62 7
52 32
2 2
70 48
6 2
80 69
84 82
2 2
43 35
18 2
2 2
78 57
95 30
55 37
5 4
18 18
29 24
45 23
51 7
94 8
76 35
90 38
8 6
21 3
27 6
50 15
54 39
85 8
9 8
58 44
6 6
65 55
86 3
92 58
84 68
44 29
25 20
79 44
51 28
50 20
94 9
29 18
15 7
14 12
55 51
61 59
3 2
14 7
65 29
85 48
43 11
49 32
86 36
52 50
27 3
24 24
100 81
24 3
17 8
81 72
30 22
54 54
6 5
9 5
97 36
43 31
93 83
21 3
45 20
25 7
14 13
69 29
55 45
4 3
19 7
5 2
59 33
26 7
21 13
47 27
6 2
42 33
57 26
75 33
28 12
100 59
28 23
36 3
92 81
65 37
17 16
29 15
100 38
64 59
4 4
43 21
2 2
99 39
63 17
92 4
52 10
11 9
98 25
8 5
15 12
92 86
3 3
97 56
31 21
44 41
81 77
21 18
82 54
49 4
95 61
74 31
66 48
56 32
34 7
61 47
60 8
10 5
23 8
71 57
99 5
22 16
19 8
39 31
11 2
23 18
34 3
16 14
50 44
25 6
67 31
78 70
40 27
69 42
49 43
62 51
46 36
99 65
76 55
90 55
5 3
23 21
25 12
58 20
73 24
4 3
86 67
92 68
55 22
81 81
73 41
17 11
41 15
8 6
23 23
32 6
60 48
79 33
40 32
53 19
37 15
20 20
46 11
71 54
9 2
84 13
18 13
45 11
86 32
17 8
40 37
71 6
46 39
80 70
18 10
28 26
3 3
75 59
67 38
75 9
35 16
86 25
54 7
79 74
45 27
55 29
6 4
92 63
91 66
100 91
22 12
32 32
5 4
83 76
96 71
99 83
87 79
53 40
21 20
86 49
40 14
79 79
64 4
89 13
86 65
67 26
12 4
8 5
96 18
85 53
6 2
61 57
92 78
78 23
98 46
96 66
26 11
4 4
97 97
15 13
11 10
82 61
43 17
73 28
63 43
39 27
16 8
82 20
95 27
84 30
47 40
91 27
18 11
53 40
71 59
19 11
58 51
88 27
38 9
57 12
50 11
54 11
8 5
37 15
15 4
63 20
80 6
41 39
62 57
28 19
88 76
69 14
59 35
85 52
73 45
5 5
5 2
45 27
24 6
4 3
29 16
64 52
50 39
83 56
37 32
10 9
36 18
85 8
99 7
72 4
63 60
100 89
93 82
37 13
20 16
83 20
36 27
94 9
62 14
62 6
39 29
96 81
50 14
21 19
84 55
6 3
18 5
47 13
27 7
83 62
88 5
82 59
36 23
31 23
48 26
26 20
38 12
85 53
39 38
63 4
67 38
82 4
72 56
97 69
63 35
95 54
48 41
58 24
31 3
49 21
88 23
4 4
35 11
43 9
89 56
11 3
16 10
16 12
46 20
69 60
34 25
83 17
42 38
32 18
13 10
70 3
65 28
30 22
50 18
23 19
84 41
78 75
17 4
18 15
20 13
43 38
60 11
44 28
80 40
100 53
63 15
39 14
10 4
32 6
35 8
48 13
61 48
4 4
30 24
99 86
63 25
92 58
53 17
56 17
69 44
42 35
78 38
62 33
49 25
71 22
14 7
58 2
53 37
75 61
34 6
100 74
8 7
26 23
38 33
44 21
11 11
39 33
32 3
12 2
94 17
32 26
59 28
45 42
72 27
29 17
68 2
88 78
39 26
44 22
18 5
60 58
3 2
96 49
99 53
22 19
53 31
61 42
46 5
34 32
61 25
80 42
45 4
100 51
85 43
41 24
68 11
39 5
39 30
83 47
47 30
9 4
11 7
41 28
10 3
3 2
94 2
51 45
37 14
90 6
66 38
45 23
26 13
60 29
68 39
3 3
54 15
58 49
66 39
75 27
58 11
45 31
19 11
96 20
7 2
81 75
14 12
77 73
87 83
61 41
18 14
21 11
8 2
60 42
85 37
3 3
77 26
95 19
47 7
53 49
48 3
25 25
27 4
23 15
81 42
32 13
98 86
27 10
9 2
16 8
71 56
54 52
38 32
75 33
30 19
91 78
16 2
42 6
30 27
30 4
55 11
66 8
88 83
3 3
36 34
25 25
11 7
95 77
47 30
63 41
72 52
87 71
66 6
29 2
84 50
40 36
70 32
98 67
20 19
6 3
82 26
45 19
57 50
44 21
96 37
20 6
75 15
68 14
17 11
34 21
36 19
58 24
78 4
33 14
62 37
45 7
89 62
62 26
31 3
22 19
97 48
80 45
77 53
95 73
74 68
92 50
9 3
53 22
9 4
60 3
52 9
35 6
100 4
90 88
77 54
15 12
22 4
91 90
71 59
24 8
48 45
97 63
40 3
86 79
75 56
58 6
51 50
70 47
20 11
14 10
67 35
2 2
43 28
16 9
17 5
42 42
8 4
12 3
5 4
25 20
82 21
86 79
5 4
22 14
82 65
73 73
79 48
13 2
25 19
85 20
28 5
32 25
54 15
26 16
3 3
45 37
24 20
91 63
66 37
53 28
55 11
97 73
76 6
66 51
62 53
3 2
85 33
97 50
8 8
59 41
71 65
41 30
25 19
48 42
85 82
91 18
94 4
96 24
87 30
49 18
52 23
85 46
49 44
48 35
32 29
88 25
32 5
87 82
13 12
59 35
49 26
86 10
88 54
55 22
9 3
94 63
11 7
51 4
79 59
56 55
51 33
89 47
84 27
93 31
75 68
27 25
45 17
22 6
85 38
11 5
20 5
58 53
56 43
16 12
16 8
17 16
67 47
37 12
100 21
73 43
20 17
81 57
81 63
16 14
36 30
5 3
50 29
100 27
38 12
65 62
35 22
59 12
38 15
34 32
72 59
22 13
55 25
81 50
62 35
38 32
80 63
31 3
100 9
63 2
54 26
60 32
15 8
6 3
28 12
12 6
75 62
97 19
63 59
14 10
34 32
22 14
32 7
58 9
51 42
22 8
17 17
14 3
24 14
100 99
45 16
59 18
11 10
35 2
74 72
64 23
34 10
47 44
40 17
95 26
77 26
57 15
57 28
55 33
15 5
6 6
87 49
35 23
87 29
20 4
79 50
6 5
100 5
4 4
22 16
22 15
39 2
72 53
38 37
42 11
65 48
92 92
14 13
26 25
98 30
2 2
54 8
92 84
92 57
74 49
19 14
61 31
33 21
92 35
12 8
31 14
90 76
96 92
84 39
76 42
45 6
93 92
11 6
83 15
11 10
30 10
98 95
49 7
23 16
19 14
45 31
48 19
2 2
58 33
21 18
30 9
41 31
43 37
34 15
89 33
93 41
39 31
77 6
8 7
97 81
74 11
41 32
36 28
64 53
69 69
63 43
29 19
50 9
20 5
11 6
38 9
17 10
58 58
61 8
87 79
30 2
46 35
87 81
36 32
11 6
68 29
66 30
73 29
78 10
57 24
47 3
14 13
40 38
83 46
29 22
9 6
13 10
14 8
91 52
30 7
40 30
33 30
62 10
91 53
40 10
52 50
80 49
83 25
19 6
69 16
90 72
49 21
11 3
91 23
50 32
86 38
6 5
58 58
97 21
11 11
33 24
65 20
50 31
59 46
17 17
68 55
75 6
15 4
38 17
86 17
4 4
32 8
98 6
20 20
26 26
86 80
46 29
50 18
56 5
81 42
81 55
50 17
15 11
11 7
51 2
69 13
82 80
91 40
93 74
28 4
15 3
15 12
28 12
94 88
18 18
31 29
27 15
36 7
100 2
99 98
56 35
33 18
36 22
2 2
44 2
56 14
22 8
25 12
76 31
9 9
97 43
17 17
92 42
81 80
56 11
55 45
72 13
17 6
28 16
3 3
87 74
42 4
94 78
40 29
15 15
66 32
77 68
35 9
26 18
76 16
65 59
55 32
27 12
99 44
99 97
17 5
98 69
16 2
24 13
87 46
33 20
46 15
41 11
80 75
87 44
21 7
72 57
30 14
60 21
77 6
7 6
53 41
36 4
71 62
49 15
18 2
5 2
49 36
91 40
47 42
75 64
3 3
24 2
84 61
91 68
56 47
12 6
78 22
66 19
66 18
12 4
85 43
12 9
69 37
46 12
57 55
83 50
49 37
56 41
76 28
65 34
59 32
62 62
12 12
11 5
51 34
14 11
85 37
3 2
64 47
99 92
61 30
2 2
34 4
37 20
38 2
80 43
20 14
54 2
35 32
28 5
40 3
88 83
70 33
97 92
55 22
20 19
38 19
16 8
12 7
94 61
83 34
73 56
76 12
15 2
82 57
60 22
11 5
59 25
33 7
37 36
27 14
64 48
94 2
37 25
54 11
88 41
31 24
6 6
60 21
3 3
46 7
58 23
75 38
92 48
82 53
45 13
69 30
22 3
8 6
14 10
72 53
80 65
22 20
6 4
66 12
78 24
75 4
27 3
56 20
33 5
56 21
83 23
82 22
13 5
41 13
78 11
12 11
10 6
43 4
27 27
82 51
51 40
89 72
67 30
34 29
97 90
3 3
68 53
42 11
88 30
28 18
100 85
35 6
30 5
39 15
19 6
72 7
32 17
94 9
88 42
87 39
35 15
28 2
12 5
75 41
20 7
88 12
46 27
32 14
55 36
77 55
27 3
10 8
5 4
95 79
42 36
13 10
83 47
13 11
22 13
27 26
79 79
13 6
76 52
51 46
77 20
59 32
92 47
73 28
2 2
38 35
58 50
69 44
42 40
61 48
85 56
10 9
42 38
89 33
37 30
22 13
44 8
26 18
24 23
6 6
16 16
83 29
51 23
27 10
82 34
64 18
90 3
83 36
31 3
24 13
93 42
49 40
39 11
47 38
13 6
42 18
54 20
51 6
43 3
2 2
66 65
70 65
45 27
30 16
13 10
32 18
83 46
77 4
2 2
33 7
100 34
52 13
2 2
13 3
11 2
32 6
45 36
27 12
41 38
7 5
73 69
46 41
52 36
68 25
78 13
97 31
42 25
57 19
16 11
73 39
56 19
20 8
72 12
39 18
95 65
40 7
100 67
68 60
41 35
6 6
88 26
8 8
87 44
83 64
73 33
61 4
60 52
2 2
4 3
23 14
34 24
15 14
72 6
99 59
17 4
66 26
12 5
46 13
54 15
21 21
94 34
9 5
46 41
94 18
43 36
40 25
36 6
96 52
68 13
28 10
71 62
61 34
59 10
94 54
26 8
52 30
19 18
30 11
16 11
33 3
67 36
92 19
48 25
44 8
29 7
40 18
75 53
24 2
3 3
46 27
12 8
82 25
46 13
26 23
26 4
61 8
43 13
69 18
71 12
21 9
84 48
92 69
42 35
92 46
74 17
56 45
46 8
92 12
78 58
26 8
58 9
58 21
39 4
87 69
15 9
83 39
67 59
58 30
92 68
28 16
67 36
33 26
30 24
85 44
49 32
58 15
32 12
78 71
84 84
46 27
71 58
11 2
12 8
50 40
73 60
25 4
18 3
83 38
89 37
57 8
40 37
50 40
21 21
86 22
69 21
48 15
71 49
57 13
30 13
39 5
97 32
59 12
40 29
2 2
88 39
67 26
88 59
86 78
7 2
52 27
3 3
8 6
41 31
58 54
48 28
94 93
62 39
65 46
50 46
39 29
86 57
80 19
56 44
51 21
26 2
79 58
20 14
96 65
20 19
25 22
41 28
44 7
14 7
5 2
66 44
58 52
56 54
71 59
2 2
15 15
40 27
82 70
80 80
56 10
38 14
20 17
27 11
43 5
41 25
97 72
67 57
67 14
49 35
3 2
3 2
59 14
77 69
63 13
41 11
3 2
68 65
11 7
2 2
17 14
70 42
86 7
80 49
44 21
42 32
47 29
85 29
12 5
33 9
75 56
53 42
75 33
50 42
87 29
46 44
48 27
65 4
53 41
47 28
7 3
66 46
41 16
90 35
11 4
27 20
24 17
65 62
88 36
77 2
74 44
48 21
19 17
32 25
9 8
98 30
19 6
61 49
26 19
48 29
81 7
34 23
89 36
33 29
38 30
64 12
88 9
10 8
10 7
96 20
4 3
56 17
43 12
91 46
65 2
78 74
48 38
8 3
46 43
43 8
94 65
26 17
81 46
11 8
47 43
28 4
64 19
14 12
53 25
76 71
86 66
74 65
34 6
85 71
31 24
14 10
69 33
27 13
85 45
74 32
68 36
61 52
39 22
84 75
27 19
43 15
51 40
77 19
78 4
42 27
74 51
36 5
72 36
45 21
79 48
14 11
39 16
40 14
40 36
83 14
94 74
3 3
43 14
43 28
61 53
36 22
99 84
78 47
71 57
66 62
64 48
73 67
53 40
62 61
72 29
86 63
32 15
74 28
80 21
5 4
3 2
5 3
35 25
53 13
62 8
72 70
34 32
99 53
62 46
80 34
46 24
59 33
84 16
61 20
4 3
68 65
56 35
28 15
31 18
4 3
40 23
58 55
17 13
46 6
17 7
55 24
93 4
81 14
67 62
4 4
87 13
71 64
57 25
6 2
31 30
80 35
86 28
39 2
5 3
92 5
66 6
2 2
11 10
40 2
53 30
67 3
70 25
41 19
69 35
39 26
54 12
19 12
65 61
72 72
12 7
55 54
18 6
31 27
45 41
36 16
60 43
55 8
54 11
94 77
84 13
20 14
71 31
44 25
15 4
53 46
86 30
64 6
7 6
91 56
3 2
48 36
30 18
13 2
92 12
34 2
52 10
82 48
75 38
42 32
84 33
72 61
70 14
28 19
9 5
57 17
87 37
69 33
49 17
6 5
85 61
27 22
21 18
98 23
76 40
30 30
40 36
87 54
97 23
39 4
74 69
56 32
50 38
41 13
33 26
13 7
14 12
26 16
38 37
65 48
94 49
44 9
87 84
69 27
78 47
68 61
77 33
54 11
63 23
36 22
8 3
50 42
92 24
44 17
9 4
46 43
84 80
64 59
90 84
67 9
4 4
88 4
25 9
83 53
63 15
99 49
16 6
59 13
71 42
14 10
37 31
30 17
76 73
31 4
41 26
56 55
69 34
74 73
76 22
60 58
62 47
26 24
28 24
7 6
51 24
98 94
14 7
43 14
40 27
33 33
30 26
7 7
64 7
78 68
8 5
67 48
41 23
23 12
14 10
96 12
79 68
64 25
12 12
66 63
91 71
3 2
76 32
15 11
99 90
38 5
64 13
95 49
27 23
6 3
13 6
58 26
72 28
37 36
78 26
6 4
98 32
4 4
28 11
72 39
62 13
39 7
49 6
78 40
81 69
33 23
80 74
17 9
75 19
4 3
72 17
5 2
34 15
48 24
89 74
38 37
61 53
98 69
93 5
57 46
18 3
53 13
83 70
93 69
32 7
12 11
68 63
73 11
34 2
50 42
7 3
95 92
69 13
36 9
69 30
69 24
83 16
17 12
34 12
35 27
3 3
11 5
23 14
35 7
16 7
96 27
12 2
95 34
81 53
19 7
93 74
36 34
48 32
35 25
14 6
95 72
99 20
40 32
67 47
91 91
43 10
81 23
36 28
14 3
68 17
99 46
24 7
98 9
57 54
9 3
45 28
43 40
40 9
29 13
3 2
29 17
31 21
54 50
39 34
63 40
52 31
67 31
5 3
99 3
66 27
99 9
25 8
24 10
92 91
91 70
99 98
99 88
29 9
42 15
38 16
70 5
89 12
95 10
62 9
2 2
19 7
83 31
61 27
27 22
60 19
20 12
16 13
93 90
79 72
4 3
61 24
69 10
100 88
7 4
97 7
39 38
68 28
43 10
20 4
90 34
80 25
95 2
78 27
84 47
59 36
29 28
82 41
61 9
28 16
54 14
81 56
66 11
90 54
75 33
65 65
37 12
13 10
15 14
2 2
83 69
96 70
10 8
16 2
60 38
48 48
64 4
83 51
51 44
20 4
26 15
20 16
84 41
39 21
92 75
69 36
85 17
95 14
86 52
62 30
88 34
2 2
12 6
31 10
57 11
88 52
42 36
5 2
59 7
58 6
5 3
64 58
35 9
82 13
84 70
63 13
64 63
22 2
44 28
21 16
27 12
17 9
61 61
69 11
30 11
50 26
70 13
85 21
19 8
18 8
94 70
47 18
60 20
76 56
98 71
37 32
74 17
35 25
64 15
91 91
44 26
87 47
45 27
43 33
90 65
43 7
63 43
99 88
86 72
84 31
15 11
33 17
63 62
8 3
51 49
48 2
4 3
19 8
69 65
92 40
82 15
46 39
56 38
88 25
8 7
41 24
51 10
49 47
70 40
34 25
12 10
73 31
48 43
3 3
73 45
71 29
40 17
37 37
58 14
27 9
26 11
63 50
39 23
66 59
80 68
76 37
9 7
100 90
71 31
85 42
77 12
4 2
5 5
89 60
39 4
27 22
39 5
90 81
29 17
23 17
45 27
49 7
65 6
62 9
22 13
53 26
74 44
30 2
84 41
70 68
75 55
99 51
29 26
38 22
73 66
56 28
87 83
42 26
65 46
7 4
68 41
26 15
76 17
43 25
54 10
80 39
87 8
55 37
15 15
84 40
27 23
20 10
51 38
26 12
24 2
35 20
92 89
99 4
68 16
81 68
72 34
43 37
56 27
90 37
24 22
19 10
63 41
78 66
5 5
47 6
75 6
52 5
31 18
22 2
54 16
24 21
76 32
86 76
81 72
72 66
84 65
76 73
87 72
83 19
59 9
45 4
97 39
74 51
69 15
33 18
98 42
36 32
17 16
61 57
36 14
25 25
45 26
85 24
65 44
27 11
58 43
23 2
29 20
46 43
36 3
78 38
10 9
53 35
81 24
11 5
24 6
100 38
38 27
67 20
35 9
17 11
63 33
35 13
56 40
98 17
38 23
55 37
85 21
97 38
54 46
13 2
97 40
63 47
4 2
36 24
54 19
89 25
10 5
41 2
80 2
33 18
8 5
36 22
72 69
32 30
85 22
50 49
82 66
80 63
54 27
11 10
41 4
92 81
22 19
35 34
22 3
78 5
32 10
16 8
72 55
35 33
39 16
45 10
35 24
72 67
92 6
91 84
86 30
89 38
85 39
91 45
90 50
63 14
93 29
12 11
24 8
96 84
28 11
37 23
72 20
34 27
64 28
95 26
30 7
14 10
29 29
32 24
40 7
3 3
54 7
46 12
9 2
23 20
8 2
17 2
2 2
13 8
23 19
21 7
25 13
15 10
18 11
29 26
84 76
81 73
18 3
5 2
40 6
89 78
54 35
80 32
61 15
31 2
6 4
58 54
73 48
53 43
43 33
19 3
86 49
83 43
67 2
95 88
50 35
100 51
44 35
34 32
91 37
51 19
29 24
4 3
79 26
47 23
33 7
31 5
81 34
38 15
98 93
61 54
3 3
18 2
74 74
71 31
93 63
93 87
80 62
46 33
66 56
14 11
99 72
99 5
36 26
56 54
86 64
8 7
34 21
2 2
26 8
26 18
58 24
48 16
39 19
9 7
100 58
86 75
92 15
81 47
7 6
7 4
89 59
92 57
99 30
82 51
5 3
48 8
78 70
91 10
26 16
95 66
10 9
39 32
86 73
96 24
81 70
45 8
33 28
49 23
86 17
36 16
25 19
98 76
66 4
70 55
70 50
86 61
40 27
44 36
93 68
99 76
50 36
38 28
9 6
4 3
42 35
90 74
55 15
14 14
48 4
18 2
15 12
95 54
69 54
61 52
39 35
67 27
22 19
97 41
63 50
75 61
16 11
8 7
89 86
52 41
28 19
78 68
80 36
76 6
77 8
8 2
56 40
40 3
8 2
76 3
80 44
76 53
47 46
72 3
30 11
36 16
53 33
42 35
43 8
99 36
75 17
24 14
74 66
22 22
9 3
55 9
28 18
53 31
7 5
56 36
33 30
51 33
49 26
68 49
45 34
58 30
23 6
13 11
77 38
80 71
28 10
72 11
11 4
16 12
26 16
47 45
80 32
47 10
55 53
16 6
83 5
38 24
93 45
88 40
28 17
76 70
29 7
65 43
42 12
96 92
9 4
44 40
91 56
95 10
100 86
71 37
63 61
59 8
39 7
64 12
60 10
75 19
7 7
99 41
36 15
62 35
66 65
74 3
52 14
44 37
75 20
79 22
73 35
35 3
83 9
81 54
58 2
24 9
46 11
40 5
27 27
72 71
36 7
52 11
20 13
21 7
59 58
83 28
40 4
42 21
53 43
27 8
89 17
44 20
34 20
79 5
62 10
62 7
50 13
32 17
84 61
100 33
75 14
26 8
15 13
21 16
23 20
11 4
59 28
39 37
76 4
97 59
68 21
7 3
67 31
84 78
95 48
97 36
95 61
7 3
45 8
5 5
69 47
88 53
97 30
99 45
93 27
85 30
55 53
85 14
24 22
21 2
93 75
14 9
35 30
83 28
74 54
49 41
100 73
44 38
31 14
15 12
83 43
79 34
58 43
25 9
58 15
10 3
90 21
90 68
86 4
25 12
13 4
27 5
56 9
31 31
11 2
90 55
17 3
97 92
21 7
20 10
69 65
19 15
48 21
16 8
86 73
16 2
66 55
50 45
24 24
60 28
96 42
96 5
25 20
74 73
12 4
12 6
87 33
32 32
53 22
99 23
73 55
11 7
54 20
77 53
6 5
13 10
90 18
13 8
29 25
31 26
25 15
64 28
33 12
56 12
6 2
16 12
22 8
22 22
45 41
77 72
52 36
56 32
44 26
65 26
52 39
82 2
50 30
75 60
98 41
32 11
55 2
31 19
21 19
60 36
91 62
7 5
16 5
28 20
34 13
3 3
78 65
36 26
44 29
65 2
67 23
11 5
35 13
75 65
61 48
65 37
54 37
61 54
80 12
52 31
50 49
8 5
23 12
22 22
88 24
88 33
53 51
2 2
45 19
72 3
82 10
5 4
36 12
83 75
61 34
23 9
61 52
56 35
61 40
57 3
3 3
92 2
89 28
83 25
81 78
21 8
26 6
74 42
89 31
96 11
51 33
33 10
61 48
75 43
30 24
46 14
19 18
59 26
82 67
22 12
7 5
71 25
23 10
40 13
92 86
29 23
57 43
62 3
11 11
80 28
67 55
33 6
48 16
63 31
40 15
81 60
96 74
38 5
77 14
13 6
36 20
2 2
88 7
19 18
83 78
26 5
31 3
90 77
56 48
2 2
89 23
26 14
6 2
57 39
83 13
56 49
89 47
99 15
90 22
22 12
32 28
71 8
22 9
20 18
5 4
18 9
77 70
76 52
14 9
12 4
66 46
9 5
19 12
71 9
93 22
65 37
5 5
98 7
19 8
79 50
22 10
94 31
6 5
53 52
96 39
65 3
41 3
90 81
73 2
29 7
76 59
95 22
34 28
36 25
44 22
27 26
61 26
90 57
42 38
75 12
26 6
16 16
95 22
26 21
69 60
7 7
61 6
34 20
89 18
51 11
80 27
19 11
2 2
69 62
80 53
78 10
57 11
25 23
37 25
4 3
72 34
32 10
89 80
71 52
66 10
58 15
59 45
40 12
100 100
5 2
92 71
79 47
25 17
18 2
4 3
34 34
37 6
20 10
63 17
39 27
26 9
64 56
67 64
62 54
17 11
75 14
40 34
70 67
59 18
42 35
7 6
21 21
21 4
83 56
86 19
43 37
26 25
98 91
28 23
27 14
41 2
94 22
98 97
25 9
74 11
50 15
6 4
84 23
82 75
12 2
94 84
71 26
49 3
54 42
78 5
45 20
53 46
56 26
92 7
4 3
51 31
17 4
91 55
15 10
59 24
57 50
71 41
28 2
45 3
99 94
5 4
15 7
65 60
100 92
48 39
54 3
37 34
51 45
28 8
18 7
43 8
7 7
85 21
16 7
18 14
43 16
65 22
91 73
32 23
20 17
23 15
76 28
75 62
84 38
39 4
11 8
63 32
57 51
83 79
78 74
9 2
80 17
79 11
42 15
4 4
69 36
93 85
74 50
35 6
82 14
27 21
27 23
91 6
93 91
43 5
34 16
55 9
18 5
56 48
8 7
68 68
68 63
10 9
34 34
80 34
74 8
78 51
40 21
90 75
40 20
73 43
53 35
90 73
95 28
7 5
82 30
68 48
41 14
11 10
86 51
2 2
12 4
29 24
11 10
65 10
67 23
56 28
81 37
3 2
18 5
73 42
47 19
13 12
22 6
67 45
74 31
67 56
22 9
57 7
28 6
17 10
68 15
51 15
34 33
75 62
93 26
47 22
98 85
77 45
91 85
52 7
27 25
30 16
13 10
20 18
91 22
25 23
58 35
61 58
37 19
71 38
71 38
74 22
16 10
92 7
82 70
57 10
43 17
96 47
97 21
46 18
47 41
82 51
28 11
79 26
50 49
66 17
87 65
26 7
93 86
55 38
32 26
64 7
38 12
82 52
82 54
96 51
39 31
49 25
20 10
88 6
27 18
32 20
59 49
11 8
96 29
87 26
99 48
11 6
9 5
98 18
66 44
22 9
81 70
80 75
81 71
15 14
25 2
48 47
96 52
33 13
18 7
20 10
9 7
99 22
27 21
81 64
53 51
4 2
46 36
69 65
82 50
4 4
13 13
78 5
27 15
11 8
37 4
95 36
5 5
48 22
75 37
92 53
98 5
55 2
4 2
22 14
85 32
3 2
5 4
53 36
46 10
52 52
45 17
54 20
50 24
5 4
94 12
31 13
92 87
50 46
82 43
23 13
99 36
49 43
38 27
69 40
96 34
96 78
49 41
84 3
18 18
95 30
82 48
21 13
88 70
23 22
10 6
41 24
3 2
99 79
54 15
78 42
14 4
85 77
96 22
18 4
15 8
90 84
7 4
82 58
4 3
39 11
70 35
12 11
31 20
37 17
64 4
98 39
55 4
96 95
51 22
52 42
12 5
20 7
34 18
90 8
48 36
95 91
89 75
37 8
60 31
80 16
20 4
15 7
13 5
75 24
46 20
52 36
2 2
45 16
47 19
69 8
25 25
79 11
79 7
73 31
42 26
80 38
47 24
66 38
13 2
33 6
14 13
49 16
53 10
47 39
69 50
56 6
100 62
79 4
51 11
15 14
79 46
31 28
25 6
30 12
33 8
53 13
44 10
58 47
86 6
79 55
81 26
14 4
47 22
45 31
3 3
80 31
51 17
74 43
7 5
95 3
27 3
92 51
55 44
61 60
97 50
56 25
63 3
54 38
87 46
86 83
14 8
15 5
87 2
26 14
57 33
73 22
29 11
15 6
35 33
77 16
22 18
81 28
81 40
90 2
38 18
45 13
10 9
29 9
53 13
49 41
98 8
16 6
78 63
97 54
58 57
10 3
12 12
61 34
43 42
27 16
32 29
52 11
44 15
30 16
76 5
22 15
11 6
13 5
8 2
9 3
98 27
69 16
71 61
62 2
83 79
80 19
13 8
82 67
52 49
91 18
78 72
41 3
43 6
21 10
83 26
76 24
99 17
51 11
10 10
12 5
95 31
93 62
17 3
88 55
44 24
71 3
73 34
64 43
3 3
80 30
65 22
60 14
50 10
46 24
87 26
39 28
30 17
17 8
56 40
66 40
99 95
6 6
80 31
80 72
95 33
40 12
64 40
51 4
91 45
24 22
29 23
22 3
48 14
26 4
65 35
31 27
68 2
44 37
70 32
10 8
85 54
32 28
9 6
30 17
69 5
38 31
34 14
52 35
86 51
22 20
42 37
99 72
16 8
73 66
19 10
62 5
76 42
96 90
66 25
9 8
81 28
67 36
83 68
41 38
5 4
72 72
19 11
21 6
48 33
76 33
24 22
21 8
88 82
29 16
92 35
72 41
71 56
86 59
63 44
31 8
66 22
70 58
38 32
33 4
99 40
61 16
88 6
58 11
41 27
61 60
12 6
83 16
52 38
49 38
81 60
54 15
46 15
75 40
100 90
35 32
21 15
73 24
67 57
37 34
23 6
39 2
65 4
77 53
65 34
22 7
80 28
45 4
6 4
72 38
47 46
28 10
73 39
13 8
49 22
92 65
80 36
16 14
46 20
21 21
80 11
38 9
66 46
40 32
35 21
13 12
23 16
44 42
76 6
75 70
16 3
50 43
59 50
41 34
81 18
70 16
66 2
56 52
96 35
24 8
35 10
73 45
66 51
35 7
7 7
94 30
54 32
66 63
50 18
31 24
62 12
14 13
78 18
72 32
46 4
13 10
81 68
97 70
79 44
54 32
81 72
46 39
73 50
99 32
96 95
15 11
31 21
70 64
83 35
8 3
58 26
66 43
32 29
83 76
98 55
86 13
63 5
38 7
5 4
86 62
99 22
30 6
64 40
90 49
64 15
79 34
93 53
92 27
60 48
37 13
12 10
7 2
96 52
96 39
84 11
77 62
76 53
80 21
15 8
44 21
3 3
100 38
64 37
2 2
68 22
48 3
41 5
62 51
71 24
80 62
83 14
42 25
55 49
42 16
16 6
3 2
79 66
80 38
17 7
23 11
98 11
44 44
72 4
78 48
18 9
90 60
53 9
52 32
51 20
93 83
35 11
40 5
74 51
53 34
32 15
99 97
51 12
48 45
96 36
94 13
94 34
94 77
91 81
69 16
37 17
32 13
33 8
78 31
13 9
90 52
100 8
24 17
13 9
67 8
15 11
40 36
47 47
97 37
7 6
57 7
96 44
86 7
63 58
83 3
31 3
89 33
31 4
89 74
11 10
87 74
33 20
5 3
90 43
18 6
82 59
98 55
30 12
58 23
55 6
40 16
64 26
2 2
82 81
10 6
100 31
78 59
62 30
68 67
10 4
52 31
95 78
20 6
77 62
56 41
19 10
35 9
64 58
16 6
8 2
70 26
95 48
47 3
53 14
83 24
35 20
81 59
16 3
66 47
95 19
15 2
11 6
45 18
23 5
58 24
35 5
88 70
37 32
26 21
15 13
34 28
66 62
24 15
18 2
73 45
81 68
64 17
27 20
78 77
48 24
97 55
73 30
71 14
65 61
43 18
25 15
81 77
15 12
93 67
57 11
61 12
19 19
60 27
10 5
45 6
30 6
52 33
37 13
86 49
90 80
23 8
37 14
72 32
25 16
59 28
94 32
86 24
61 34
66 24
65 63
45 14
4 3
53 53
33 8
33 14
39 13
15 8
10 7
2 2
23 13
85 5
25 11
90 31
20 5
59 53
10 9
39 31
4 4
69 49
61 15
12 6
36 24
6 3
12 7
37 20
34 34
45 44
24 7
92 20
5 2
94 36
47 41
19 10
5 3
65 17
97 66
14 12
47 15
8 6
46 46
24 23
99 95
65 37
43 32
84 16
54 50
41 28
91 17
78 9
27 16
60 14
57 32
20 7
13 9
58 8
21 18
22 15
2 2
98 87
97 13
48 46
6 4
75 22
33 22
31 23
31 10
52 6
72 12
83 36
26 22
32 20
37 34
80 28
38 22
64 30
83 48
9 8
83 13
99 26
42 6
21 9
35 33
81 51
27 26
19 7
54 9
58 22
47 15
39 11
18 15
48 24
2 2
98 7
11 11
70 61
65 28
94 81
97 56
67 63
39 22
30 9
47 27
4 3
9 5
80 78
37 37
90 82
87 78
93 46
51 50
23 20
42 17
30 21
52 4
13 12
49 40
93 20
41 21
19 10
43 24
36 27
49 38
28 24
69 61
30 28
14 3
6 6
5 2
12 10
14 12
99 61
3 3
35 5
88 21
33 30
35 10
97 80
19 18
5 2
97 83
5 4
19 12
75 13
8 5
51 34
84 44
52 46
67 27
93 35
65 60
18 12
91 50
71 50
27 8
49 15
57 5
46 2
73 29
14 2
23 11
95 11
94 62
3 3
74 51
86 67
51 31
53 48
83 43
12 2
82 18
85 66
96 73
43 40
42 35
28 9
61 4
77 67
15 14
9 2
89 69
33 27
8 5
56 36
16 3
63 24
76 42
5 2
86 9
16 9
100 33
21 3
80 3
77 15
61 36
24 11
100 38
83 81
42 7
57 7
86 7
55 45
33 4
64 35
73 51
4 4
41 12
91 79
48 16
8 4
90 74
68 60
88 25
61 20
2 2
24 24
57 56
53 23
58 7
76 18
26 12
31 27
54 29
47 18
90 16
12 8
17 9
87 81
80 60
26 14
62 44
49 24
12 9
37 27
57 5
49 38
64 21
58 33
71 18
78 31
61 35
93 6
24 12
23 9
14 14
92 7
86 64
92 30
39 5
76 61
51 47
57 32
26 19
60 17
28 23
31 26
2 2
18 4
12 2
12 4
31 6
54 2
19 18
10 3
62 7
31 3
89 3
100 71
58 48
31 8
82 61
70 65
75 12
92 12
62 6
58 34
67 4
76 54
8 5
11 8
44 21
74 7
33 27
17 10
84 46
66 6
39 31
63 12
39 35
62 53
61 45
50 21
92 33
85 68
83 9
43 11
64 37
46 45
58 17
97 27
79 49
23 19
100 62
96 26
42 27
27 3
47 7
54 9
28 23
27 14
63 51
50 4
95 88
53 7
12 5
31 24
23 3
88 13
40 24
70 61
10 4
64 15
74 57
21 17
70 5
31 30
92 72
100 77
62 33
27 17
97 15
71 16
87 7
41 37
87 25
22 18
19 8
54 5
67 59
38 26
39 23
64 47
86 3
30 12
93 39
54 35
48 29
28 14
39 21
19 7
60 54
14 7
10 3
8 8
37 2
77 49
46 30
78 13
88 39
28 23
82 80
70 59
65 37
18 11
7 3
4 2
16 8
75 51
16 16
67 62
64 20
89 61
9 9
3 3
29 15
22 22
44 11
83 24
67 53
54 38
83 42
26 22
81 48
61 37
75 71
94 9
58 32
38 38
95 31
68 31
8 7
64 19
28 13
21 7
25 7
92 27
96 34
18 16
59 45
80 51
90 48
53 2
85 18
65 2
10 9
50 26
82 73
74 57
47 2
82 44
13 7
67 21
25 15
72 67
91 52
91 74
3 2
67 58
82 19
27 2
88 6
30 23
51 37
26 12
37 30
87 16
75 43
79 7
81 14
14 7
90 39
37 34
53 10
5 3
43 16
86 3
21 2
62 29
28 2
59 17
38 7
57 38
97 74
14 11
14 8
27 23
14 6
84 28
11 6
98 55
60 20
91 76
71 21
62 9
96 27
52 26
71 4
44 3
80 69
92 70
62 14
28 28
71 27
68 57
90 4
38 26
55 15
97 58
85 73
88 58
69 3
95 95
46 10
20 18
94 2
92 24
19 8
52 6
77 17
89 57
71 23
72 10
36 20
85 31
84 21
94 71
16 14
88 81
69 61
29 20
39 37
57 25
22 11
49 22
86 49
4 3
25 21
87 36
92 21
61 18
12 10
2 2
5 2
26 6
7 3
6 6
99 49
67 18
61 34
46 23
23 4
4 4
16 11
8 7
60 56
97 54
74 20
67 20
4 4
86 7
63 22
16 2
73 8
58 48
20 2
14 9
97 88
37 10
2 2
40 4
73 10
63 37
43 29
92 84
79 14
86 8
90 30
85 21
73 22
49 12
97 66
13 11
50 42
88 12
16 13
100 35
7 4
81 74
81 18
39 6
44 38
79 56
21 14
14 5
82 34
21 2
22 8
93 78
89 6
97 28
72 58
88 58
80 51
13 10
87 42
46 2
62 3
32 19
62 3
77 5
12 6
72 12
49 36
9 6
41 31
70 48
61 27
99 3
26 9
84 36
81 46
38 20
3 3
19 5
74 56
26 18
100 17
47 13
17 10
13 6
12 12
79 34
24 2
20 14
61 40
78 21
88 67
70 18
57 49
69 55
22 4
11 5
87 63
77 21
26 8
79 67
54 10
52 9
36 20
13 13
33 19
2 2
15 4
35 23
22 22
50 37
62 31
61 19
27 23
45 17
99 47
72 58
90 26
12 11
8 8
85 81
57 53
98 82
83 10
50 49
4 2
82 79
75 45
91 48
14 8
57 57
37 28
40 31
42 39
48 13
30 15
47 34
37 10
39 11
28 15
99 15
96 7
13 13
75 43
64 23
13 5
46 2
88 3
38 7
17 4
18 13
98 8
84 67
16 12
100 17
86 64
64 58
6 6
37 13
52 33
73 3
5 2
52 38
10 9
65 56
92 52
32 11
15 15
98 29
53 17
62 44
61 28
90 78
11 8
93 39
64 63
3 3
98 92
29 8
49 20
11 11
46 25
27 26
60 25
39 5
49 10
64 43
76 21
97 69
3 2
58 4
17 5
50 50
15 11
67 8
77 68
24 24
99 73
88 53
51 39
57 21
61 15
19 17
20 16
7 7
30 4
61 23
49 49
21 14
77 39
54 11
41 28
85 82
86 73
74 25
67 32
36 16
75 60
17 14
55 30
70 49
69 67
12 9
11 6
34 27
34 25
2 2
96 2
8 7
10 9
50 25
52 2
19 6
76 62
33 32
56 2
77 53
26 25
32 14
97 69
57 49
48 37
59 38
18 11
63 32
47 16
77 53
71 51
39 11
7 2
38 21
2 2
84 11
74 67
11 8
69 23
31 12
41 2
31 17
30 9
56 20
17 2
14 4
66 60
32 4
8 5
52 38
5 2
14 6
35 9
74 61
25 23
85 34
4 2
17 8
10 2
10 7
65 37
71 46
100 17
64 60
20 11
55 15
59 36
2 2
51 23
74 45
80 33
82 68
84 65
83 52
22 5
90 38
38 33
99 69
89 61
22 22
70 4
88 36
76 60
4 3
70 27
17 12
45 25
15 2
72 61
93 37
12 8
55 40
9 5
15 8
24 21
5 5
97 44
48 40
36 28
65 50
10 2
74 25
91 67
94 51
72 7
35 12
18 5
50 3
38 36
46 19
58 11
20 18
15 2
14 11
76 73
46 45
56 53
57 32
73 18
48 35
59 14
62 49
42 42
65 46
56 43
2 2
69 23
47 20
17 12
3 3
75 38
95 22
25 17
88 20
61 15
9 7
94 13
55 43
62 52
68 37
92 44
73 66
97 55
39 24
15 12
98 46
16 15
41 33
47 31
41 18
77 22
94 22
22 3
89 20
66 20
70 38
5 4
90 85
47 8
55 33
89 16
11 6
15 7
36 9
94 11
100 44
66 62
2 2
18 2
8 7
18 11
72 9
37 32
8 5
85 30
40 21
21 14
73 64
12 2
29 9
67 38
49 41
77 50
98 62
53 15
48 5
73 49
7 4
33 26
17 9
44 28
86 65
75 17
17 17
39 18
65 52
64 14
47 31
65 58
73 19
3 3
33 13
82 4
66 16
76 19
52 3
18 5
19 4
48 8
79 47
34 20
97 74
100 85
97 61
94 45
57 41
23 21
34 17
58 47
34 8
67 35
68 51
82 71
92 83
4 3
13 2
85 52
39 14
32 20
12 5
93 21
100 42
45 12
36 21
77 36
7 6
46 14
62 31
2 2
94 36
35 30
47 9
58 15
46 6
42 35
55 24
78 65
85 9
24 2
90 69
80 37
59 50
98 55
39 33
8 2
2 2
92 7
84 79
27 17
7 4
2 2
2 2
92 77
25 20
47 18
16 11
30 7
68 53
22 14
99 3
21 21
22 16
67 57
88 76
25 6
45 33
63 13
38 34
67 54
22 7
26 20
84 14
93 93
42 38
12 10
99 51
42 18
65 17
66 5
82 73
83 16
41 2
54 32
59 35
56 33
81 62
5 3
77 35
61 41
78 31
39 30
61 58
65 10
61 6
95 53
92 28
10 9
64 60
13 4
85 81
35 27
40 25
80 20
18 10
28 24
77 4
27 18
3 2
60 43
12 7
89 67
34 10
16 13
33 4
23 23
4 3
84 13
24 12
8 8
20 13
40 17
70 24
15 15
67 44
48 11
38 2
23 23
42 25
94 50
50 25
50 19
55 4
78 51
20 4
28 4
28 13
78 62
8 5
70 11
77 29
55 4
63 15
16 12
48 34
73 68
26 19
76 16
7 7
83 61
46 45
23 4
48 34
17 11
13 6
31 19
56 41
59 21
71 52
70 26
67 40
14 14
26 5
24 7
74 60
30 28
23 5
61 32
87 65
63 63
57 27
62 38
47 46
72 15
77 52
63 40
81 17
70 34
11 5
60 54
17 16
82 34
89 44
81 79
32 19
19 19
27 10
17 6
19 17
41 39
86 70
82 74
10 8
20 8
96 59
93 64
100 58
28 15
29 17
9 9
92 57
48 5
56 3
87 55
82 74
5 5
47 5
73 42
55 42
44 7
60 14
72 29
76 76
87 43
2 2
9 2
76 57
9 7
23 22
54 6
11 3
54 20
44 13
39 13
29 22
47 29
27 13
49 17
3 3
34 34
12 8
5 5
86 62
22 10
12 5
37 15
7 5
27 25
88 20
23 11
55 54
67 61
24 14
87 37
63 12
57 57
82 67
77 7
80 22
43 11
92 2
2 2
35 17
41 10
28 11
55 38
37 19
7 6
80 73
9 9
67 29
57 28
80 21
77 40
65 34
79 9
54 37
66 43
20 7
90 60
94 57
65 55
32 22
19 3
86 74
74 58
20 3
68 25
50 17
42 9
20 14
14 7
75 55
82 14
76 40
21 6
69 63
40 28
93 57
4 2
22 13
91 87
34 22
59 2
38 35
20 16
2 2
10 7
8 2
95 63
74 14
82 55
64 50
7 5
42 21
13 10
97 33
8 7
94 52
50 43
92 54
5 5
93 90
48 38
63 63
84 10
38 5
48 48
52 24
79 24
52 37
20 16
56 26
28 12
48 15
8 6
93 28
31 13
33 2
78 3
44 4
10 9
99 89
54 11
8 5
100 81
36 30
16 8
100 79
56 36
100 59
9 4
98 18
61 52
65 15
67 19
54 10
31 24
46 11
71 44
37 22
12 12
60 34
31 4
36 28
95 92
49 36
35 18
50 32
74 33
61 30
74 33
58 29
41 15
60 25
22 11
94 91
24 18
29 26
42 40
16 3
94 22
45 36
3 2
10 6
2 2
46 4
40 26
52 33
97 85
91 45
4 3
78 77
93 50
71 57
77 54
78 20
25 4
24 16
79 46
58 17
49 34
24 3
51 5
22 20
4 4
15 5
37 22
76 26
88 51
83 50
70 59
28 17
62 21
99 94
38 5
90 60
63 29
70 36
87 41
84 51
90 63
42 31
35 24
37 31
63 47
16 4
6 5
94 52
93 4
12 7
73 13
50 19
48 33
81 18
10 10
59 3
18 12
98 2
16 4
40 13
42 33
44 8
3 2
45 42
63 34
54 39
15 6
82 8
7 2
8 3
95 9
55 36
15 10
47 12
49 24
67 27
7 5
64 14
15 10
31 17
73 16
58 3
84 61
35 7
99 77
54 19
4 3
42 13
39 12
58 14
10 5
49 33
96 89
3 3
88 37
23 18
66 23
80 17
68 43
33 9
28 16
22 19
97 86
91 70
6 4
16 16
94 60
88 49
62 24
76 46
92 24
81 69
100 31
73 16
16 3
16 10
9 7
61 10
63 62
65 47
29 12
70 27
35 2
20 9
41 31
45 16
30 20
69 7
75 18
56 16
98 51
42 40
58 15
94 85
50 37
27 17
80 20
97 17
26 26
67 36
86 13
76 11
38 30
51 48
47 46
73 8
93 71
2 2
62 28
81 65
13 8
30 4
2 2
52 34
14 10
16 11
75 11
22 18
76 57
40 24
100 78
24 5
70 56
86 27
93 65
19 12
16 3
59 15
91 35
31 11
21 13
52 9
18 18
41 8
97 64
22 18
49 8
27 24
62 52
78 42
65 53
17 16
70 49
2 2
77 2
97 94
91 85
24 5
47 45
48 46
30 28
14 3
75 72
3 3
54 25
8 5
65 52
64 24
80 20
22 15
27 3
65 54
34 31
10 3
42 5
94 26
53 30
11 9
20 5
21 20
48 24
31 3
5 5
5 5
43 2
40 5
53 29
48 31
20 10
8 8
51 8
86 12
40 17
34 25
10 3
64 48
85 52
12 10
40 6
7 3
77 12
13 7
10 3
68 68
14 7
18 13
39 32
26 21
39 9
41 2
83 31
94 2
54 43
16 7
85 8
6 2
78 14
52 27
8 2
85 55
15 10
13 10
81 19
81 53
9 9
91 10
8 4
57 37
64 62
69 62
37 14
74 68
92 18
36 27
98 24
2 2
85 3
43 21
53 52
18 15
66 26
18 5
24 7
93 25
19 11
100 31
36 33
69 18
71 49
27 4
9 3
68 8
69 8
3 2
33 23
54 24
56 52
30 11
67 55
53 49
84 72
28 9
93 6
43 6
59 48
48 33
5 3
91 7
56 12
5 4
93 28
88 80
40 34
93 92
77 47
98 38
4 3
30 16
49 40
85 59
52 10
71 38
93 8
3 3
58 55
35 2
12 4
61 8
43 11
69 29
63 24
100 71
58 38
87 10
41 5
82 78
92 44
53 41
98 32
99 15
80 58
98 77
46 34
62 61
42 39
15 15
45 5
14 3
76 73
71 34
24 17
4 4
74 36
16 15
100 36
76 39
33 17
32 19
71 33
24 18
89 6
24 9
76 41
42 8
79 40
25 8
34 28
56 44
55 50
78 67
91 75
93 39
48 12
73 10
90 90
86 50
19 14
34 31
63 14
61 40
11 4
40 32
94 54
14 11
97 78
26 3
9 9
54 29
51 34
51 15
47 34
86 61
68 66
72 23
98 76
55 19
48 37
81 76
45 25
5 3
16 8
28 5
100 66
52 23
31 28
95 64
71 36
56 32
69 32
97 34
74 46
74 13
4 3
33 33
48 3
24 6
87 32
3 3
73 20
94 8
52 18
85 58
92 82
12 11
87 67
29 26
11 4
24 7
99 88
92 52
70 66
62 52
83 2
99 55
61 55
84 62
60 3
14 10
68 37
77 22
11 2
87 53
85 22
75 27
17 6
65 47
89 55
77 21
91 62
99 16
85 59
91 44
64 59
22 20
84 42
44 5
90 80
14 5
46 32
84 53
5 5
70 53
70 17
40 30
39 17
85 68
49 31
81 61
78 64
53 34
96 80
16 7
13 10
50 14
68 27
27 20
30 16
75 27
76 44
99 72
46 22
30 24
100 54
74 15
68 45
82 63
6 5
5 5
56 42
41 37
15 2
91 39
98 53
21 21
41 30
60 3
21 4
95 83
58 43
98 48
5 2
74 68
65 30
48 7
22 10
79 22
18 13
22 4
63 12
66 13
14 4
63 40
40 9
18 9
68 6
66 25
80 14
95 34
74 60
50 12
86 65
89 37
79 28
11 10
69 26
15 12
43 23
5 2
97 9
22 4
76 2
68 49
23 12
32 21
60 15
69 48
78 43
39 34
18 15
64 4
26 21
18 9
88 11
6 3
68 40
64 52
15 8
38 17
81 30
13 12
61 33
31 13
60 31
44 30
21 21
96 64
64 9
29 29
14 6
66 47
61 18
62 8
56 25
17 14
81 29
86 16
90 7
56 41
58 3
23 10
34 12
6 5
21 11
33 21
35 18
99 60
20 12
64 6
31 3
42 2
99 30
62 19
84 31
33 19
91 62
54 39
72 51
85 30
83 32
34 9
14 4
85 11
39 32
79 61
27 16
76 34
6 6
22 13
42 30
4 2
72 68
77 49
38 9
9 9
74 23
50 32
11 11
41 15
19 14
89 12
2 2
78 25
74 64
66 20
85 45
48 7
18 3
34 24
3 3
61 3
21 20
77 46
97 68
38 33
52 38
83 63
99 35
3 2
73 21
98 42
82 79
59 40
96 46
84 57
37 13
66 39
31 9
84 78
91 7
73 24
25 11
35 6
76 12
41 26
92 74
82 11
12 9
50 9
12 12
62 42
57 54
2 2
47 47
30 9
9 8
81 53
28 22
95 82
74 38
28 27
68 37
13 3
39 26
47 47
71 2
61 31
32 8
12 6
46 41
33 22
35 18
92 72
4 2
60 41
52 35
47 19
47 27
4 3
87 66
2 2
23 16
94 34
5 2
78 23
97 78
56 30
2 2
62 3
58 38
84 55
91 9
78 26
10 10
13 9
50 14
44 32
2 2
19 5
30 23
67 43
64 22
11 2
63 17
42 36
73 62
14 13
49 44
44 25
71 2
17 9
48 2
88 56
24 20
10 5
20 13
11 9
2 2
10 6
78 24
79 12
12 5
54 21
80 7
45 44
81 52
24 19
31 29
45 26
69 34
4 4
73 50
37 16
12 7
56 20
46 37
47 41
29 15
14 4
52 3
78 2
99 73
73 16
47 16
61 11
23 20
51 22
100 14
41 28
36 30
55 11
35 7
96 49
97 75
90 64
35 19
95 95
32 9
36 24
32 5
68 50
21 17
10 7
28 9
2 2
91 6
72 71
88 59
92 53
100 29
96 26
81 7
15 11
77 44
43 40
90 21
6 6
34 3
39 38
22 18
6 5
59 23
34 20
61 23
25 16
55 17
39 23
2 2
21 11
86 5
45 15
27 12
67 37
55 30
42 36
7 6
36 23
42 7
68 8
36 11
4 4
42 13
22 18
34 33
82 77
85 3
7 2
61 15
72 48
94 17
58 5
23 21
30 21
77 76
23 11
94 53
69 6
35 17
27 4
74 61
47 20
52 26
41 18
95 71
19 2
60 3
53 4
34 11
21 19
95 50
88 13
35 28
82 65
42 19
96 92
88 66
46 10
40 35
22 22
77 50
59 29
77 69
58 8
78 56
50 38
49 31
63 35
25 3
58 42
6 6
17 12
70 34
7 2
54 9
37 14
53 39
88 50
64 54
19 3
93 38
2 2
78 38
100 65
2 2
37 18
8 2
51 32
100 70
23 18
63 38
52 17
80 36
5 4
61 44
82 35
16 13
38 4
22 17
61 4
89 45
96 74
47 7
7 4
42 8
55 13
70 55
35 23
50 10
24 21
84 67
33 15
22 16
18 5
35 16
78 51
41 17
69 45
16 12
80 8
3 3
19 8
42 31
84 55
47 16
94 31
60 55
10 10
22 19
54 31
54 30
87 83
78 44
25 7
28 7
30 13
19 13
25 2
26 15
19 10
31 15
78 62
32 5
71 25
49 36
85 25
62 54
72 51
81 4
46 31
61 11
85 76
38 30
22 10
16 13
41 10
31 9
33 13
82 67
95 62
24 24
29 25
23 4
19 8
58 43
7 6
69 17
26 9
53 27
42 37
98 16
20 9
5 3
70 41
41 38
45 19
24 6
15 7
92 43
44 27
57 27
11 7
16 12
32 23
68 27
26 2
13 2
9 2
9 8
52 16
30 17
89 29
26 26
11 3
45 42
26 13
31 6
12 10
98 49
86 21
33 12
68 50
72 56
51 39
57 28
24 9
64 42
71 53
76 6
80 28
64 3
73 9
84 74
59 18
91 18
21 8
8 8
31 6
84 50
51 24
92 80
85 72
81 71
35 18
9 9
83 39
68 30
15 3
51 44
16 16
78 18
10 9
40 34
100 60
37 7
44 40
97 28
16 7
36 24
73 4
84 9
34 12
39 15
63 4
10 3
93 30
19 7
47 25
18 4
60 34
35 26
55 15
71 71
77 64
51 46
81 27
35 11
13 7
92 84
68 7
50 29
18 11
94 45
29 14
74 18
59 36
6 6
53 21
41 40
41 17
38 4
27 11
49 6
9 6
26 8
93 60
20 16
51 11
92 89
41 36
54 15
14 7
28 8
14 14
45 22
90 15
76 27
14 9
15 12
94 28
82 24
51 30
94 45
52 10
80 10
42 14
18 5
82 26
27 9
97 70
67 61
76 41
5 5
43 30
77 19
27 3
86 24
96 6
49 14
5 2
31 13
39 16
95 40
73 67
79 68
84 40
32 21
98 13
100 11
81 15
52 39
53 8
38 32
5 5
16 3
59 9
51 17
12 8
87 47
90 4
26 2
15 9
21 17
58 41
18 18
10 4
41 35
92 38
18 9
52 14
55 36
91 5
70 21
71 55
80 38
80 24
70 16
19 18
15 2
93 17
32 28
98 87
86 46
43 42
24 23
6 6
68 60
73 49
11 8
48 21
48 33
80 25
80 36
12 10
52 3
51 43
53 36
79 71
76 33
57 55
64 56
63 58
72 41
43 8
29 20
74 47
46 32
58 7
17 5
45 4
70 2
32 18
84 72
44 3
51 51
13 9
81 64
25 13
54 45
93 57
45 27
72 56
17 9
43 27
74 60
55 55
6 6
91 27
22 2
28 6
55 31
25 7
81 4
80 42
99 4
96 59
2 2
66 17
60 35
36 24
41 16
56 46
81 39
93 19
95 54
73 57
85 57
34 27
75 10
39 5
40 14
95 76
46 8
82 46
46 30
46 7
97 56
64 27
61 38
97 82
29 28
37 21
55 50
76 20
14 12
65 61
30 16
54 2
19 7
66 7
2 2
8 8
88 46
68 53
95 18
35 10
9 9
94 16
35 4
55 50
35 34
19 4
86 25
49 40
41 22
53 13
94 29
80 42
92 38
6 3
34 31
11 7
85 78
53 5
36 18
57 23
58 38
56 9
21 16
53 45
63 52
22 21
67 12
61 50
11 9
45 40
54 6
77 62
3 2
22 6
97 27
19 15
66 14
41 36
89 65
47 45
92 16
12 7
15 13
43 21
20 14
57 46
33 20
90 25
96 60
70 55
46 42
48 9
76 22
39 3
48 37
66 60
65 56
11 10
7 3
32 24
65 11
73 61
75 5
7 3
79 49
46 45
77 69
61 8
40 2
47 5
80 66
42 2
57 6
50 28
94 42
25 5
51 14
15 4
44 20
90 50
44 3
23 17
86 72
82 58
48 6
81 25
69 26
60 24
20 6
22 20
75 31
49 30
62 11
5 4
100 85
73 58
18 3
11 7
84 9
8 3
79 2
72 58
55 41
56 22
27 26
78 15
57 48
23 6
47 11
68 63
76 21
99 39
62 22
34 22
64 10
82 56
64 14
28 27
77 51
37 2
16 6
62 34
64 23
36 26
88 32
9 3
48 18
92 36
3 3
65 30
23 10
65 28
96 41
58 18
4 4
59 37
87 47
18 11
90 29
28 7
91 16
43 23
74 65
30 3
74 68
50 24
51 36
23 16
92 92
5 5
71 44
34 22
77 27
91 43
29 26
22 9
95 88
37 36
30 22
56 9
30 7
24 24
32 24
76 4
85 29
11 11
5 3
97 9
43 4
8 8
18 4
37 36
62 19
29 29
59 57
12 7
44 21
24 12
42 5
14 2
77 39
39 11
56 16
53 47
6 6
5 2
48 5
100 47
29 9
76 44
93 25
21 21
14 7
36 29
45 33
19 10
17 14
13 13
7 5
99 27
79 44
11 7
27 17
82 52
84 69
80 20
5 4
16 9
82 78
31 25
91 59
100 67
4 2
86 39
48 31
32 9
54 6
44 8
19 13
2 2
81 58
20 11
80 48
95 60
33 7
86 51
2 2
35 35
55 47
58 39
47 22
70 5
30 8
95 65
70 66
20 16
36 36
58 15
90 3
43 22
65 10
24 13
94 58
23 18
86 9
33 12
81 38
72 29
41 32
5 2
32 20
48 23
28 18
95 26
79 57
78 59
60 59
54 45
76 24
73 45
71 30
30 29
86 28
50 35
39 23
54 14
65 40
11 8
71 64
46 32
61 7
6 4
33 2
49 29
23 16
67 59
52 27
46 27
55 6
41 4
44 12
17 9
2 2
11 4
61 61
84 65
90 52
78 61
4 3
82 8
38 21
76 14
59 29
63 38
21 17
32 18
11 6
26 22
47 27
52 12
39 23
75 53
9 3
92 32
3 3
59 2
83 22
44 16
4 4
41 37
4 2
81 80
40 4
46 7
19 14
71 26
27 27
85 15
44 5
52 49
77 4
4 2
61 44
22 8
31 29
99 77
52 5
27 22
2 2
73 13
62 24
6 3
52 15
100 84
65 35
86 55
15 14
100 60
48 19
57 2
9 3
44 29
84 13
60 54
53 38
93 69
39 2
100 53
47 7
50 26
40 24
21 7
19 3
78 75
15 15
52 20
10 6
86 34
6 4
98 44
74 2
94 93
63 46
97 83
42 28
12 7
52 4
47 47
74 3
55 40
24 2
87 64
99 86
41 34
90 87
38 24
55 6
54 35
53 42
92 6
96 33
36 4
26 26
70 18
71 8
68 65
32 8
86 49
37 9
24 23
42 31
58 43
44 40
52 20
9 9
19 19
80 17
63 22
84 84
16 12
92 58
69 9
82 37
51 34
44 23
99 74
91 30
35 35
99 10
29 18
75 7
6 3
68 18
7 6
26 15
22 4
43 29
58 26
64 28
96 50
7 7
47 43
98 62
69 45
44 13
85 37
51 33
8 6
57 48
16 2
30 5
23 5
74 38
95 17
19 17
87 26
45 36
64 12
51 8
70 45
75 49
83 44
38 27
34 17
78 68
8 2
75 66
90 55
48 46
85 21
74 25
31 5
31 12
39 30
65 36
72 72
72 12
86 85
78 61
43 10
15 11
94 48
16 11
51 12
2 2
80 18
17 14
71 27
99 31
3 3
27 12
23 18
77 23
48 40
55 22
7 2
37 8
3 3
57 28
97 10
94 28
6 2
2 2
90 5
33 15
6 4
9 3
60 28
9 8
53 4
55 2
34 6
84 52
19 12
51 25
19 13
79 32
76 39
42 22
54 26
81 81
59 16
53 28
94 45
65 16
59 49
47 22
88 56
72 54
20 20
19 17
99 65
84 69
68 49
50 44
65 49
83 24
18 3
60 4
44 24
22 6
60 6
57 46
100 69
38 18
14 6
80 12
79 2
89 14
59 7
37 24
81 42
17 14
43 21
58 29
23 5
34 23
6 4
40 38
67 33
94 39
40 25
43 18
76 8
67 38
17 3
30 2
56 32
47 21
81 48
74 22
29 3
33 9
64 25
49 19
40 28
36 15
69 64
83 80
22 2
66 26
81 6
96 37
92 57
50 46
28 16
76 56
68 6
72 23
65 17
54 27
37 24
90 71
62 51
7 4
14 3
16 10
42 32
74 41
53 17
65 2
38 4
65 35
14 13
69 25
98 25
7 6
14 3
50 23
11 2
75 10
58 37
21 14
60 5
5 4
62 60
37 14
11 10
94 55
80 63
5 4
27 5
45 34
68 25
41 22
38 5
22 20
74 74
9 4
87 2
23 19
57 57
3 3
93 28
46 14
33 29
23 21
32 8
65 56
77 28
12 3
28 20
65 33
19 2
99 19
7 2
27 3
13 6
22 14
77 65
88 69
20 2
61 11
97 15
33 19
43 20
4 3
95 5
36 6
3 2
48 4
61 24
79 23
17 6
88 84
60 60
48 25
27 21
50 15
27 5
100 96
34 31
63 13
75 59
39 31
45 26
72 34
67 21
6 4
77 69
31 12
95 94
74 5
24 22
95 8
66 23
3 2
3 3
59 35
86 30
61 21
20 7
83 44
60 8
13 13
45 16
58 40
44 38
50 41
59 37
84 50
81 29
48 26
10 4
24 10
84 78
76 43
67 2
56 30
36 33
36 18
8 3
67 19
10 3
28 4
94 34
38 23
69 55
86 83
99 39
53 17
68 36
86 10
82 23
87 37
22 6
68 30
49 8
24 3
45 14
30 18
70 48
12 12
99 90
83 49
25 7
77 76
39 37
22 20
97 59
21 8
47 17
72 57
49 8
98 23
87 71
7 2
40 12
83 39
78 27
28 5
92 51
8 8
5 5
12 5
41 11
10 9
31 6
85 26
42 8
38 7
81 24
95 27
65 41
24 15
67 2
71 14
18 4
72 39
58 42
84 61
25 5
13 10
24 17
68 60
70 58
28 6
73 59
74 31
62 34
50 25
18 8
18 15
87 73
10 9
12 2
26 13
40 5
81 30
8 6
27 21
2 2
42 4
82 61
37 4
43 10
89 14
100 17
29 8
9 8
34 16
9 6
79 48
32 26
2 2
13 9
8 5
58 37
23 17
76 11
88 20
86 34
33 12
88 7
82 50
2 2
40 35
82 60
70 40
13 2
52 31
25 12
73 8
70 34
30 3
25 15
21 15
38 17
88 58
85 8
38 37
94 64
69 19
10 3
28 7
78 15
34 29
37 37
56 36
52 2
16 10
29 3
95 69
97 26
62 17
56 56
42 35
99 70
85 15
74 40
92 69
4 3
94 7
73 72
87 2
96 22
14 5
21 20
49 46
32 29
19 10
26 22
98 19
37 7
74 3
16 10
4 2
47 9
21 10
31 15
56 17
39 9
4 2
81 81
41 25
91 25
62 32
22 15
81 69
11 10
27 26
80 26
17 11
34 22
17 17
96 84
79 5
23 6
87 9
35 23
76 52
76 65
72 9
20 2
92 9
33 14
56 5
87 20
86 39
85 50
67 9
88 87
44 8
17 5
60 31
66 21
30 6
70 33
22 17
10 4
62 36
29 8
80 16
87 81
37 36
89 8
33 12
44 26
24 21
27 3
22 22
50 26
34 9
53 7
76 43
30 23
78 18
3 2
69 18
50 46
21 18
88 38
55 54
15 11
21 5
72 70
53 47
63 37
90 89
100 37
36 3
91 23
98 21
13 7
27 25
18 17
48 44
91 61
80 64
100 34
48 12
51 19
11 6
72 69
88 34
96 9
23 22
25 24
9 2
14 13
62 28
23 5
57 43
4 4
19 12
4 2
35 17
45 38
44 33
5 3
57 6
96 13
64 33
33 20
81 61
27 23
65 20
29 20
56 53
26 12
73 62
45 19
39 3
44 42
95 47
2 2
100 83
35 32
39 5
38 22
100 87
28 4
89 29
2 2
40 11
55 5
40 18
60 29
17 15
22 10
71 21
12 6
17 3
83 56
31 8
35 9
66 11
30 25
35 9
84 43
44 22
14 9
78 74
62 58
24 19
19 15
70 25
15 14
37 20
85 77
75 45
96 77
19 10
71 28
41 19
35 34
20 8
20 19
24 19
8 2
73 69
71 5
67 3
75 70
74 70
63 4
25 9
22 5
44 23
16 8
52 38
100 93
88 49
70 14
51 33
31 2
7 3
12 5
76 20
24 14
58 9
6 5
42 25
75 33
10 5
35 13
18 15
89 77
41 39
63 61
81 6
51 5
35 32
39 4
29 5
46 19
87 32
15 3
12 6
65 20
99 64
55 13
39 8
41 15
43 13
17 16
58 7
36 26
97 65
7 6
49 34
64 47
60 56
100 29
77 64
60 33
96 77
57 6
51 49
84 76
42 15
62 19
88 58
84 12
91 26
35 22
100 10
56 11
90 73
98 81
51 14
60 4
53 34
30 14
12 2
22 21
14 6
39 3
43 43
27 21
100 34
81 59
76 42
77 60
74 57
11 9
21 12
55 20
38 10
17 10
83 9
74 74
50 38
41 31
85 74
83 61
32 31
46 39
9 5
56 26
53 5
23 2
96 7
37 33
60 58
69 59
22 12
36 14
83 44
58 17
84 30
47 44
55 52
8 6
6 4
69 17
67 13
70 62
93 14
29 5
57 24
52 27
5 4
90 34
4 3
47 19
89 7
100 93
34 32
41 13
56 23
78 68
85 15
60 43
78 17
3 2
82 52
9 6
85 9
41 10
99 86
60 48
55 47
46 3
65 61
75 37
95 40
52 31
58 15
78 12
23 13
73 22
100 51
95 61
98 83
46 22
18 9
5 3
99 94
41 22
98 29
36 25
81 42
32 16
69 28
7 2
21 9
17 2
34 31
36 6
54 54
30 18
74 74
66 39
34 27
50 17
70 56
85 65
23 2
61 42
55 12
11 5
100 36
28 12
62 48
61 45
14 7
2 2
43 27
3 3
62 49
69 4
74 70
70 4
5 4
61 38
27 22
64 6
13 10
74 13
6 4
16 16
73 68
89 85
55 47
21 19
93 81
26 3
4 4
16 16
46 21
67 7
48 16
37 2
83 66
55 39
100 72
23 9
34 24
24 20
82 49
53 48
88 48
20 17
21 16
31 6
76 20
63 15
28 17
41 39
49 34
47 4
82 47
77 73
7 5
83 81
54 10
57 14
13 3
99 66
75 33
50 43
100 79
47 16
4 4
50 40
34 28
82 21
97 16
94 6
78 34
90 85
28 27
45 22
13 6
16 6
16 16
86 62
58 11
94 8
24 20
39 3
31 8
100 93
26 7
15 13
29 9
28 28
19 10
49 23
93 24
50 5
19 4
95 66
28 17
13 7
53 49
61 5
9 9
14 5
70 24
21 11
60 48
97 60
12 12
3 3
58 29
4 4
60 6
53 36
76 13
11 9
84 55
95 5
70 17
94 83
50 13
16 11
21 12
45 39
61 9
88 2
85 45
21 18
44 42
65 51
22 5
99 79
51 15
46 35
70 39
18 5
54 50
86 42
40 36
35 29
96 88
73 22
59 55
65 41
32 19
70 41
75 2
68 2
44 37
42 25
97 46
36 13
87 73
16 6
40 4
63 28
58 42
61 44
32 9
3 2
84 84
8 2
82 57
78 68
41 12
91 23
5 5
86 62
95 58
53 29
89 14
57 2
85 32
81 60
56 45
18 12
32 10
54 50
52 46
64 53
60 53
16 2
78 21
84 56
81 3
73 7
38 37
75 11
34 18
18 3
41 35
39 33
21 10
24 10
16 10
67 17
77 6
44 31
16 16
18 9
47 8
18 2
98 15
95 85
29 19
4 4
54 22
43 17
67 29
85 33
39 27
72 3
96 22
89 11
60 30
35 29
93 6
82 15
60 41
97 36
24 9
85 47
15 10
9 9
45 12
33 20
22 17
95 53
21 15
73 18
48 12
16 3
38 23
71 40
22 14
63 48
42 18
35 28
6 6
17 2
39 31
68 3
45 41
72 50
52 16
100 28
79 48
30 2
38 34
72 57
29 25
64 55
81 20
73 2
44 28
38 37
9 6
77 36
94 40
40 13
79 3
43 11
76 8
8 4
50 24
11 2
37 11
91 67
63 36
93 65
86 49
33 18
54 20
13 13
90 77
67 50
20 3
10 4
54 40
93 65
18 3
37 11
89 68
21 19
83 41
38 38
19 6
64 32
4 4
64 30
75 59
42 22
2 2
64 42
45 28
68 17
42 22
97 33
69 66
35 26
78 66
33 24
66 18
26 8
84 39
6 4
55 44
95 33
69 55
95 46
21 17
27 20
6 6
6 6
93 11
60 6
42 3
100 84
59 50
43 43
11 7
77 64
29 28
8 7
95 12
100 71
87 86
83 41
66 65
29 29
26 7
83 22
67 33
100 53
91 86
89 54
66 22
86 67
100 19
31 31
23 12
60 25
27 20
25 9
63 51
2 2
98 67
81 55
5 3
47 4
79 55
53 47
34 29
24 9
55 48
49 32
22 13
22 6
31 15
28 7
81 70
25 22
32 31
62 15
45 42
91 48
32 3
99 28
13 7
30 27
24 2
24 2
50 21
99 18
67 19
59 14
46 22
25 7
85 54
65 63
25 11
98 76
75 12
9 7
71 43
87 41
60 21
31 12
6 6
33 23
96 48
29 7
69 28
53 16
65 43
61 15
50 34
12 4
5 5
79 13
19 9
17 5
69 52
36 19
73 35
57 16
72 55
25 3
74 55
69 57
99 18
40 25
38 34
70 58
32 22
100 28
39 39
75 64
3 3
65 37
49 15
4 3
12 5
49 49
30 15
75 28
51 27
35 17
39 5
97 88
50 18
34 3
56 46
63 48
63 37
76 34
4 4
99 54
66 11
52 33
4 3
23 21
34 23
28 6
27 18
54 9
86 33
2 2
35 8
30 3
88 63
58 20
77 15
97 13
39 3
28 22
4 3
18 12
38 34
44 30
21 10
55 42
3 3
16 5
73 9
9 4
79 52
89 79
51 17
29 16
38 36
48 15
54 51
21 15
63 42
57 30
80 75
94 91
53 45
90 59
63 58
99 71
88 70
51 30
92 11
96 50
64 8
28 13
20 5
100 66
68 67
43 24
11 6
79 30
85 74
71 34
100 58
28 22
44 27
14 8
97 8
82 54
82 33
72 47
52 43
22 7
80 60
9 3
98 79
83 7
40 16
93 6
92 62
27 15
67 29
50 32
90 17
93 13
21 5
47 7
2 2
33 15
73 30
22 5
18 17
18 9
62 23
24 21
74 15
72 22
31 30
93 29
94 74
33 13
59 33
20 3
76 33
20 7
2 2
81 9
41 32
7 7
20 12
89 60
39 2
19 14
83 46
67 3
61 42
58 37
94 93
19 16
66 6
64 4
25 3
76 42
28 20
53 53
15 2
49 3
37 5
46 30
37 27
26 7
12 12
76 75
63 43
91 39
94 80
44 6
37 16
27 12
78 52
15 11
100 88
22 8
30 23
59 23
84 45
67 9
42 37
66 45
48 34
70 22
37 32
62 2
13 7
84 9
79 38
16 11
77 26
29 12
95 61
100 23
65 27
26 23
71 26
15 5
83 21
24 19
85 66
59 6
73 4
3 3
87 35
64 53
67 44
81 54
81 46
96 36
99 40
62 5
64 43
75 35
38 27
35 20
72 55
88 71
91 85
54 32
58 13
18 12
73 66
80 63
22 7
40 32
83 30
3 2
43 16
27 21
44 7
76 57
75 54
82 30
33 11
72 11
63 32
76 10
16 3
70 65
21 10
32 26
93 75
87 36
12 4
73 71
27 27
52 52
54 8
98 38
39 12
63 38
44 26
48 18
66 18
85 5
11 10
86 11
53 17
88 42
90 11
44 15
75 24
56 45
14 11
49 31
32 22
52 2
70 67
95 81
2 2
21 8
23 16
14 12
37 13
26 5
28 7
47 3
71 36
84 56
41 39
54 25
39 28
37 8
81 11
89 45
9 2
61 49
75 73
3 2
83 45
63 57
71 61
4 3
31 5
23 4
97 81
88 87
80 76
64 61
33 5
84 31
91 55
35 3
97 9
26 16
94 48
13 12
38 7
72 68
34 5
88 39
85 29
52 6
11 11
65 13
21 2
2 2
35 35
19 3
23 2
81 36
36 2
30 19
90 55
37 21
12 8
100 51
6 3
53 53
7 2
78 33
57 9
87 28
29 24
62 38
8 5
5 5
37 23
19 10
73 33
19 6
100 33
39 11
17 14
25 7
9 9
44 41
65 36
96 64
56 23
75 62
54 36
56 30
49 32
97 22
76 63
23 7
100 35
3 3
35 27
55 24
91 34
5 3
96 27
96 90
92 19
29 11
34 15
63 12
29 11
91 67
59 21
21 5
34 17
63 10
46 4
28 27
11 3
92 57
77 57
63 16
48 34
83 64
6 6
78 21
26 12
69 60
80 68
22 11
28 24
53 50
35 29
35 4
10 4
71 33
86 21
27 11
26 23
2 2
10 6
50 31
41 18
31 24
97 37
48 8
61 35
65 28
