10
74
1 969
866 398
410 429
930 812
312 17
776 135
60 381
528 176
344 36
47 880
228 486
443 843
502 748
745 484
769 212
854 770
586 647
26 90
847 30
674 893
736 556
837 668
435 392
50 120
763 841
184 407
400 303
557 140
861 264
491 357
942 840
592 739
352 421
468 950
966 482
81 879
25 697
934 218
831 703
645 500
815 394
302 729
788 6
83 257
864 489
925 187
699 252
318 67
356 891
185 456
247 39
919 857
648 681
36 18
431 305
289 593
189 41
810 718
221 683
379 98
766 962
631 759
744 576
562 400
462 859
504 874
443 229
548 652
311 453
989 491
668 400
862 369
340 940
677 79
90
952 566
34 911
279 312
739 794
828 719
188 34
348 861
438 104
415 874
250 24
997 486
450 154
83 669
804 524
354 901
943 894
538 804
448 782
157 158
734 788
414 317
237 864
316 673
208 867
786 739
547 660
625 764
24 36
167 811
656 651
122 167
461 116
168 746
981 791
473 183
561 439
271 165
399 611
588 531
541 968
541 655
903 94
550 18
802 329
542 622
490 252
636 611
529 889
978 462
553 596
289 91
580 513
526 357
106 987
123 291
699 622
737 557
101 135
780 783
824 179
767 405
488 285
290 33
139 364
905 856
996 492
663 307
615 436
211 509
806 400
754 489
155 351
69 6
230 976
364 668
490 672
931 297
11 816
315 936
643 773
796 354
805 719
635 479
81 574
223 614
506 58
296 219
36 970
617 985
938 759
9
658 229
337 207
987 96
64 667
12 128
537 296
525 756
519 30
433 915
32
56 336
831 865
813 812
992 791
638 103
681 526
135 453
240 968
184 710
184 256
712 235
980 809
8 983
637 438
417 521
254 228
793 802
902 317
433 306
309 270
131 432
723 707
883 433
173 930
882 503
786 469
611 766
109 452
368 276
43 202
476 296
360 463
20
710 327
21 901
215 637
819 4
840 376
444 95
432 903
533 534
476 719
772 464
165 329
24 932
298 684
778 328
890 717
816 962
244 868
351 628
827 680
384 997
38
926 204
766 455
627 194
550 392
723 764
827 867
393 524
85 402
588 844
851 871
587 613
287 91
189 752
211 397
360 600
963 624
112 127
613 305
347 392
927 135
419 869
632 155
900 810
442 170
62 25
318 304
516 672
48 664
294 120
92 850
837 439
794 499
461 176
934 115
320 242
579 443
424 982
665 357
81
153 868
514 803
925 815
667 246
429 702
989 896
963 873
728 493
97 763
985 88
564 485
416 952
523 912
529 665
209 314
310 476
847 778
621 705
909 367
30 700
698 191
384 214
163 252
868 358
616 955
409 407
509 504
730 868
1000 908
197 937
774 120
910 507
315 263
972 115
297 942
961 415
160 95
487 770
896 624
33 966
251 925
664 182
134 501
936 616
817 747
659 179
85 699
883 78
454 569
373 489
353 780
284 936
175 592
68 613
682 388
265 180
40 545
223 790
534 869
803 126
751 287
537 560
253 155
999 595
271 696
738 668
107 721
736 917
670 161
950 222
970 18
795 651
63 255
676 373
86 456
977 998
585 438
896 575
255 400
801 44
503 710
23
476 618
8 930
641 139
773 94
968 652
808 16
190 790
37 714
22 992
126 829
217 411
416 40
362 560
456 938
937 496
910 205
854 572
49 900
937 975
619 526
79 240
221 611
8 36
54
963 902
188 990
306 984
196 960
841 556
327 320
78 840
954 706
498 670
314 535
458 550
463 753
521 190
412 231
300 442
486 419
950 975
42 338
509 340
908 51
100 690
462 628
42 83
206 457
243 778
547 903
462 17
969 8
559 817
842 632
846 901
103 95
535 544
760 752
803 424
657 442
439 667
814 828
380 321
672 198
599 298
48 693
801 938
883 40
10 953
814 633
394 24
548 670
720 241
518 681
486 774
346 988
68 205
720 641
11
985 332
222 752
819 262
679 32
927 741
640 317
556 226
658 695
79 600
83 27
29 687
