10
1
904 996
17
200 929
327 633
740 457
74 439
64 63
795 547
215 535
339 103
497 294
310 731
247 10
447 93
967 376
725 144
434 957
645 209
945 673
46
393 976
799 599
924 111
914 883
361 971
466 4
343 826
7 682
540 503
508 515
146 944
533 523
327 150
247 520
251 897
293 989
544 82
472 612
373 509
646 346
812 31
14 989
821 660
947 201
34 964
119 732
156 846
850 415
133 382
971 750
552 139
350 586
574 628
927 20
171 709
238 652
864 356
332 724
241 609
380 142
850 597
181 957
886 146
215 667
905 171
349 926
41
264 111
543 770
560 947
134 870
899 476
916 811
159 189
586 83
369 468
795 381
21 350
842 335
310 625
607 854
15 561
159 468
617 295
874 81
781 615
40 981
653 441
758 804
7 259
925 588
586 597
277 619
187 637
344 237
233 539
753 564
376 919
311 552
875 298
261 274
950 891
620 643
379 571
626 282
395 138
205 350
920 179
9
614 147
974 816
662 836
76 436
746 514
130 194
983 423
966 352
621 584
30
841 729
861 560
233 85
109 147
783 738
356 968
853 829
932 835
380 938
487 864
329 484
213 650
142 162
102 773
4 92
800 302
23 774
35 658
138 308
643 36
949 552
782 699
124 775
575 699
930 762
898 363
814 300
673 247
613 80
598 190
21
439 904
595 353
951 111
88 509
767 534
607 150
124 38
273 550
446 911
990 928
421 526
621 396
433 386
978 685
945 547
728 71
862 572
920 933
185 824
568 378
794 483
42
363 231
19 619
215 112
353 116
878 742
23 856
227 7
666 320
696 291
67 350
161 622
996 821
130 596
115 295
803 933
843 471
11 346
967 432
363 558
608 549
108 800
873 675
316 585
945 404
604 57
976 965
774 279
14 746
830 960
200 505
181 62
981 540
422 373
912 435
963 403
110 281
239 183
459 382
962 67
808 877
648 492
711 494
42
71 587
803 602
807 250
84 265
851 250
323 643
60 204
151 103
793 71
825 43
833 208
479 989
939 959
94 743
346 979
335 192
179 369
198 305
817 961
279 510
995 865
914 438
779 214
185 380
307 920
422 399
28 518
418 990
527 386
860 64
807 246
351 699
294 862
984 19
711 208
910 934
404 370
250 118
977 979
953 151
8 69
15 521
13
847 111
499 207
481 527
415 585
664 678
813 554
240 87
585 74
163 913
702 762
659 269
628 844
39 708
