10
29
896 292
617 913
585 808
577 143
71 156
783 162
371 680
23 891
943 423
822 387
307 897
642 358
21 231
384 335
144 927
405 397
1 762
833 149
46 137
433 152
127 47
116 7
986 83
873 323
2 452
239 786
831 666
92 911
236 531
40
963 626
182 677
984 799
209 735
765 883
618 637
196 608
213 496
130 933
847 966
469 244
428 246
769 189
628 19
884 610
558 439
543 4
878 346
246 525
363 155
946 760
524 942
636 662
325 647
20 307
428 806
340 216
289 364
294 185
621 596
141 346
562 197
379 206
27 855
558 321
877 229
312 687
695 610
312 955
558 390
80
523 955
565 348
811 807
780 74
741 105
766 179
151 341
417 170
742 606
897 719
148 679
343 999
169 145
647 386
93 669
417 272
764 189
555 654
12 791
381 221
227 10
77 21
853 539
803 480
596 113
175 225
824 176
818 63
506 91
843 237
555 870
123 660
490 499
458 778
470 211
435 413
865 928
974 251
182 304
398 884
356 4
26 346
98 130
975 983
446 152
493 920
337 786
480 793
437 669
387 745
658 61
696 799
933 844
219 317
946 556
72 132
12 535
954 417
930 181
237 614
820 486
198 596
182 992
154 783
908 427
300 10
272 731
899 877
127 854
107 844
466 231
43 594
76 530
471 366
544 777
126 893
397 566
255 960
595 577
919 679
81
662 936
270 55
774 919
310 796
991 873
720 774
998 390
612 573
298 541
821 681
635 242
623 353
884 848
189 702
304 616
834 625
971 664
598 2
907 239
363 763
655 856
281 468
262 838
927 480
395 175
938 488
696 251
99 230
833 990
388 581
418 92
259 103
651 173
131 599
363 154
895 944
163 550
568 821
300 592
361 771
948 1
353 492
412 713
696 317
806 791
542 426
30 152
928 889
389 550
405 692
582 877
424 419
227 539
206 473
343 775
427 950
850 731
248 989
368 844
15 318
979 306
266 775
258 795
577 559
818 820
203 923
276 523
199 516
591 535
171 9
120 113
645 873
207 391
319 971
507 142
184 538
17 343
105 803
777 886
406 41
689 263
87
914 30
811 94
817 60
547 800
510 663
540 342
474 230
583 890
708 776
575 582
607 171
942 974
368 747
511 936
142 518
420 658
842 846
481 771
833 519
168 309
695 921
95 241
511 671
503 467
129 225
918 559
954 824
655 181
154 104
81 121
138 227
309 350
236 419
684 228
616 887
545 374
724 906
34 153
188 921
372 683
658 596
367 608
576 478
576 507
131 584
527 347
354 107
184 28
832 325
197 911
454 645
92 428
564 138
997 39
817 922
423 817
826 319
115 673
671 742
664 202
260 611
561 23
415 839
628 340
589 803
629 366
722 634
331 542
256 945
872 842
191 890
526 637
975 587
440 929
226 336
239 905
413 64
39 979
472 966
418 174
644 502
986 809
109 788
172 172
64 463
587 899
566 899
96
695 659
239 833
236 280
889 591
336 358
249 893
346 626
595 990
526 72
646 4
315 934
55 726
740 425
760 226
532 87
273 869
117 645
358 433
466 866
504 638
379 27
433 77
785 72
202 960
891 759
967 646
281 120
462 310
71 745
491 905
524 986
640 757
411 795
611 551
577 573
648 761
953 7
217 900
300 226
83 103
421 303
803 521
908 647
49 708
785 587
516 179
884 766
750 101
314 383
672 562
123 875
441 29
377 194
387 787
331 393
711 395
499 808
59 654
525 613
65 809
146 953
449 449
212 745
137 398
914 320
989 227
710 747
890 29
733 845
399 825
262 212
989 691
375 843
726 85
780 513
877 757
746 586
4 986
531 797
132 816
211 462
96 281
10 453
387 670
603 542
795 71
941 778
558 680
695 510
732 77
369 235
653 575
216 486
357 343
75 632
84 90
65
117 452
505 315
795 761
391 564
909 436
181 905
953 223
915 136
175 76
19 46
351 556
37 177
631 574
516 186
436 26
681 35
518 271
871 701
194 898
574 334
946 344
908 792
935 133
760 885
482 590
249 58
111 508
631 242
451 818
8 541
135 881
158 312
821 178
559 391
699 716
381 40
551 790
382 809
473 495
543 397
383 764
557 403
932 458
148 551
650 125
164 413
347 352
848 772
898 174
617 359
207 784
843 410
379 1000
645 979
832 493
607 798
925 992
927 390
33 438
829 961
773 127
184 979
591 199
440 661
636 91
63
262 653
412 494
908 687
470 390
775 616
450 948
272 344
677 541
256 175
94 684
807 344
294 276
750 620
357 324
840 676
847 100
86 419
399 695
211 395
491 138
996 23
1000 532
365 489
343 326
560 134
120 93
327 118
350 526
236 168
772 9
887 637
86 17
783 956
50 779
61 190
360 29
22 530
625 713
591 636
508 345
421 618
743 637
829 480
827 484
58 772
352 943
302 620
684 396
507 806
886 825
169 240
368 647
771 257
140 250
621 912
125 198
17 540
97 260
946 292
238 461
416 624
883 94
22 39
12
714 345
850 360
513 858
505 113
925 648
216 580
597 745
84 201
373 233
681 578
524 552
258 246
74
870 956
477 893
231 936
398 714
759 361
302 126
971 673
202 27
544 236
568 106
577 563
600 900
753 363
12 141
417 534
820 234
548 913
884 148
88 429
154 470
232 33
690 804
688 184
349 964
761 95
434 41
550 690
35 789
198 832
811 199
706 892
982 30
377 517
90 397
203 640
757 679
355 364
775 204
560 102
241 141
693 967
390 564
688 699
329 696
368 875
727 144
123 493
870 53
350 97
511 229
790 536
600 45
127 73
156 231
3 636
175 149
13 298
325 532
471 948
2 604
992 939
615 375
178 344
564 784
467 334
305 479
138 884
642 762
197 439
650 149
33 528
222 757
297 986
205 889
