10
61
904 140
65 545
825 912
529 79
431 852
127 530
739 408
543 235
311 519
302 43
355 697
178 662
741 175
760 727
320 351
509 213
625 106
553 829
902 633
553 928
103 239
524 319
74 203
457 611
986 940
991 386
599 962
900 159
572 867
170 976
573 883
71 942
79 720
771 833
213 653
896 338
192 780
613 469
670 746
100 975
950 453
109 972
403 457
482 820
599 716
820 734
962 855
965 582
115 374
712 827
238 330
118 188
63 716
155 525
230 28
344 604
788 716
273 777
804 478
386 757
973 365
86
83 190
571 87
182 929
285 909
88 911
303 626
784 579
702 422
355 996
468 667
575 757
506 851
681 140
259 565
61 78
338 543
702 569
311 694
799 673
351 548
417 735
938 801
533 439
360 949
85 705
614 628
951 19
597 772
978 909
45 771
651 557
592 965
705 123
657 268
688 223
359 944
755 378
733 858
230 907
692 27
891 475
682 74
867 90
629 950
288 131
219 129
808 622
836 14
988 886
722 748
34 138
223 938
312 807
360 414
538 725
769 529
349 104
697 637
213 187
959 754
804 560
229 813
556 139
132 394
15 728
841 20
477 338
798 386
38 237
980 508
136 598
703 990
707 842
906 828
275 268
981 984
206 35
700 623
727 91
434 634
506 867
630 804
569 23
21 720
614 294
184 701
23
227 217
879 543
472 53
191 502
351 310
996 822
89 54
926 791
278 608
565 782
989 980
401 506
34 109
689 707
976 63
438 52
864 325
753 8
920 2
306 755
391 30
235 899
792 603
99
561 788
94 446
687 640
547 239
618 376
712 763
35 734
49 734
916 589
170 60
715 399
275 149
59 175
403 922
527 584
747 206
240 413
972 920
617 203
44 785
425 652
372 945
24 93
862 255
462 602
622 840
880 353
957 246
725 332
462 365
552 227
755 915
374 233
959 719
179 550
890 131
816 317
168 796
839 262
979 386
682 119
794 995
25 295
330 132
915 835
100 731
615 596
167 631
835 937
680 673
685 641
191 511
279 467
355 710
400 650
65 143
913 419
361 806
246 945
145 295
238 67
862 842
972 59
216 529
719 643
846 790
766 476
818 314
128 247
270 892
883 855
862 127
51 622
360 8
750 583
58 790
446 772
483 490
823 793
669 265
369 432
689 799
703 303
339 71
73 439
295 137
928 366
117 194
800 607
489 514
955 425
694 506
515 725
884 500
687 268
678 664
850 81
545 444
345 410
64
476 499
282 836
87 288
432 974
696 283
211 776
39 659
442 227
872 316
816 917
949 511
222 941
796 676
900 474
541 375
713 842
695 577
170 55
899 193
247 734
56 922
956 195
241 279
223 455
484 572
189 787
549 806
210 322
203 734
312 777
584 122
807 202
966 341
39 715
392 393
522 824
695 569
829 40
887 179
896 974
442 350
964 878
74 297
317 868
212 308
840 687
571 19
798 603
267 840
513 319
504 647
607 12
86 497
29 808
642 393
134 850
264 715
44 294
294 974
550 891
633 135
722 356
135 928
821 732
61
133 421
710 833
842 258
56 270
347 923
521 829
681 256
266 824
155 223
343 406
249 648
486 750
183 225
499 121
220 306
72 429
923 843
907 567
345 133
40 113
313 71
249 372
692 578
91 583
77 831
19 1
268 343
17 868
289 235
468 11
868 254
126 389
322 599
912 298
283 603
777 997
129 426
363 979
115 913
663 595
651 608
219 750
381 477
977 689
146 769
449 897
692 505
561 406
314 704
173 683
262 643
170 821
981 245
319 633
438 4
885 611
919 811
830 797
132 545
733 357
138 674
54
725 844
544 507
14 500
353 3
517 224
78 58
214 715
599 243
738 659
216 509
646 294
613 735
435 884
791 113
638 349
231 104
728 245
538 443
185 292
13 740
841 387
819 201
231 836
157 572
309 713
209 287
323 816
327 508
387 38
287 796
357 921
239 854
780 914
500 786
569 187
30 951
375 613
938 730
582 550
810 872
204 544
911 589
336 509
250 414
889 994
767 140
119 930
675 594
440 213
919 137
318 408
53 354
231 351
163 44
96
710 557
505 239
447 846
69 65
84 287
283 871
482 365
183 204
293 908
29 594
1000 764
916 747
638 72
159 850
504 561
514 391
416 187
619 683
837 277
310 144
704 519
214 133
958 903
433 25
791 757
539 437
239 952
645 711
51 936
7 204
478 765
460 398
716 199
54 414
615 520
906 980
480 424
445 469
168 423
510 396
863 440
798 556
286 556
285 164
296 340
535 388
694 699
287 319
411 179
915 882
228 95
400 180
965 841
55 870
968 550
480 525
775 486
798 526
268 272
644 569
839 573
718 25
887 404
882 19
757 38
832 389
750 770
969 185
583 156
164 713
221 202
151 685
773 16
219 204
482 148
168 223
646 620
364 20
3 526
662 785
257 360
680 727
891 769
428 338
109 600
725 78
209 292
345 28
282 996
574 901
232 168
643 94
758 311
969 356
352 498
578 426
1
201 697
4
196 605
977 920
185 453
777 788
