10
36
243 651
348 184
116 359
756 518
842 707
954 953
862 911
738 490
434 470
745 330
294 560
757 53
320 974
579 854
475 774
888 372
196 505
716 772
257 24
148 383
410 94
103 262
821 762
684 890
669 3
746 201
826 993
71 686
271 994
965 847
576 690
602 349
434 559
574 632
80 540
307 153
87
380 843
913 288
726 593
284 703
971 641
208 624
35 470
619 797
797 866
494 935
685 365
205 304
34 702
265 499
915 169
227 793
852 610
355 374
379 777
659 875
304 935
501 996
108 159
596 189
489 360
210 177
26 442
453 420
244 176
519 130
390 69
847 174
997 313
290 415
715 390
286 768
113 902
424 519
194 760
68 921
233 602
661 876
462 449
958 868
718 47
792 42
937 308
700 298
71 632
180 668
885 975
774 958
732 383
993 600
116 150
986 992
231 40
944 406
160 975
287 570
478 123
626 117
92 877
845 582
371 54
490 638
529 597
458 509
948 465
127 582
978 348
23 201
771 657
163 593
25 855
521 189
750 349
127 530
631 497
257 768
968 452
212 915
464 888
916 534
806 829
811 219
124 320
6
157 995
307 707
975 574
541 392
581 508
496 77
49
611 103
407 457
870 257
74 749
145 151
642 991
908 963
933 454
283 970
942 198
201 69
897 766
981 159
384 930
604 147
869 537
727 360
488 946
126 286
580 434
869 523
893 946
381 890
53 727
510 620
151 729
293 729
755 336
105 296
364 564
146 141
918 468
59 147
148 377
559 371
33 404
594 147
277 541
434 834
322 726
702 163
880 631
797 465
294 835
946 946
865 243
455 102
834 601
864 969
92
359 843
802 137
1000 10
234 242
821 418
387 570
761 518
744 290
59 887
166 419
444 608
671 587
964 112
392 75
2 319
725 141
483 941
852 557
273 679
871 396
272 748
790 709
310 263
708 882
426 797
41 598
190 2
40 233
47 391
545 175
197 78
506 66
534 161
338 249
783 984
302 689
94 154
263 875
314 598
900 430
604 586
4 63
418 892
342 782
745 294
469 114
466 135
622 616
689 944
188 680
122 813
14 184
109 141
486 821
948 675
750 167
289 246
263 317
621 805
826 209
159 31
658 437
410 562
193 325
683 186
370 199
345 477
647 17
317 565
532 970
972 798
27 756
314 224
858 904
226 126
170 978
84 416
705 214
93 103
994 836
533 487
308 296
133 290
80 125
335 194
767 451
211 382
716 349
631 481
389 952
23 600
911 938
71
615 461
197 306
18 395
463 347
882 126
618 570
771 693
812 155
710 3
804 656
587 57
433 23
526 207
481 392
264 324
726 282
376 29
453 758
17 722
434 419
470 215
454 868
603 650
346 247
85 488
905 16
229 781
512 574
465 187
673 755
828 714
378 257
880 130
487 235
576 957
383 530
890 880
133 266
405 51
653 133
104 719
827 853
939 176
750 71
106 835
562 614
575 761
422 814
990 388
171 779
864 554
703 633
968 424
617 117
242 465
733 331
965 703
466 729
350 249
195 636
207 285
419 602
296 184
124 672
357 940
945 621
335 281
242 838
512 120
504 379
817 779
18
521 706
395 862
737 96
716 837
700 350
645 522
640 291
246 855
354 354
928 410
740 944
802 783
7 760
797 312
610 123
306 218
124 396
850 618
39
56 695
232 766
683 262
875 17
709 104
641 706
719 317
930 486
432 688
680 525
842 510
706 780
814 350
82 11
346 329
220 296
152 700
417 892
304 268
83 36
288 969
73 963
836 486
405 62
185 920
980 56
766 508
637 967
508 542
118 694
141 384
691 20
596 208
185 837
891 93
730 680
27 403
650 977
191 388
20
345 145
393 538
266 346
349 522
771 868
457 45
552 46
222 723
930 944
393 348
290 479
555 36
349 50
404 171
728 827
676 210
598 784
226 123
168 227
120 544
54
39 940
587 510
957 274
347 934
608 162
5 256
897 866
225 31
866 815
926 492
844 873
361 298
645 677
631 841
895 717
716 559
756 266
605 451
441 757
963 644
649 930
969 610
940 422
960 563
335 82
769 393
334 680
171 586
655 414
21 632
720 386
78 401
788 700
939 882
810 282
25 984
590 207
548 439
948 909
655 207
539 414
45 851
550 709
575 900
881 706
727 630
250 726
628 480
53 299
775 42
373 104
773 730
80 212
270 776
