50
4159313348 9874163744
7684504414 9105950567
2270995945 342263767
9211025195 8552742739
7850526672 9344356672
2389301595 8765988670
6462193461 7744765722
9886515057 4305224912
5161534085 2722647981
7077228628 5613837056
3301473531 7659344240
1972099758 3287556187
7824908950 22183790
5854917675 6419825881
2966138953 8074364498
847139439 5840349396
2867028901 7017847029
4584467953 9530876398
1250459319 7739258694
9830001359 4280293512
5290660404 1690410977
6297966008 1319324330
580247711 4384030883
1829249482 2424631503
8301298999 1993283548
5554455457 8302407482
6840124393 9294687259
8707258006 9980118081
6670161138 1963267281
8872171781 7484296118
5626874691 6449613374
3624650183 6743882242
5122685341 3682043590
480029176 484005560
8460899133 4818475513
623072839 1411590097
4424216884 2838314504
4923550141 514901536
4755997239 7427782420
5649395738 3504778502
9447671882 1123514579
4329734151 720194699
979133659 1315347946
5812092547 3344069885
3679404463 206293163
3608973421 3844740399
6289362305 8826900913
1097245922 164576518
1724632402 2336342120
3946947126 3974095492
