50
907171973 2946485807
7269712930 7172591070
2977610557 3975203975
687081757 1613593198
3114038709 1664142320
1129479155 5028624769
790396967 171842964
147562499 5275441190
8199743207 1202549324
3281591611 4807426070
1123743353 8920732711
2454876544 7516529351
7898858828 5317808770
6604814963 765236793
6671040847 1956194222
9247428199 2420426345
2978719040 2301891921
4447160092 3763066527
712470705 4282703865
103628888 1074953649
958178643 3874527892
9839713545 1400118493
8186934346 3631265694
1668998413 4782265896
6268600676 7991124595
9857607273 2710718829
4982052031 5030841735
9551866801 9508161964
6197289925 8688484569
5988900087 955081968
4176520754 8715861709
3169901472 2533682515
5469684910 4306333395
7490682855 5236134898
9806829377 7399947732
6563749253 5068581996
1109175074 4274328936
2654433905 1285331679
5029733252 367652715
5682279906 379353093
9214544031 4026861580
7346108548 9727794632
6311197030 4653790512
7631967100 5041662404
5788234243 1490624842
6478098997 9568423272
2812274621 2608089941
8656937658 5776533865
1693507652 5172354754
7493128595 4891774456
