50
1144927143 1866567582
7760900032 7981412409
106074628 4974556811
1903428134 1137854084
1800112924 1101451080
6426670166 493488972
3691984550 494139907
5842108814 7478331542
4678528525 7203258272
4907873379 9409245299
9756280255 3999713214
1022187561 10483412
8998658973 2703223609
6082274337 5244967375
7251397041 966553572
1596157018 5329966696
1786881902 7117185855
5812972256 5118708957
9454516167 2658181515
8367296109 5754470366
4303007946 8424918290
8358921180 371629099
5050494881 6804601098
501212966 1359281557
9752532645 4581828826
795253060 6295098107
9922953448 5920686011
3603237619 5593110814
6649628283 9622720004
3381159211 3635242078
7153588859 9012998478
832993321 1995042966
5976777548 1889317403
6602597997 4010076335
7035934144 6280072280
8747215233 1775832459
2242281548 810278887
5008091914 6892010772
2725744656 3263504496
780684781 8199971981
6576100566 1819994844
722640439 9166211875
4431940878 742064811
295919803 1589083959
2464588730 2845158789
2398591620 7320490826
1315576720 1063482045
1021958787 1176280667
4512963815 2393506753
1222624631 7954492817
