50
5429956457 3468340111
6414512240 2821107098
6230631641 5758675524
5886922134 7328443594
5837252721 1538534837
1561055884 2333896380
6852282319 4352026424
8114092951 2563698782
8341256226 6517827450
4217815238 6115844827
2955318284 1587975476
2406966549 8723585703
4676540333 4679408234
1006510799 5908105924
9747219004 1712932024
6659991404 6150717187
5609438511 5540115952
4046285952 1345821761
509165734 7218284099
4193534773 7159782209
8659805559 9593812220
7597094740 7510107227
7663971559 5835035755
5397072289 5569023736
8260004515 2281816614
4991113282 5953376792
3357300907 8849193186
8394022314 1086196479
7953384334 7637931676
3973444557 1161712388
6924894940 6496186112
6343008102 3505429437
6208339368 261927152
1287091097 4753129338
6147198351 1488636650
3286676478 7781432887
3790214893 3324416739
7736619567 2459081702
4178966494 6852053545
5171897206 4664611181
9313882857 4775879159
6675896940 8647647633
7487164019 5882294815
5364188121 3246719251
2523741555 27919592
5530403766 8580770814
8974800669 8411000946
1334543544 247781034
4282052930 7586274071
5485819220 6343008102
