50
8474587703 3785130026
521974595 2988431226
4864397316 5869028406
292594354 730364433
3474304687 8238169790
8282525562 6209870012
1600555563 7843224839
7607686635 5107008579
3001468861 4210742179
9114554270 1439424785
6247839047 3069454163
33655394 1890197112
6274565252 7973037480
7122692883 4158204865
7758683066 9535081556
5463949108 1419542865
319971494 9043894454
4427084785 4002352341
3154224710 2249583381
7218935034 2268778979
2655542388 7917174717
5286684020 8569070436
7374365397 2682919528
1947132971 8255148422
7713640972 6290242014
9290710875 637641118
48681221 2123096189
1512917115 9087405904
9038616200 1941854717
7928224160 7207234656
512913344 4546498918
5331954888 2045592088
8840818257 3210738408
4199270575 6156910537
2804550627 5181838166
1190848946 4597505588
4143636586 5785595116
6393328450 8184946154
79348423 798578509
5035469054 7493550756
3561943135 5100815229
379353093 8949640495
5061315550 8431533801
232333046 9826482523
6838136201 9082092263
3581825055 8680760575
8138373416 6688477027
6765523580 2059280658
8579433557 9980118081
4672335175 3978951585
