50
3644074555 1047576509
4695964705 2872535929
2603005074 5608101254
3848716783 2906106419
1847794145 2346934015
3811627457 6480966898
238948557 6035050664
5520920354 8325350690
6841004102 5249172533
5131289044 6537251822
4306104621 7282293017
7693565665 9364009818
359277786 3511394013
9017625797 3554676689
7498864397 9854281824
8263101190 3847608300
652860332 5423569720
3849825266 2137206920
6838364975 2501449282
548894187 6605923446
7756694874 2707428767
1370753161 2398134072
3523551939 2951799448
1197464457 5200154055
6104144449 7059334900
7426673937 7114740115
923957218 9977250180
2075186194 9337054839
6722469678 8774134825
3507646403 3290195314
4634366140 6329319532
6339682653 5070798962
4338109080 6191554123
2612717260 2542514992
2435223398 2204541287
4292644825 4839008368
5973452099 8741250657
3032364837 8086064876
3738328514 3144512524
5622898307 1907175744
245370681 1858614814
634544443 6807011451
5011646137 6186047095
3695960934 5367056022
4379174790 3468340111
2844736628 7707254235
2900141843 7419829652
2239871195 5681628971
5498170533 2079162578
8333532232 4872350084
