50
7136381453 172300512
1605640430 8567311018
6520044416 7924247776
8322940337 1069640008
5079631439 8224481220
4572767575 5473239133
3853344102 4280715673
8498217233 9911904005
6599501322 9360455595
2175633503 3435455943
663030066 5452477504
5347631650 6467929263
5945652798 9851413923
2260826211 2967247436
9641493441 9428898445
6766632063 3592416950
5112286833 5473239133
3206533250 4930623200
4069915482 4960410693
9816541563 7343011873
392390728 7945660340
5529752831 6923786457
2630153440 6033062472
7403924116 7796001166
3701239188 1483129622
47572738 4240107511
7464871746 1419771639
1394153917 2144051205
4841225334 3862405353
762140118 7622712462
5397723224 7611012084
4943854222 2696379324
9764655184 3424213113
674501670 2434572463
6722240904 1064361754
8354716022 1892607465
8011006515 9598210765
8074135724 8146097410
4594180139 1062373562
1317564912 9254272484
5680062940 335877030
8829997588 7901497955
5480505579 899905527
937874562 1361040975
8771266924 1045817091
4110523644 4445629448
2284226967 409598134
7201727628 1187981045
1892836239 3978722811
8842348901 1863048746
