50
6828652789 7955601300
4924429850 4099931749
7511673258 9446792173
822858974 8960232390
6176334909 2207637962
533446199 6791563463
8553622448 395680790
8120937236 6676547875
6838593749 5715164074
2870547737 9841701737
552870571 8589603291
2960631925 1407842487
550002670 4751369920
4814499129 7506588391
2458852928 9504836515
721303182 3493729059
8075895142 8833094263
5970355424 648233013
1293706608 4405900995
979362433 1508940731
3196170129 5940110383
3113159000 3120882994
8255377196 8505712453
383329477 5527764639
4083146504 284870360
3316041810 3960864470
6715396619 9350321248
798578509 6485822991
4281173221 9644132568
8067062665 7654259373
2268550205 917112933
5382732784 6693333120
6000600465 2360622585
2883356598 8336171359
2693282649 5916709627
8179439126 4846961136
2522861846 7861998276
9795357773 2963921987
7402393472 9892708407
1394611465 7953155560
2462829312 7841694195
8414977330 936766079
6606803155 7366834790
9617635137 5105671322
3047812825 3968359690
2425739986 6226426483
3208521442 3201905931
1610725297 3023532360
1400118493 4748730793
497236582 7949636724
