50
599443309 730786594
589502349 2705211801
3969239399 9239704205
3186000395 9504185580
4210742179 5646299063
832113612 2604993266
5490675313 6285808082
6027326670 2040085060
8438835634 7556257804
234550012 7471716031
1013583858 5800814330
67876819 6198398408
2503208700 217764767
9158487881 5304577748
9487400335 2032132292
9459143486 8578782622
5942327349 5661747051
3469026433 9479676341
4193305999 7470150000
1265449759 5239882508
3761958044 8126022103
3681163881 7596215031
3813158101 6103915675
4647403775 2514029369
6650507992 3050909500
3127076344 2431475788
490621071 2962391343
2699247225 7592889582
5637237812 729255950
9551866801 7243673047
1047347735 8279006726
7350735867 6530636311
1705630191 3242742867
9699537783 7395777961
5777871122 8510339772
6388472357 8022935667
5620030406 6280072280
4375655954 6102156257
7837946585 9197987560
5759326459 9077236170
9739266236 1533678744
6931088290 6505018589
7437494606 7378763942
2570771841 8786292751
64780144 4413167441
4793315339 1350220306
3736569096 9142353571
6807891160 3870129347
1200789906 9684318569
2889972109 979362433
