50
8404614209 489512588
8073906950 5586917464
6726446062 8390925639
4007859369 8145217701
3257082372 5400591125
3283351029 2993058545
2945377324 538531066
2925952952 4074542801
7203258272 2824203773
7693794439 6190445640
1029260620 1285560453
6212966687 9322064399
1978715269 4000364149
5411869342 3178276401
1156398747 8621378976
1766349047 4230395325
2091742665 7220043517
2299674955 1075604584
9120061298 3812507166
6645423125 7371268722
5062195259 463015157
1389297824 3737677579
3606105520 2071860745
3757752886 2563927556
1580480256 1682686983
3496825734 7684733188
4240107511 944490073
4967712526 3257082372
2673858277 8657817367
2626405830 6176985844
360808430 4406780704
3433925299 5503906335
9325812009 9729131889
5520040645 833450869
6003697140 5172354754
3199038030 8001065555
6045642559 585332578
469208507 4867493991
4325528993 6267720967
210920482 4014052719
7705266043 400765657
3339864727 5165281695
1793268639 7244781530
1576046324 119534424
7790036590 9617212976
1559489853 4471669331
7565969990 7936176928
3538542379 9293578776
907171973 7971278062
6312763061 9386302091
