50
5460201498 5776533865
4340326046 8120937236
2699475999 502321449
9241041462 3314475779
3680935107 3737220031
6062849965 4194414482
8829346653 592599024
3563280392 2023071041
2518463301 8691352470
6945199021 8976788861
8960689938 9408823138
5340787365 8612124338
7448315275 655077298
3608093712 2983346359
2044941153 2427270630
6212966687 909160165
9238824496 9143233280
9397544921 3332140733
1359281557 7167506203
5756229784 1000000
1667889930 4652682029
7347639192 7621375205
5587568399 8845445576
619096455 7189798476
9164874618 8878787292
4531508478 8629331744
6873466109 8748094942
6407896729 8442354470
9018083345 9601307440
2437211590 9615224784
2039627512 7109884022
2540298026 7295752813
9694910464 1418012221
322839395 9682981312
1379585638 6643434933
9314991340 4961747950
1961701250 7499515332
6477870223 4563055389
8048095841 376256418
6423802265 2189744234
6947415987 5797295494
6771259382 7396657670
2257078601 7858250666
4715160303 8071496597
1881364635 7979002056
2371443254 2157511001
3164587831 2667013992
6690236445 3070984807
1368764969 38282713
8205056848 7959348910
