50
81794163 8626235069
5339221334 6033291246
548014478 5813851965
3089758244 5900381930
4655778704 9887852314
1793268639 4271883196
4226418941 4226647715
7860889793 1964375764
7542340460 3493306898
6666184754 649112722
2730600749 7328214820
6219810972 3435913491
476052792 3197700773
4064601841 3162177478
8752951035 5624006790
6061970256 6913652110
7964205003 7292005203
6107663285 2674087051
1831695222 1605411656
706734903 4714280594
7528651890 3755993468
9570411464 3040088831
4390646394 9258477642
6800624714 6912086079
6115844827 4286029314
9011889995 3295508955
4831513148 7357122604
9952969715 3215823275
8496000267 6660871113
951334358 4184473522
3718904142 8649864599
5837481495 904532846
9395556729 1736332780
9613658753 7325997854
1347352405 3335237408
2238762712 1189969237
5837903656 2684028011
2065474008 2193491844
7128657459 696793943
5103683130 1079580968
6437912996 4938347194
5398602933 1928166147
1274739784 4028392224
7797760584 3408078803
4680938878 2684028011
9555614411 6759787778
6685609126 5678761070
4050033562 1153530846
1431243243 1912718159
6950055114 7031957760
