50
8127130586 582007129
5576554343 6419368333
7928875095 4657115961
6118941502 8279886435
2197468228 7839477229
3867901 6171900977
9622720004 2893068784
4254904564 298558930
1619557774 1352437272
7374136623 1716679634
667428611 5986489734
6759787778 7892472091
9353840084 4874989211
4310081005 4792857791
6269480385 5669699819
5272995450 8889150413
8684736959 442060141
6672800265 5036577537
3452012414 6949175405
5627983174 4377415372
874059031 9772379178
4980292613 3787997927
7154926116 7554920547
1958182414 1916465769
6609213508 3339442566
6305690002 82445098
7006797586 2516897270
2386011533 4956012148
3178505175 6403920345
4653139577 921089317
8602412152 8325579464
70093785 3292183506
9048328386 9821626430
6764643871 1665901738
3464170340 5180500909
9052075996 8135734289
4986028415 6766174515
931681212 8046336423
1003871672 8622258685
5281827927 238068848
5863521378 8927999157
9277251079 4433471522
7688480798 1946710810
2122867415 8688942117
5166161404 4234793870
6714745684 6086250721
2680051627 8726453604
3303232949 3953333863
3758210434 4935250519
4428844203 3348275043
