50
9160018525 1513145889
3815375067 9324703526
1019090886 2817130714
1578492064 1274282236
7755164230 596346634
7619387013 6790032819
7111221279 9177032544
6786936144 6353142449
8320494597 2888863626
2888441465 7615868177
7944780631 4836140467
8627343552 836547544
5105671322 2147798815
9983214756 6058451420
2471204241 297907995
1254206929 2548022020
8877027874 406079298
4768806100 9236836304
225717535 8052723160
5468805201 2577387352
4640330716 9383434190
4018257877 1008270217
3634133595 2090634182
436746500 4741886508
9341031223 7037271401
8547657872 406079298
4840116851 7438603089
1764360855 9976141697
267434180 7402393472
2362153229 1917345478
6923364296 8075015433
8867315688 6849414418
5884933942 8818525984
8459790650 3419128246
7663320624 9227581666
9532213655 1542282447
6960875783 717326798
5133048462 8125793329
2730829523 1408722196
5963968687 9833326808
8368175818 4788230472
8247881976 9180551380
6076767309 426383379
9011010286 2045169927
3592188176 2701886352
2716683405 3071213581
3120232059 9855161533
4918465274 1152879911
3496174799 2965030470
5981176093 6396425125
