50
5697956668 4696615640
4831513148 5187802742
3569895903 1501674285
458387838 9095780833
2367009322 3174528791
1361040975 3401234518
5473890068 914895967
9257826707 484005560
2739204452 951105584
4829524956 3579608089
7594226839 8229759474
3908098382 1106078399
2291071252 8039492138
9342597254 3721121108
2625297347 7694674148
2303651339 7560656349
8046987358 3959527213
764357084 4687783163
3844282851 5542983853
4020897004 4680516717
1270763400 9203072427
9608802660 6592885811
2451128934 2019780979
9450311009 3766814137
2649806586 9211447356
5468154266 5956666854
1815367525 5895983385
459267547 4527303320
3213377535 536542874
9828470715 2296384893
1274739784 7407020791
6460434043 3015157431
3944958934 2742952062
9433754538 8456922749
8607690406 5523559481
1499457319 1668998413
9351851892 4035465283
5089572399 170734481
9486063078 3272108199
1522207140 11363121
4308972522 3590428758
147791273 578030745
377822449 7688480798
7378113007 4618918152
2299674955 9333536003
2033891710 6166622723
1667889930 1122406096
5312301742 8469731610
4188221132 3516478880
1934552884 1023067270
