10
10
1318 763
3765 1529
7342 2245
12176 3329
17019 3843
22829 4603
31450 5067
41236 5113
53703 7785
65042 9210
10
844 570
1553 1480
2272 1683
3859 3027
5762 4516
6227 4583
7173 4689
8162 6689
9143 8367
9543 9475
10
2654 452
3404 505
3835 666
9024 1809
14015 2308
21217 3429
30125 4685
41468 7630
52084 8505
63295 9775
10
182 180
1999 1327
2466 2007
5094 2416
5135 2597
5694 3361
6681 5987
7368 6268
8394 7113
9927 9498
10
456 212
888 849
1152 958
2615 1510
2917 2638
3924 3485
5864 5130
7110 6397
8648 7246
8849 7796
10
8130 9469
3184 455
7751 6747
4854 4525
7782 7806
3913 1887
7248 6358
5651 4974
9917 9932
4596 4064
10
1617 652
5076 1617
7920 1807
14554 4037
21455 4228
28927 4751
37628 5463
46970 6081
57011 7294
67943 8967
10
482 453
1628 790
3153 1147
10000 3499
17166 4710
23358 4787
31273 5041
40249 5498
51705 7940
61056 8150
10
441 269
1184 690
4225 740
9925 1743
16485 1955
24398 2567
35567 6308
44298 7250
54540 8427
64288 8573
10
8370 8823
1214 2475
488 1390
2432 3389
4122 7169
1977 3204
3487 5426
4841 7958
5042 8326
8426 9269
