10
10
8128 2242
9550 9435
8522 3294
8807 7692
3448 583
7264 1925
558 311
8174 3002
9374 8395
4136 1206
10
894 156
4452 2138
5011 2840
5980 3274
6630 4964
7704 6275
9158 6700
9236 6833
9292 6924
9532 9260
10
2462 197
4058 511
5820 1651
13151 3067
19999 3964
27216 4043
36903 5440
45507 5655
55165 6238
67352 8522
10
1277 68
1367 278
1936 1337
5182 5047
5750 6958
7039 7732
2618 1852
9828 9244
9739 8958
9035 8097
10
354 95
1510 374
4000 929
7696 2310
11931 2995
19385 4495
26404 4851
33786 5065
42637 6369
50615 6763
10
433 88
4855 456
6060 614
12656 950
21454 3005
29611 3814
38317 4670
46764 4945
55069 4958
63618 5201
10
2667 105
3512 811
4328 1559
5455 1639
5520 2139
5888 4295
6349 6295
7195 6362
8008 7604
9995 8869
10
2776 898
3841 1165
8574 1812
13688 2826
18851 3029
24522 3093
34182 4755
43468 5671
55174 7918
66154 9020
10
1655 260
4211 1041
6965 1856
10613 2088
18589 3832
26483 4549
34264 4881
42939 6013
52844 7705
62889 8465
10
2515 1556
3340 1580
6946 1757
12752 2837
19599 4820
26098 4930
33023 5101
40701 5301
49492 5344
59117 5560
