10
10
5216 4652
7530 6080
6812 5541
5504 4849
5170 4613
1472 1103
2128 3368
8314 7686
4089 3556
3346 3457
10
1715 1458
4257 2346
4596 2526
6677 3521
6749 3757
6804 4120
7896 4608
8362 5836
8955 7181
9534 9113
10
1197 552
3258 1280
5288 1544
9339 2554
13812 2702
19094 2822
25931 4080
32980 4268
44677 7953
55202 8913
10
5828 5973
2484 5536
7247 8182
2182 4770
3658 5590
9045 8219
90 1667
579 2042
1301 2906
6735 7722
10
1096 249
1331 518
1428 1095
1777 1402
4332 2566
4929 4538
6682 4728
6884 6058
7174 6744
9788 6952
10
9394 9559
3124 1708
655 351
8897 9262
7038 8683
4408 7243
3726 6700
2872 1638
7647 9030
6356 7580
10
732 182
1711 896
1860 932
4631 1968
5382 3315
5651 3561
6681 6164
7798 7083
8076 7458
8639 8052
10
1216 11
1322 1262
1533 1476
3071 1583
3422 2639
5099 4743
6342 5645
9158 6675
9184 7642
9758 8132
10
1529 594
3273 1643
8572 2706
14920 4435
21985 5017
28774 5146
36890 5771
46389 6296
56021 6857
66090 7566
10
304 158
1902 1878
2210 2102
3484 2668
4957 4053
4996 4381
6986 5973
7563 7048
7900 7066
9814 9440
