10
10
884 79
2286 444
7285 1872
12050 2480
16945 2772
23063 4167
29603 5149
36062 5253
44963 6431
57220 8701
10
1022 46
1421 1081
1547 1157
2233 1929
4293 2244
6202 4234
6820 4349
7269 5137
8167 5611
9739 9668
10
1312 8
3446 55
4835 1124
5728 1438
6560 1667
16950 5326
24216 5647
33362 7182
42648 8173
52152 8286
10
1402 25
1609 147
1707 624
2492 2104
2833 2364
3650 3369
5676 4974
6248 5853
7271 6694
8227 7121
10
959 250
972 392
2698 1584
3943 2663
4131 2974
4294 3192
6144 4722
8102 7472
9178 7995
9657 9170
10
978 855
9576 9462
8533 8193
4722 1706
5099 5632
5336 5703
153 245
182 264
5924 6088
2255 1449
10
2062 20
3189 1112
4443 1622
11140 3577
18558 4901
26092 6139
34218 6297
42935 6556
53945 8529
64870 9555
10
933 368
1399 368
1578 626
1979 1929
4449 2236
6792 3514
7446 4868
9085 5474
9220 8593
9418 8737
10
1702 765
6271 2545
9360 2780
14556 3840
20293 4193
27146 5305
36132 5748
44872 5802
56333 8422
66548 9052
10
491 478
1817 592
6155 1399
6906 1821
15344 3089
24511 4784
33510 5141
43512 5533
53981 6337
66648 9056
