100
100
1 96 4 17 29 100 33 27 57 40 39 74 63 64 47 95 35 15 3 39 94 97 31 10 10 47 93 47 76 67 44 25 57 34 9 45 73 45 46 76 93 99 99 11 24 83 14 71 61 4 66 26 43 82 7 3 40 15 8 44 46 23 33 50 27 20 47 97 51 89 93 82 44 12 72 9 73 46 46 31 12 89 14 60 21 1 47 64 34 32 19 46 56 15 50 82 33 50 71 39 
100
52 86 50 28 74 20 27 9 71 52 38 56 64 24 32 9 41 42 80 97 50 57 81 46 86 67 15 71 5 26 49 41 11 64 70 43 47 60 70 34 76 99 11 16 89 59 83 86 68 69 81 95 50 21 35 42 25 10 54 7 61 15 68 59 95 17 81 74 15 81 81 40 41 53 4 58 59 7 88 25 97 86 19 77 37 87 37 44 39 33 64 53 19 76 52 11 98 75 74 61 
100
91 50 43 20 71 79 82 26 38 95 50 5 79 20 9 47 14 16 74 36 62 36 76 14 46 94 30 23 83 52 66 84 21 30 29 41 60 61 85 33 47 9 38 83 68 56 29 53 35 32 38 80 64 87 84 29 50 13 62 42 73 2 92 4 2 100 74 23 58 35 8 38 36 43 52 49 99 82 75 24 99 75 62 30 63 98 100 14 47 73 80 13 90 98 21 4 39 53 95 11 
100
51 9 88 34 67 50 7 38 24 50 73 11 46 28 90 26 21 96 21 86 33 85 78 47 45 71 28 72 62 33 20 24 85 78 68 83 94 42 31 63 19 19 12 15 16 53 42 78 56 23 7 27 20 66 91 96 50 67 22 61 21 96 96 30 95 15 33 3 71 43 46 11 32 67 58 63 49 8 100 8 75 73 85 16 4 45 57 4 65 76 79 74 46 14 60 30 5 100 62 81 
100
40 81 73 22 35 12 3 63 81 10 83 39 82 59 67 62 77 8 92 48 94 11 42 87 71 2 3 50 7 65 84 50 51 43 23 4 60 3 51 71 93 43 25 8 33 89 79 59 39 43 94 79 46 92 35 69 79 5 98 61 17 10 79 65 95 38 14 14 79 80 85 20 7 99 22 18 28 90 18 86 27 64 60 46 7 99 51 62 94 19 84 8 11 34 10 70 4 18 50 79 
100
77 51 53 69 8 21 15 13 11 47 7 99 27 81 85 15 78 64 54 13 87 40 74 85 13 63 62 2 69 59 44 28 8 39 88 74 61 74 48 13 78 13 36 55 76 16 18 56 55 34 28 79 84 84 55 3 87 55 30 24 24 33 44 3 49 13 82 72 88 70 88 91 69 30 21 33 3 7 90 9 31 18 75 14 52 75 84 67 49 3 47 76 48 75 1 46 9 14 6 26 
100
7 45 84 86 72 14 47 93 82 39 43 57 84 28 86 61 3 96 41 15 55 46 56 50 14 38 64 81 94 84 45 96 24 27 96 31 19 39 74 92 95 15 1 55 52 40 3 85 2 32 25 73 70 42 26 11 48 26 24 6 70 27 14 19 57 68 62 84 43 88 33 9 57 1 5 66 66 90 98 40 51 43 9 49 44 97 52 58 15 55 70 23 88 9 50 66 57 67 45 3 
100
70 96 73 16 87 63 27 11 1 13 77 20 7 85 40 25 26 28 43 83 31 53 49 47 39 52 100 97 75 45 19 20 82 68 69 66 55 30 38 60 31 75 97 57 70 73 31 87 21 75 87 51 16 99 82 91 33 85 53 49 17 74 89 45 89 12 18 97 68 98 11 69 31 78 53 46 97 93 69 91 68 18 39 69 31 39 17 50 61 56 57 5 30 38 34 88 69 51 88 32 
100
86 55 65 64 65 94 46 87 78 27 19 75 62 13 80 78 74 27 13 48 11 61 27 17 6 76 91 33 32 7 18 24 69 64 5 75 49 57 23 4 3 28 61 77 93 15 9 96 59 72 15 54 23 64 55 85 37 98 87 50 44 74 16 15 61 47 6 53 43 10 74 14 62 4 98 56 48 37 43 85 80 50 22 54 81 32 71 90 7 6 7 97 64 45 71 32 18 22 13 35 
100
55 48 35 60 49 10 11 61 50 15 33 41 43 88 27 91 21 94 44 43 4 81 10 61 44 28 35 36 84 82 98 91 45 28 99 70 87 88 39 23 41 29 44 82 83 84 73 70 15 94 97 89 65 47 37 15 92 91 31 65 56 67 40 87 9 26 38 12 11 60 54 6 40 27 16 74 100 28 93 45 95 24 4 62 56 95 40 22 56 62 16 1 68 80 4 59 99 62 91 39 
100
95 31 6 15 75 64 52 64 25 89 82 3 82 44 65 32 10 79 94 70 32 64 57 56 13 95 25 90 68 75 27 34 70 45 1 76 10 6 89 29 48 79 5 60 94 21 61 95 48 49 56 39 68 98 47 76 68 74 8 80 46 15 29 10 96 17 19 72 69 71 78 88 100 77 58 69 44 33 40 89 36 26 37 38 44 72 50 47 71 58 24 33 78 84 2 22 49 29 81 44 
100
61 96 96 29 65 25 48 65 1 10 13 84 48 94 34 66 8 42 1 85 44 35 30 74 57 99 30 6 89 55 3 90 100 72 38 96 11 61 64 24 23 1 25 84 38 33 14 100 93 36 8 28 13 56 90 22 57 84 64 34 76 36 44 25 91 9 29 2 18 2 61 47 20 58 39 23 72 86 14 54 25 81 9 74 4 35 99 17 16 27 20 63 74 72 25 9 91 53 100 98 
100
3 8 68 33 91 48 36 79 53 71 41 34 33 70 93 39 80 90 69 48 53 11 99 80 84 83 37 31 46 89 24 73 28 51 80 94 83 88 19 11 80 90 72 20 94 99 99 73 4 2 90 82 47 1 69 14 56 77 49 74 62 89 37 93 10 70 78 3 54 71 25 4 15 20 19 70 82 36 9 66 94 11 67 15 72 49 65 67 91 37 100 34 81 97 34 68 66 10 50 95 
100
39 75 50 89 45 1 97 50 11 97 47 85 5 65 79 35 91 83 52 89 86 48 99 72 93 13 56 34 42 20 11 46 90 60 61 74 18 16 7 92 100 5 2 47 45 63 32 67 68 83 58 56 79 66 82 3 89 36 42 65 4 61 50 24 83 40 59 56 78 27 16 14 4 10 38 83 14 87 90 10 19 32 37 78 12 39 96 99 4 39 73 67 90 12 26 22 62 73 51 9 
100
53 92 65 22 93 94 82 21 16 7 58 57 100 44 20 1 23 43 21 100 72 2 40 92 58 52 72 27 3 1 78 51 87 28 14 59 18 74 42 21 96 52 52 75 15 65 5 5 46 93 7 95 24 57 60 2 3 64 91 96 38 2 99 30 61 23 46 46 31 62 48 32 44 30 7 80 20 64 57 8 56 30 15 96 80 4 21 19 8 57 56 35 39 81 99 77 97 8 65 94 
100
32 85 93 21 97 84 87 52 64 29 71 56 81 46 100 5 20 42 82 30 19 87 14 75 87 89 73 8 76 89 100 39 73 24 8 60 51 36 26 32 85 35 60 88 49 53 12 4 60 93 24 76 15 22 82 37 44 4 50 71 67 72 7 17 38 32 75 94 39 8 22 19 36 88 55 69 76 55 95 16 72 27 50 12 36 42 12 71 75 40 30 11 88 26 49 85 75 55 14 2 
100
31 77 59 65 2 38 25 98 82 23 2 93 64 21 93 90 10 82 51 68 1 38 72 87 61 79 71 86 68 1 10 52 17 95 34 47 69 54 37 67 79 99 13 24 49 26 88 94 57 44 44 44 24 42 77 59 92 67 88 57 6 56 19 93 16 53 14 28 71 4 100 92 79 17 27 80 37 92 12 89 5 26 94 60 10 60 52 64 95 85 89 56 63 95 76 12 47 21 44 8 
100
90 79 90 86 90 78 68 22 29 29 56 78 70 48 78 55 49 95 30 73 25 91 82 37 77 57 30 73 84 65 88 16 52 73 42 84 20 93 34 32 82 58 29 98 25 36 47 1 7 85 19 46 33 43 94 36 10 43 52 33 42 10 33 75 80 32 29 63 65 36 91 92 34 11 23 63 80 77 22 58 19 4 94 71 25 74 77 59 92 65 47 83 77 56 32 29 98 21 38 77 
100
82 81 71 66 95 76 89 35 92 58 51 27 37 41 7 29 44 64 65 20 89 38 22 87 49 95 20 18 17 16 78 24 57 65 39 92 91 1 8 6 22 84 93 79 53 100 79 31 86 52 91 50 19 96 22 53 18 35 98 15 63 41 88 32 92 92 26 100 24 41 75 90 72 19 93 75 99 96 6 14 39 48 86 70 93 21 59 78 36 39 90 24 39 39 13 59 65 62 90 53 
100
73 21 19 53 48 39 54 70 63 43 51 65 91 54 27 87 66 14 16 81 47 92 39 23 53 60 93 3 74 99 96 100 22 61 79 87 93 63 65 32 77 23 99 44 30 51 85 37 100 83 98 27 3 26 9 98 22 14 11 43 46 70 54 68 99 53 28 10 50 97 69 37 17 21 61 43 85 63 42 1 50 92 28 54 48 85 97 52 32 18 43 96 8 17 28 29 84 41 98 92 
100
21 27 95 78 15 41 70 55 34 81 50 30 60 65 59 44 14 72 11 25 88 47 83 13 46 78 62 31 1 76 4 76 33 22 42 46 39 86 26 91 6 59 39 24 26 37 58 13 2 61 82 98 90 95 92 26 75 13 62 63 14 32 71 43 78 98 36 6 62 78 4 51 18 51 58 51 96 5 26 52 30 14 15 26 31 100 57 52 71 84 75 88 43 23 54 4 32 30 2 60 
100
46 83 52 28 44 74 77 28 58 69 19 41 40 68 42 5 93 76 36 93 98 10 47 63 56 82 34 59 83 60 10 94 9 98 87 29 46 8 44 50 5 97 76 100 54 15 49 72 22 85 9 44 20 26 10 23 57 8 6 40 99 34 96 88 1 11 1 66 86 37 67 49 15 5 5 30 2 59 71 34 92 47 21 10 1 73 74 44 63 99 83 68 60 53 15 84 44 78 6 28 
100
30 8 89 90 65 28 40 9 47 55 42 39 45 52 8 13 97 55 48 82 68 21 12 90 30 89 100 36 76 15 32 38 77 31 62 16 96 55 78 16 64 76 27 72 43 91 49 36 21 76 35 30 77 35 58 99 30 18 91 64 11 37 94 96 34 12 71 72 22 86 46 48 63 58 65 96 24 19 20 51 11 7 100 59 43 33 53 57 18 63 67 70 36 37 58 3 51 36 20 8 
100
17 89 85 95 15 33 61 19 7 41 11 19 72 82 82 81 4 47 4 74 7 34 20 60 55 99 32 78 27 74 28 94 3 72 70 24 20 49 94 74 100 89 32 35 1 35 35 41 62 77 36 90 10 21 67 49 4 79 81 37 2 80 96 5 42 66 35 48 86 70 17 76 79 82 11 75 40 63 99 66 96 30 4 75 73 93 44 62 67 32 57 16 20 100 87 18 1 17 40 6 
100
17 3 53 89 48 74 53 4 27 26 23 24 98 79 81 39 54 17 10 90 88 36 71 56 17 100 46 84 79 11 79 18 9 85 99 41 71 51 89 13 49 35 87 55 43 92 58 26 91 31 98 57 43 13 60 12 29 50 84 99 94 65 93 48 62 96 75 13 48 30 60 82 89 72 86 44 21 13 52 6 38 69 7 91 64 8 83 85 37 22 82 80 45 87 69 41 72 32 12 60 
100
35 27 98 84 77 15 93 62 99 38 51 1 86 89 18 33 23 61 17 53 67 22 48 38 32 100 100 76 72 1 27 74 28 22 82 10 92 17 43 54 57 62 14 94 71 41 27 18 44 88 26 38 100 85 5 13 99 97 13 9 56 62 99 84 28 51 33 48 54 78 53 55 11 15 26 26 29 97 53 18 52 96 25 92 5 78 58 37 42 23 94 97 49 92 89 97 25 57 82 14 
100
87 10 63 37 33 59 90 56 88 39 28 38 53 23 63 93 96 62 78 71 50 28 59 15 92 23 16 10 57 49 90 13 3 88 20 48 84 79 27 32 84 2 25 61 17 43 7 67 99 69 2 58 13 16 97 27 4 95 85 49 14 43 89 80 22 89 8 85 22 18 88 38 41 33 28 3 54 57 97 66 20 35 53 78 12 77 68 86 16 64 16 36 26 11 74 88 52 61 32 15 
100
8 30 42 43 79 85 36 33 18 16 99 76 69 55 8 52 27 78 99 79 94 37 44 63 71 89 21 44 1 52 8 46 47 25 76 46 22 78 34 82 15 94 99 23 5 38 34 71 43 66 39 70 61 88 37 8 87 20 28 32 77 22 87 19 37 24 7 88 82 83 18 30 95 97 93 14 75 97 60 67 30 42 67 16 28 91 84 49 89 58 52 80 33 43 78 57 32 59 23 79 
100
28 38 11 82 5 70 66 94 89 2 38 21 10 14 76 4 57 91 93 81 48 9 43 97 59 38 29 24 22 14 79 34 66 85 57 33 89 53 70 30 90 37 39 72 49 97 85 6 63 27 44 89 34 2 57 26 8 48 91 13 53 45 48 90 57 25 25 11 39 46 20 90 70 4 12 8 69 29 31 26 94 21 79 48 14 12 74 95 25 73 48 3 7 7 33 69 50 26 99 28 
100
42 9 12 62 21 93 76 58 81 92 34 57 10 79 85 54 48 37 53 13 88 17 5 6 26 13 59 78 4 56 86 29 41 5 68 35 31 30 20 21 89 83 65 26 51 82 48 3 44 15 18 31 99 100 94 67 45 95 69 13 58 99 75 49 5 75 61 12 37 21 56 37 53 10 37 90 73 66 36 20 54 15 66 77 77 93 54 25 88 41 28 94 10 94 9 5 71 55 14 50 
100
17 6 15 79 24 41 73 40 65 75 99 4 39 1 69 68 57 85 6 40 31 91 76 38 7 86 21 92 59 37 97 24 96 23 53 57 52 96 26 60 65 65 82 56 37 5 70 47 17 16 45 60 2 4 20 45 29 91 59 42 49 85 22 2 58 14 51 18 88 14 63 58 62 47 28 94 1 7 30 54 80 46 36 78 69 46 93 33 15 25 86 79 6 58 54 84 24 53 9 79 
100
21 84 81 39 45 46 38 32 24 6 32 57 14 35 59 61 44 35 50 76 51 20 94 56 96 46 53 63 56 94 42 14 45 18 44 22 36 46 91 74 92 59 93 5 91 6 21 62 3 8 68 17 64 59 96 4 84 67 22 50 24 70 47 6 41 72 83 35 69 39 85 82 94 34 32 85 75 41 54 63 95 52 34 41 26 35 28 99 79 78 14 49 90 16 87 95 1 74 6 71 
100
62 29 88 34 63 51 59 26 22 30 7 99 86 81 81 14 66 69 45 50 40 31 84 57 16 30 3 42 2 47 51 65 41 67 97 74 82 98 35 22 49 26 56 63 21 45 40 38 50 58 80 44 62 85 17 36 9 14 51 94 22 88 11 37 77 87 24 32 74 62 18 76 2 37 88 9 13 21 80 53 91 37 77 5 59 65 20 57 17 37 10 39 38 97 21 39 78 11 100 30 
100
65 100 72 97 82 34 80 100 52 85 37 78 61 45 7 41 22 60 22 97 43 23 84 90 71 38 18 12 60 24 38 64 74 76 28 7 45 94 16 56 88 81 10 13 65 13 66 97 43 56 23 38 37 4 51 54 88 19 73 27 82 33 17 20 25 6 55 93 88 10 3 18 7 5 36 2 61 6 71 57 13 1 90 43 90 20 96 63 4 79 20 89 50 92 90 76 74 78 32 31 
100
45 24 73 60 55 64 58 66 7 28 62 75 26 13 24 5 42 78 2 90 33 48 27 41 15 67 76 27 41 75 64 90 62 96 87 5 67 27 53 64 49 7 90 1 61 54 32 51 33 87 94 94 86 32 80 7 30 83 76 66 78 3 27 61 22 92 13 38 71 70 12 40 37 18 96 14 59 62 55 97 52 19 99 55 67 28 24 43 85 32 6 15 89 16 68 24 4 86 54 5 
100
47 29 56 66 70 11 75 83 38 19 52 87 21 54 39 6 32 56 46 98 29 10 1 80 34 87 64 91 46 68 75 61 27 4 73 11 80 24 8 6 27 26 4 58 21 84 22 97 73 43 35 47 46 13 78 61 9 88 94 71 23 28 19 59 79 94 14 15 62 78 91 65 54 34 10 73 80 56 30 31 46 27 22 7 85 8 12 77 7 6 83 44 55 19 3 38 23 21 72 60 
100
50 33 39 32 79 21 3 84 75 80 52 77 35 90 89 68 16 72 68 88 26 47 58 24 66 8 10 66 27 51 42 56 27 20 96 57 79 5 75 28 12 70 75 53 92 49 60 68 25 37 61 42 47 57 84 65 72 17 97 91 7 69 53 6 21 29 76 78 4 27 93 72 21 11 28 98 93 8 16 71 90 43 100 20 19 5 36 6 85 72 40 6 27 18 52 43 60 54 8 19 
100
80 27 50 72 100 78 34 96 82 94 21 71 89 46 1 81 64 63 19 20 21 74 46 86 36 52 8 77 64 48 3 82 49 9 57 65 75 29 23 64 84 37 98 14 88 49 7 29 68 18 1 57 84 67 84 31 96 81 12 70 10 35 38 65 25 88 47 26 89 14 11 93 29 27 4 11 61 30 74 93 10 64 33 11 82 15 97 86 52 26 77 6 4 35 64 36 7 94 75 11 
100
54 46 23 23 95 65 6 19 15 63 56 35 5 51 76 6 68 33 2 78 9 19 91 52 15 31 51 49 87 1 22 61 13 5 15 23 96 63 9 21 18 93 90 70 87 40 21 53 36 7 90 67 53 44 5 60 8 73 43 62 60 98 40 2 68 67 58 40 6 32 24 93 30 12 23 71 63 7 81 40 31 19 22 42 38 57 4 26 81 3 5 42 24 97 44 49 62 32 1 66 
100
39 14 96 92 99 79 97 64 53 80 83 95 2 18 78 90 95 5 83 23 44 46 29 54 62 97 83 35 87 47 63 18 61 87 33 52 85 63 40 100 17 98 88 31 35 12 57 15 64 17 63 54 95 13 18 45 62 28 16 2 27 77 29 99 27 48 18 8 36 45 93 24 67 15 20 46 16 64 48 70 72 17 95 15 36 94 61 99 52 64 36 57 27 42 66 53 93 9 56 13 
100
96 55 28 51 51 37 74 23 76 4 82 86 53 89 40 83 10 71 1 72 69 94 46 96 53 74 3 53 67 34 74 17 9 37 32 45 77 81 18 67 99 66 92 27 30 77 42 16 56 54 75 77 27 14 83 8 42 13 100 5 89 51 25 39 68 49 13 46 46 26 54 88 4 47 65 45 31 40 4 65 64 45 23 89 55 88 51 4 70 54 32 60 67 87 72 99 7 53 61 31 
100
48 58 35 65 77 95 62 29 28 44 59 3 73 64 12 28 73 75 17 37 58 59 52 31 37 39 16 90 7 27 26 59 76 27 60 19 29 78 22 42 29 7 62 100 63 41 87 47 94 8 33 41 72 94 71 92 91 15 17 47 57 49 32 22 79 39 18 1 32 15 50 41 55 66 86 99 10 10 59 85 36 15 16 86 86 35 94 34 69 75 14 82 79 11 32 57 79 52 52 43 
100
46 96 74 12 12 12 34 93 90 25 60 14 53 100 58 80 54 72 80 85 8 39 7 100 99 19 45 75 74 98 60 21 39 99 49 29 13 47 19 36 83 36 4 39 55 11 18 57 38 56 66 14 30 42 89 32 88 32 64 24 82 59 19 96 16 85 92 52 11 33 84 91 53 60 61 47 100 64 85 87 49 30 59 68 68 73 4 98 13 17 5 85 89 26 12 47 27 9 2 15 
100
52 43 94 39 21 20 83 70 31 78 11 33 35 67 44 27 99 36 28 99 92 55 95 25 66 54 15 7 77 97 44 48 46 53 85 50 45 6 43 61 100 38 23 88 95 91 21 16 89 83 51 25 84 90 55 44 81 52 18 78 71 71 57 63 23 3 60 79 34 4 84 67 50 40 21 75 83 34 13 34 64 42 52 51 97 62 56 34 58 48 78 6 43 24 50 46 89 93 48 66 
100
9 71 80 64 23 28 82 98 86 40 21 17 35 36 61 74 43 86 51 8 4 65 78 75 94 100 55 87 70 34 4 36 4 23 4 12 58 18 42 13 52 8 8 34 61 7 42 96 18 28 16 77 37 49 72 83 13 59 27 42 64 87 93 44 89 76 70 16 87 29 20 41 13 51 15 44 8 45 85 84 22 58 46 26 17 98 36 92 83 65 42 57 50 32 10 34 51 70 70 47 
100
94 34 53 49 58 45 10 31 31 67 31 55 55 21 53 30 42 21 23 70 87 45 46 70 4 9 80 35 85 80 44 78 60 33 100 34 13 66 64 75 78 81 18 91 62 56 82 93 21 34 45 39 59 32 12 40 54 10 83 6 37 23 75 56 59 66 42 31 59 2 89 81 57 10 94 34 25 69 93 7 46 17 1 45 70 79 79 24 72 38 82 87 90 47 55 61 60 41 35 52 
100
20 4 18 44 4 100 31 40 85 78 65 5 69 10 100 23 48 23 9 53 82 15 54 66 88 24 5 69 31 77 94 49 77 33 95 37 23 33 64 3 83 5 59 90 35 52 77 42 13 47 42 99 52 3 10 8 55 34 65 77 49 100 23 59 36 5 87 31 46 22 13 61 85 76 47 14 74 52 97 5 81 10 27 14 86 99 71 4 23 12 98 76 68 92 44 49 23 48 47 10 
100
69 71 63 78 81 92 79 50 84 30 84 96 68 95 52 83 9 30 80 95 20 7 41 86 2 50 38 75 44 2 78 58 73 11 74 48 41 48 26 65 87 54 37 35 82 3 16 85 19 62 14 44 66 23 97 64 5 29 24 78 13 7 81 92 32 68 73 13 35 10 78 59 73 64 28 35 35 74 88 24 21 1 64 99 85 76 47 49 87 95 84 72 81 66 52 15 84 36 17 41 
100
86 44 52 61 17 99 10 27 31 72 11 37 72 64 35 52 89 94 34 13 39 66 22 80 60 100 30 51 99 12 77 34 58 83 31 90 34 13 95 43 23 20 6 59 10 87 23 72 43 56 87 73 12 79 19 27 89 85 59 73 99 8 46 26 54 15 80 94 58 16 70 88 5 92 60 38 45 58 75 66 57 16 50 63 56 74 70 47 78 1 73 32 54 43 43 44 44 36 18 66 
100
100 33 48 9 75 78 34 79 3 25 76 18 45 12 86 74 10 51 53 51 62 87 9 16 78 47 13 45 27 9 54 69 76 39 17 26 27 27 12 57 90 43 21 5 97 69 83 55 6 70 5 84 37 53 94 42 86 6 60 16 59 48 55 11 50 32 20 56 51 43 93 80 77 33 35 34 27 51 3 12 36 2 48 17 36 9 58 21 29 17 71 33 92 79 78 80 26 58 89 46 
100
25 93 1 5 56 23 65 97 25 93 19 68 28 80 14 26 45 20 21 89 77 84 55 8 19 87 79 97 60 74 21 24 47 7 46 2 51 97 72 75 93 89 98 44 62 36 67 95 97 22 16 70 73 83 31 30 82 20 53 73 56 52 92 7 32 15 33 98 38 99 96 71 70 29 2 86 19 70 30 21 72 55 95 21 69 30 52 34 70 77 61 48 15 16 33 42 15 14 65 90 
100
49 88 52 89 40 82 87 32 61 46 11 7 91 18 33 89 61 56 85 28 76 36 30 3 31 58 17 65 70 60 48 12 44 30 61 53 95 64 14 2 61 72 87 61 28 12 34 3 93 66 31 9 26 55 73 93 93 69 27 93 12 60 66 31 43 43 86 80 11 46 79 43 44 75 2 72 100 17 72 66 57 60 50 12 5 71 57 63 50 6 68 28 17 92 36 4 10 64 100 17 
100
68 78 97 47 8 48 71 51 32 5 32 26 42 98 73 49 94 80 39 95 24 37 71 61 41 34 78 17 61 80 94 49 46 98 45 82 27 79 39 6 27 60 89 19 30 8 16 21 64 29 91 51 17 86 85 9 48 31 47 48 97 1 97 91 17 15 82 100 99 24 65 30 92 29 21 6 98 9 52 67 86 36 96 87 43 37 42 78 51 83 11 49 28 81 44 47 49 93 41 6 
100
86 42 38 38 93 22 88 34 83 6 45 99 78 15 70 21 88 81 25 55 100 2 20 58 47 97 100 49 10 12 17 16 27 66 57 38 33 49 71 87 99 95 6 22 7 47 58 83 23 71 59 24 92 4 88 5 15 29 1 22 17 99 83 32 29 73 55 31 56 87 78 90 28 32 88 79 85 72 8 16 24 71 79 34 36 64 3 2 62 9 50 21 24 99 35 60 82 57 32 79 
100
57 68 24 34 80 41 7 86 16 38 56 61 50 5 46 84 70 79 78 35 94 45 80 82 36 77 84 19 81 62 59 53 90 83 14 63 29 45 54 99 12 48 100 37 71 49 43 50 44 93 92 94 94 36 38 30 70 27 70 30 14 6 72 42 42 90 11 46 30 86 85 63 69 80 67 96 50 43 75 93 88 62 51 82 46 59 97 24 17 81 7 80 9 55 49 32 98 43 56 38 
100
94 62 37 53 95 100 95 78 43 38 22 8 44 54 76 8 33 82 48 4 72 73 16 5 58 43 15 78 96 71 60 27 35 78 18 78 78 49 8 56 54 43 23 79 42 92 21 39 37 49 16 3 89 37 12 21 81 56 37 32 9 50 8 89 44 50 99 28 18 23 100 89 92 78 2 71 16 13 6 3 37 52 85 72 55 74 13 77 11 87 45 27 77 19 4 33 29 1 85 37 
100
3 73 68 22 47 19 5 79 41 13 66 45 1 94 10 63 57 48 15 8 62 99 87 26 73 84 79 50 34 69 44 65 66 17 7 21 20 53 41 91 41 96 18 47 49 93 27 56 37 23 43 31 59 62 92 34 11 43 26 17 51 48 19 59 97 77 62 56 56 78 49 19 32 74 2 40 53 19 94 12 70 83 33 96 71 94 60 33 68 73 24 1 73 39 18 47 74 34 68 71 
100
89 48 31 76 38 14 69 17 74 61 24 34 88 55 48 45 56 36 50 45 9 94 10 86 86 58 38 1 71 32 71 92 9 28 23 89 71 58 95 20 70 54 76 51 19 45 25 2 28 28 59 26 93 50 99 64 75 24 31 17 70 23 87 37 50 94 22 39 43 44 42 16 2 60 64 34 36 59 63 65 37 82 98 58 83 32 80 44 24 75 32 80 86 14 65 2 90 25 4 21 
100
58 69 67 21 79 81 28 31 53 54 51 28 93 5 100 71 85 98 12 25 6 93 86 66 38 30 65 65 55 27 8 31 24 44 33 72 91 42 85 26 39 13 28 18 46 23 24 68 50 10 77 43 95 83 72 65 96 47 74 4 27 38 11 93 98 43 37 92 96 71 19 100 10 70 27 44 94 18 43 90 82 93 72 67 21 57 83 23 67 57 49 6 69 31 92 16 66 40 86 45 
100
84 60 85 48 27 67 84 97 28 79 9 16 20 35 27 40 42 26 42 63 11 60 25 72 49 70 68 39 38 29 78 24 5 57 64 62 92 5 66 5 44 14 45 2 70 71 34 58 80 32 82 42 84 60 95 61 87 91 66 94 96 100 97 4 33 17 51 15 19 52 14 33 74 22 92 48 67 11 12 42 50 49 19 43 42 24 38 81 43 29 47 94 34 65 52 5 22 61 71 18 
100
98 72 35 75 10 37 17 31 52 65 54 91 56 82 32 50 29 29 99 73 21 42 31 82 34 38 67 15 91 13 71 59 35 4 10 66 76 25 5 62 99 98 72 45 1 35 30 63 89 15 42 7 81 28 21 86 86 49 85 79 76 65 16 19 69 34 90 15 60 87 67 94 49 50 93 32 95 76 36 87 74 22 62 41 23 16 81 31 13 32 31 53 49 61 46 5 43 64 4 76 
100
78 11 36 2 82 100 77 9 37 29 3 45 73 53 16 19 95 73 60 3 99 25 92 87 38 48 64 17 51 51 47 32 63 61 59 58 19 6 1 19 23 29 2 45 16 82 35 16 50 97 70 97 59 37 33 23 11 4 54 79 24 15 88 99 25 96 66 62 30 22 65 91 46 69 22 96 45 75 32 40 22 26 43 26 67 79 46 24 84 39 26 12 42 88 23 38 85 49 50 99 
100
36 69 88 32 92 53 31 17 82 65 70 91 52 70 37 92 46 33 26 98 21 94 49 59 89 49 55 80 8 56 81 88 58 23 67 90 54 49 60 28 65 44 10 98 33 95 87 86 56 69 9 82 87 60 22 9 41 3 77 93 48 9 51 33 3 72 65 97 16 73 25 34 4 16 20 72 43 17 87 25 10 32 44 95 36 39 15 73 62 2 36 94 15 64 19 70 78 59 15 14 
100
59 52 99 66 37 40 87 61 12 34 61 15 58 22 11 50 21 93 16 55 85 10 69 66 16 33 74 28 49 90 81 92 61 87 38 40 19 85 27 50 75 33 63 51 17 55 93 81 47 91 94 91 68 7 71 33 94 35 68 15 15 83 42 15 91 78 65 65 21 36 30 53 44 61 98 50 27 94 63 18 12 17 81 2 24 24 19 56 7 63 28 65 20 7 51 4 78 77 29 72 
100
57 74 1 25 46 35 13 26 1 73 9 73 58 3 80 43 74 59 5 78 90 1 50 56 20 49 31 54 93 12 46 85 82 6 19 99 3 79 61 70 69 22 38 32 79 57 24 54 60 10 40 79 91 1 15 51 2 55 22 5 39 2 99 64 4 35 86 49 22 73 33 62 85 50 82 85 17 78 60 56 48 38 13 19 90 75 63 47 65 71 54 26 42 93 56 50 23 80 78 74 
100
23 100 79 59 83 5 2 35 3 43 65 8 80 71 87 95 31 42 5 67 90 63 13 23 5 79 46 14 39 62 84 67 54 17 71 60 1 2 70 87 73 20 30 54 14 88 91 90 90 79 86 27 62 1 55 43 32 65 81 69 52 77 32 99 31 33 66 49 18 31 81 20 7 49 68 23 84 27 28 69 99 78 57 75 17 14 69 99 79 67 32 58 3 13 49 78 51 9 80 34 
100
21 58 8 46 25 30 79 70 40 38 79 26 34 91 3 44 79 41 63 53 46 16 4 9 82 74 3 96 8 84 4 20 32 44 86 69 7 58 6 43 69 38 79 4 64 18 76 1 29 88 56 100 81 42 61 82 22 27 32 78 7 37 55 91 26 81 40 26 73 59 93 75 3 83 57 16 59 74 3 94 81 53 100 17 72 39 93 26 68 45 30 39 36 19 60 57 23 89 94 36 
100
87 99 90 72 78 12 49 16 88 97 76 60 61 13 25 10 67 8 79 24 86 60 73 19 88 27 88 84 43 39 11 100 61 63 22 45 18 7 22 95 64 61 21 70 75 92 64 38 46 69 41 40 66 16 70 3 45 89 63 95 94 8 71 9 59 90 36 15 59 66 5 65 93 67 15 72 49 26 36 14 49 41 92 27 70 65 84 50 45 69 84 22 96 1 67 83 46 42 54 4 
100
13 46 5 95 41 62 85 15 85 10 75 16 5 54 63 68 84 14 60 56 19 11 23 66 49 99 35 26 64 21 12 15 4 63 3 12 51 20 52 66 93 53 93 35 44 98 7 27 19 37 66 62 34 46 29 66 18 29 6 87 66 52 27 32 1 45 50 100 26 59 87 81 24 68 19 7 36 78 95 12 39 12 77 83 76 36 22 99 93 6 5 85 61 63 83 28 14 67 63 15 
100
68 8 4 1 74 29 5 1 7 2 28 12 8 76 62 63 12 91 85 23 27 53 68 80 31 46 35 10 4 26 90 54 72 15 55 52 51 20 26 72 23 85 13 50 29 76 40 42 10 32 31 28 69 15 1 73 30 49 64 58 36 82 98 88 26 76 69 53 39 31 31 96 2 61 3 79 68 30 24 93 82 34 91 50 9 88 47 35 89 27 69 53 100 91 20 86 66 55 34 37 
100
34 68 31 6 6 16 2 86 20 48 34 67 96 99 18 39 37 76 48 86 48 1 75 2 10 29 67 91 80 19 17 42 20 45 23 48 94 43 93 55 90 3 9 5 52 69 48 97 35 99 85 14 30 95 21 97 5 72 20 87 100 1 3 75 85 80 62 21 22 58 81 90 16 39 21 30 10 1 64 60 93 28 9 60 81 97 76 15 32 63 30 34 2 90 56 32 13 97 89 86 
100
90 21 97 88 99 96 59 98 70 71 99 86 38 56 33 35 12 55 84 67 89 55 30 37 18 27 46 6 72 46 56 65 50 56 86 72 79 30 35 49 88 99 88 77 46 19 52 44 59 20 44 49 7 52 11 79 65 27 40 4 3 26 38 93 2 98 19 11 37 52 80 64 48 81 96 12 40 77 31 66 82 62 40 38 74 78 95 29 61 53 56 83 64 36 88 99 86 44 89 47 
100
11 91 3 2 59 100 6 20 94 94 1 25 5 99 82 96 70 57 15 81 27 32 87 69 33 1 25 41 94 98 11 66 35 27 24 55 95 25 31 44 23 85 71 25 41 64 39 82 79 80 41 37 28 49 56 44 68 97 46 26 58 20 79 80 31 52 45 60 2 16 94 24 87 40 73 99 92 52 18 69 73 93 9 61 18 96 51 4 39 12 10 19 23 34 34 39 25 70 89 24 
100
58 97 56 28 11 45 54 74 79 69 77 31 24 46 66 7 7 37 86 87 100 89 58 46 11 71 22 33 35 36 90 95 97 52 33 17 37 53 39 6 47 65 8 15 8 11 49 21 98 23 95 71 13 85 46 50 55 20 87 21 87 80 25 62 46 72 20 78 78 76 23 84 50 21 80 57 85 66 10 74 38 40 34 11 77 69 57 15 28 85 56 20 40 20 17 88 76 14 34 40 
100
82 77 67 87 90 17 25 82 76 38 8 27 81 6 28 100 44 6 91 62 100 22 74 57 10 53 79 69 61 42 14 1 58 94 14 23 9 85 50 45 35 74 47 23 70 78 81 61 62 87 73 90 93 55 57 56 5 74 94 54 68 72 25 15 36 57 77 37 97 33 84 31 20 27 44 38 45 43 60 2 75 3 51 39 22 60 96 26 25 41 11 97 61 88 42 58 70 71 84 56 
100
96 60 74 10 85 9 31 85 94 19 9 71 23 57 92 25 42 20 51 53 82 24 49 17 56 26 74 32 94 35 90 44 92 35 1 100 84 44 67 10 53 76 2 1 42 58 37 9 27 92 59 67 64 1 13 91 5 41 1 95 50 23 20 2 68 42 48 84 63 7 89 100 98 48 64 47 68 78 46 75 20 24 24 28 79 97 15 53 16 38 62 74 13 58 69 5 100 13 40 99 
100
68 48 96 12 69 13 62 18 33 1 2 1 81 36 21 79 15 71 90 50 41 41 81 34 66 71 14 73 16 44 61 96 90 9 65 52 30 76 22 84 65 15 9 45 6 51 47 44 13 70 55 82 33 22 4 74 43 11 90 6 92 38 70 27 65 3 92 51 13 88 100 24 41 67 100 94 43 11 25 87 59 57 93 70 30 68 36 74 7 82 14 37 48 13 99 21 33 2 96 77 
100
35 23 21 23 79 67 23 37 84 2 4 61 86 62 57 29 81 77 24 7 82 43 65 93 44 39 6 37 69 25 17 39 6 3 81 83 5 33 45 72 73 29 88 41 27 15 70 56 75 7 66 76 88 24 12 71 4 1 8 31 64 66 16 16 96 65 43 63 29 42 11 1 98 4 68 95 56 48 37 69 94 19 94 65 41 51 27 5 33 38 64 79 83 23 85 32 15 57 8 19 
100
65 77 40 8 40 54 57 76 55 31 74 94 80 93 13 94 45 17 5 78 37 12 84 54 7 45 23 44 17 75 79 43 19 92 13 4 81 9 74 67 39 63 24 27 3 8 91 72 12 74 31 39 25 25 8 55 48 56 7 95 4 38 93 4 9 37 42 37 94 55 84 32 23 63 51 46 1 62 75 38 3 82 40 82 50 2 57 66 26 80 45 57 30 76 5 66 78 29 54 39 
100
16 97 50 28 81 68 44 21 89 1 81 16 8 9 53 34 54 71 11 64 10 92 52 39 46 55 96 7 30 40 58 83 14 47 73 93 20 62 7 51 95 90 51 15 80 82 53 51 35 20 25 48 2 46 72 36 88 80 14 69 57 58 21 20 95 69 68 54 100 45 24 25 30 5 43 78 72 46 9 30 35 5 84 63 63 92 74 72 52 47 82 47 63 71 43 30 93 42 76 56 
100
77 72 41 14 12 74 37 33 66 89 97 97 44 73 79 23 50 43 46 63 78 67 41 2 28 30 94 89 7 7 13 49 3 16 37 18 56 32 94 93 60 27 24 23 49 49 43 94 57 14 95 58 46 62 54 1 48 4 8 2 100 8 54 52 26 50 2 25 66 37 81 5 32 23 10 41 30 61 11 15 86 99 6 84 92 10 14 8 7 9 1 13 30 57 12 34 94 12 8 64 
100
51 95 3 93 76 3 61 49 15 93 52 67 88 76 22 58 96 100 24 23 77 77 6 36 48 14 10 25 100 38 93 38 9 19 32 78 11 97 90 50 84 89 10 57 43 55 80 75 78 28 21 35 50 48 79 89 6 7 93 15 86 98 18 44 37 45 7 7 17 10 96 57 61 4 88 81 94 42 24 79 10 50 56 51 43 17 95 11 96 67 40 16 33 42 14 100 39 4 89 16 
100
70 86 85 45 14 8 66 20 31 49 21 78 73 37 2 75 30 50 54 27 70 95 36 66 34 56 86 24 8 93 65 69 42 93 41 34 55 19 54 89 81 14 55 29 21 14 7 92 81 9 34 99 8 91 100 51 11 14 13 12 22 73 44 27 93 54 77 32 60 70 25 84 28 20 4 75 72 17 86 25 58 23 16 73 7 19 69 95 98 61 93 34 31 6 6 65 95 51 21 76 
100
29 56 74 37 40 62 37 76 84 38 84 74 31 27 75 85 45 99 51 36 17 44 90 64 5 65 98 16 8 74 20 85 75 79 75 69 50 49 25 53 71 37 60 28 50 23 93 94 7 62 21 64 86 85 9 50 90 81 48 31 84 72 3 19 100 1 12 31 20 49 81 81 75 22 99 14 81 9 30 100 18 1 88 99 80 90 54 14 48 8 45 42 83 4 57 71 9 87 54 8 
100
71 77 16 96 6 16 61 32 23 54 63 83 4 16 71 91 11 48 64 82 17 40 65 33 57 100 55 16 47 25 37 70 63 31 48 98 55 8 65 30 28 82 100 68 39 67 19 30 38 99 44 5 8 90 39 65 7 78 32 58 60 55 60 23 13 97 69 40 26 82 15 29 36 29 64 50 37 74 48 91 71 87 81 16 45 82 32 21 75 27 1 46 42 65 60 7 67 28 96 98 
100
51 90 88 49 3 31 52 69 68 13 49 75 69 19 20 38 88 96 76 85 3 3 90 11 80 74 80 92 91 36 73 26 18 52 20 20 57 95 27 45 91 75 78 25 36 69 84 19 49 19 70 22 29 54 54 9 62 43 1 92 27 49 47 78 67 75 30 32 46 30 30 35 13 5 76 61 64 7 74 56 88 8 94 19 95 52 69 45 63 52 6 47 29 91 63 37 82 44 51 44 
100
2 12 76 78 48 59 43 51 10 70 6 67 13 64 1 64 80 20 36 98 73 37 24 27 92 53 12 7 83 47 50 4 53 21 50 99 95 53 58 36 52 54 19 62 68 60 3 18 59 44 71 80 63 94 31 50 99 40 79 53 54 36 100 49 31 41 56 5 54 14 22 95 43 10 18 33 61 23 95 84 70 18 70 95 9 26 98 15 100 8 56 98 11 15 61 38 13 23 17 36 
100
69 80 50 84 20 60 94 3 85 40 94 46 84 46 91 80 27 51 45 43 74 25 62 67 79 99 48 80 13 28 38 20 36 37 87 60 57 26 96 36 34 54 31 16 13 42 21 54 85 39 34 5 53 75 33 10 72 18 65 53 61 29 86 22 52 94 53 2 91 81 51 76 46 74 67 99 81 77 70 18 52 75 86 45 69 85 95 61 52 54 77 79 63 91 6 89 91 63 27 70 
100
51 81 60 8 3 16 73 38 4 34 63 10 82 98 56 47 50 8 65 48 29 4 28 61 37 9 13 46 46 63 22 17 60 13 47 83 47 56 15 98 90 2 99 52 36 70 50 80 12 52 66 73 65 19 29 44 89 78 96 59 93 36 65 30 37 55 47 9 52 26 2 90 43 37 6 56 23 89 20 47 32 33 63 30 58 65 13 95 33 1 59 82 21 60 9 77 56 61 24 19 
100
48 65 40 94 32 99 78 61 33 84 75 81 20 71 15 91 58 68 88 70 16 91 37 43 88 40 29 11 28 68 24 75 62 35 37 42 43 99 81 86 28 87 3 100 41 6 88 10 20 57 25 14 38 32 74 56 32 88 18 19 13 68 92 84 57 38 84 47 29 27 47 50 90 82 55 66 60 25 30 41 80 76 80 2 99 96 55 31 11 76 99 69 71 53 67 23 11 3 98 40 
100
43 65 45 42 73 21 16 67 83 33 6 55 77 25 74 94 91 34 72 56 47 71 5 73 62 86 95 22 79 1 2 57 71 58 6 92 55 55 81 21 59 98 100 21 61 64 3 82 10 48 44 93 47 22 52 24 34 81 4 28 29 38 57 11 3 18 27 16 82 13 75 90 45 88 27 78 63 60 22 51 36 40 60 4 23 69 23 41 39 64 35 86 69 48 91 45 78 12 44 4 
100
77 15 41 66 88 34 64 6 60 99 32 12 57 95 32 76 78 28 70 89 21 24 60 15 51 100 95 87 23 62 96 46 80 45 44 75 27 26 19 77 34 15 28 14 53 33 91 82 22 55 75 6 24 5 66 71 28 62 94 58 24 6 8 49 59 59 28 79 60 66 58 88 58 4 55 83 8 98 93 85 50 82 32 74 92 10 61 98 50 54 23 48 8 37 67 26 38 100 96 21 
100
26 11 88 26 8 28 5 89 43 89 19 73 58 36 61 9 10 9 31 77 66 72 55 56 43 7 38 52 93 42 32 86 9 81 19 3 57 54 57 40 28 15 65 22 47 18 63 2 4 64 34 63 12 7 73 87 5 88 13 51 36 99 42 81 85 51 100 76 59 5 55 11 41 40 54 49 95 32 41 33 16 20 90 52 37 12 78 47 58 87 87 23 31 12 95 14 42 67 38 84 
100
87 70 77 78 32 48 79 45 95 38 40 26 68 61 48 77 67 63 9 23 70 49 96 9 47 72 98 5 52 67 69 95 50 37 48 41 83 19 60 95 35 60 68 21 86 38 35 49 92 76 11 40 97 62 42 32 26 81 13 87 87 60 3 18 7 70 43 40 36 57 71 9 96 25 100 63 41 73 36 12 95 35 8 96 3 26 42 44 33 97 32 99 23 14 10 40 49 24 88 100 
100
57 9 31 89 48 30 41 64 100 72 71 55 95 35 99 41 36 53 99 42 73 93 20 34 69 5 46 89 94 81 43 25 53 44 66 19 72 71 14 78 81 24 71 45 22 29 97 43 5 63 70 97 36 49 13 58 91 60 84 26 29 63 33 61 64 86 33 61 93 8 68 99 43 65 49 78 95 81 37 61 56 27 6 25 72 9 14 81 2 81 63 86 50 19 66 78 46 71 51 73 
100
74 65 19 90 94 43 80 42 30 7 88 39 82 42 53 63 67 65 52 39 7 62 53 57 48 44 1 39 35 82 17 91 30 18 54 64 46 22 17 62 95 95 29 53 80 52 47 46 71 24 78 2 56 76 39 91 13 56 86 41 79 85 2 33 79 50 33 56 95 5 36 37 2 85 61 68 84 17 49 30 7 59 65 88 11 86 31 97 32 74 91 58 14 34 43 9 24 14 93 98 
100
41 29 28 60 7 16 64 26 36 1 31 24 19 46 8 33 6 30 9 46 81 73 49 65 68 50 55 50 73 66 42 42 84 82 13 98 18 9 89 62 15 27 88 42 79 21 20 11 99 42 33 7 49 90 23 43 81 17 19 89 82 22 51 37 16 52 32 63 83 72 48 37 100 32 93 71 19 80 97 36 77 27 70 31 98 81 39 86 34 66 43 33 47 1 21 62 78 98 45 43 
100
6 93 87 5 21 12 81 44 3 26 90 3 76 94 16 98 9 93 49 57 41 11 50 18 20 49 75 77 52 34 31 75 80 51 19 97 53 75 77 55 63 77 31 45 32 60 100 80 46 4 82 4 79 46 92 76 85 48 50 27 32 82 47 54 99 52 87 82 12 25 9 23 59 99 78 25 77 52 54 82 86 32 38 68 21 48 95 72 94 11 70 99 84 23 73 36 48 38 36 63 
100
18 41 32 49 3 85 56 87 43 60 41 87 79 18 76 16 77 41 45 45 27 46 14 57 98 5 51 2 72 86 53 24 87 53 26 71 63 70 12 19 54 82 98 15 47 2 89 4 65 65 6 32 16 76 91 50 44 72 56 7 97 64 88 89 27 3 96 11 92 12 60 86 34 20 32 31 36 92 92 69 44 11 71 87 6 35 32 61 92 39 82 55 13 59 66 63 99 92 66 85 
100
44 17 48 91 99 43 20 66 56 95 22 82 61 37 91 72 7 13 37 62 65 27 38 79 87 65 26 85 5 80 71 67 72 6 89 71 73 22 9 96 10 45 26 99 34 9 7 15 9 7 36 6 70 16 15 94 42 32 88 32 98 82 36 47 77 15 63 44 13 99 28 38 90 16 89 16 6 48 63 26 18 33 71 80 77 94 66 48 12 25 94 58 74 31 1 81 49 28 29 17 
