100
100
52 83 31 4 64 83 12 6 68 47 94 81 54 87 10 18 22 98 26 38 5 60 70 1 85 66 24 14 71 74 51 16 40 33 92 64 20 100 13 91 96 34 70 58 87 86 29 42 100 31 69 81 86 41 62 54 31 82 87 79 41 38 16 13 86 83 38 96 58 64 96 85 87 23 11 48 56 85 61 2 55 4 49 19 48 4 66 27 93 3 90 1 95 86 61 73 20 25 14 66 
100
67 33 41 67 9 59 86 92 26 71 1 75 59 79 51 24 8 41 11 24 21 76 96 65 25 50 98 34 72 69 100 52 86 31 1 66 22 79 1 9 55 54 78 31 88 2 30 5 15 12 72 30 89 44 42 81 8 49 65 94 52 70 79 98 82 52 100 37 82 24 28 59 92 88 19 25 14 90 19 100 80 29 22 76 92 62 92 51 18 80 47 12 90 95 67 30 41 34 29 12 
100
98 69 62 27 42 50 1 89 97 66 9 84 46 7 80 58 33 91 21 63 93 43 87 97 45 29 1 74 38 79 9 71 20 77 68 96 3 12 52 48 58 24 85 14 67 39 12 28 74 63 29 71 87 2 67 84 33 12 41 73 88 49 75 75 41 23 81 70 25 22 75 53 47 46 31 88 86 9 18 7 2 6 45 37 34 69 11 97 54 88 15 72 13 17 92 15 66 4 22 98 
100
90 76 3 97 34 93 62 33 43 73 32 54 65 11 21 1 88 75 8 41 20 64 21 86 28 10 35 63 33 60 15 3 48 81 87 42 65 73 18 62 26 90 31 70 3 40 65 77 71 62 18 6 35 57 90 67 45 78 17 92 84 51 11 53 26 2 100 14 94 10 17 66 71 30 93 78 52 43 67 71 86 20 72 71 95 4 64 55 20 7 10 89 49 45 43 45 64 19 33 88 
100
67 40 72 77 58 23 98 94 48 49 46 22 45 62 78 37 100 79 55 31 57 14 65 42 66 61 6 9 34 68 3 5 30 42 6 15 19 6 62 62 76 34 28 59 92 100 70 10 38 82 61 42 65 15 94 8 14 44 69 12 68 45 2 20 78 25 29 33 26 31 56 19 58 90 25 85 35 61 33 57 58 15 87 37 38 94 98 41 21 78 75 3 34 53 81 77 43 45 45 54 
100
56 2 40 32 71 68 58 44 14 30 98 46 34 96 20 86 73 79 37 76 54 79 33 68 60 14 33 9 12 74 75 7 75 30 35 49 92 21 87 64 29 52 51 30 11 47 5 55 58 21 99 78 43 51 34 30 6 90 53 75 19 88 51 34 48 100 45 7 35 69 71 10 16 77 8 76 18 98 85 88 94 21 86 1 51 22 35 90 88 74 66 27 47 18 44 85 96 49 29 73 
100
22 44 59 21 67 17 62 60 25 46 94 68 55 3 81 80 94 67 8 78 66 1 27 49 69 21 87 76 17 15 80 3 55 82 19 34 10 50 65 35 18 86 60 46 83 35 38 92 33 79 64 32 5 29 97 10 3 1 79 5 77 2 13 38 52 23 77 7 82 59 48 76 8 88 20 89 9 57 25 83 70 18 68 48 51 64 75 9 22 70 9 78 27 80 61 45 68 74 4 90 
100
9 75 64 59 18 14 46 10 100 4 40 51 70 36 63 16 53 31 66 30 46 56 20 6 66 67 75 88 54 52 70 27 65 3 88 33 14 97 17 91 42 34 48 20 25 52 74 22 20 58 62 46 83 42 33 6 92 100 40 4 12 33 88 20 68 59 13 36 3 29 94 80 2 57 40 97 92 48 80 18 95 37 14 64 98 70 100 69 4 15 8 68 89 1 25 79 96 54 7 95 
100
53 2 8 7 44 45 25 74 61 10 50 46 57 16 7 21 97 98 76 23 90 16 90 44 81 91 26 92 55 22 13 59 12 75 56 98 88 32 34 79 30 87 64 40 12 50 32 39 86 31 10 33 86 67 82 24 76 13 14 29 15 45 35 74 32 74 13 4 90 53 77 25 81 87 21 59 39 56 18 76 63 49 1 89 80 27 10 89 66 77 78 40 35 24 62 67 69 13 28 66 
100
66 11 74 55 8 73 98 56 65 66 8 28 26 79 34 30 4 37 47 54 27 52 77 20 63 67 54 95 63 85 65 54 64 63 26 5 38 79 46 62 24 64 71 21 22 11 64 65 34 33 12 60 4 70 48 46 7 38 26 96 15 34 15 26 88 77 1 35 2 27 33 37 47 94 39 13 39 47 16 48 98 7 79 45 59 18 47 69 19 61 35 56 55 63 35 34 90 85 46 98 
100
78 22 5 86 54 15 27 51 16 48 85 58 21 23 56 75 29 54 45 85 95 75 52 87 76 42 64 41 15 22 18 77 93 16 64 43 13 89 64 16 47 26 40 19 13 44 16 50 35 28 99 70 75 69 66 31 63 37 3 63 5 30 8 89 11 16 6 83 40 38 5 19 51 64 73 84 99 52 7 4 43 57 24 37 51 51 45 74 42 85 27 92 97 23 21 89 4 4 32 47 
100
60 95 23 64 20 100 99 84 44 77 44 11 19 25 17 81 59 81 20 36 43 74 85 65 84 6 37 9 36 54 78 33 67 55 17 79 18 76 95 99 98 64 68 75 25 16 41 87 40 79 7 55 92 59 57 93 44 15 7 21 63 11 87 60 82 24 4 81 29 5 24 30 79 65 42 26 23 73 37 57 20 84 32 25 11 54 22 16 11 26 51 86 49 79 88 88 54 56 31 29 
100
66 51 11 68 86 51 51 42 20 6 4 5 24 77 92 62 63 73 96 31 12 34 66 91 3 62 68 6 33 24 55 4 95 86 55 37 62 35 2 82 15 29 35 7 37 70 22 20 15 1 77 93 14 88 24 61 67 84 100 89 21 8 16 72 33 45 33 98 69 14 20 39 66 11 22 25 17 15 8 85 85 74 58 6 99 60 60 2 42 20 19 45 60 48 13 43 93 73 37 94 
100
42 66 5 36 60 92 96 25 94 32 70 32 28 40 30 58 26 66 35 60 25 63 38 23 44 44 83 61 21 23 82 1 25 47 32 81 53 63 50 35 83 48 1 66 44 6 87 70 67 86 81 15 62 57 89 46 64 3 73 88 87 56 53 83 2 71 90 75 73 74 51 73 35 9 61 26 45 46 1 41 26 7 44 69 87 58 23 82 51 90 56 42 29 43 9 41 13 100 94 88 
100
68 91 44 49 20 5 81 36 23 26 77 68 67 39 67 80 38 38 16 79 43 85 19 63 1 71 87 46 42 72 85 42 66 31 85 2 93 41 65 60 31 87 27 18 90 28 36 24 53 12 22 14 63 24 91 21 94 27 86 75 9 73 22 81 56 74 61 57 2 37 51 43 55 29 90 99 55 51 28 11 3 29 2 11 43 3 52 38 3 8 83 14 98 96 82 40 60 63 76 21 
100
51 16 20 60 40 99 22 7 7 84 30 95 20 73 3 60 55 25 65 97 66 78 21 14 82 100 68 31 51 96 59 38 88 67 11 71 70 15 69 63 92 14 55 11 28 52 87 51 19 8 7 43 70 1 25 76 23 59 9 10 10 83 58 28 1 31 2 29 86 99 25 82 51 35 42 28 47 82 86 7 3 22 85 27 47 61 35 66 90 91 1 6 51 89 44 64 34 62 17 9 
100
58 36 66 8 77 5 48 45 93 30 61 76 15 56 24 5 21 93 6 67 100 33 11 94 88 42 62 85 75 68 37 83 76 66 97 18 52 93 48 50 82 34 92 51 76 41 71 57 20 91 79 99 59 37 28 26 35 82 23 24 13 31 22 100 51 88 85 83 14 67 51 63 22 28 78 99 84 43 99 48 72 65 61 23 25 99 63 43 2 100 16 43 18 30 3 39 14 72 71 91 
100
41 10 25 93 25 17 35 81 48 60 91 85 93 23 25 70 100 30 53 16 52 58 53 88 24 100 33 76 27 76 23 79 63 24 13 75 95 8 73 87 25 21 68 5 52 3 26 24 42 68 6 1 24 14 61 3 5 42 83 64 13 41 24 70 3 55 92 94 32 79 46 91 49 58 10 22 55 84 85 37 90 79 97 86 32 97 88 98 87 72 50 82 24 51 31 4 81 64 37 92 
100
89 100 98 57 30 55 76 94 71 53 46 10 96 64 70 56 15 87 68 75 28 1 53 10 28 2 75 25 12 27 69 75 56 12 82 23 98 64 43 13 57 19 72 14 44 19 54 18 73 27 38 69 58 71 29 52 77 6 61 98 14 76 11 71 31 15 41 23 55 40 10 97 11 42 100 18 74 59 45 17 90 27 29 9 80 52 90 1 19 26 9 35 98 42 28 30 96 13 21 20 
100
76 100 6 8 39 2 45 65 74 2 2 28 62 85 14 94 49 57 23 80 10 43 62 18 76 87 44 62 45 22 99 59 45 76 70 38 88 18 84 35 72 26 14 15 65 82 68 64 31 82 29 50 98 93 92 25 53 9 50 38 9 21 77 71 98 52 67 13 1 88 72 92 48 24 88 78 36 50 65 92 77 99 35 49 15 16 84 55 23 37 18 79 15 44 19 24 3 72 37 91 
100
72 10 30 41 30 88 61 2 53 68 65 41 35 32 90 63 13 19 54 60 91 34 50 32 41 37 73 70 92 91 91 23 40 45 61 65 90 29 29 98 37 98 2 99 97 12 65 4 77 68 33 9 49 2 95 33 10 44 41 90 29 79 62 90 85 9 83 29 97 65 71 70 21 90 13 42 15 36 57 67 37 37 22 69 2 79 52 95 98 43 70 59 30 50 97 99 99 81 29 39 
100
17 66 31 7 59 65 80 91 77 12 26 32 23 55 57 32 24 79 67 24 65 49 14 26 63 45 77 54 50 99 69 77 60 25 30 20 29 99 39 29 68 96 11 15 65 18 20 27 61 56 24 7 79 93 97 30 40 55 93 83 22 9 39 27 92 34 56 17 85 84 10 96 74 12 16 17 93 26 50 69 91 38 76 65 4 16 29 47 66 78 74 11 83 20 90 27 15 49 25 91 
100
93 55 24 53 76 91 75 20 66 38 77 2 52 15 51 100 88 22 23 25 43 80 55 85 5 96 55 35 83 78 63 61 56 30 41 51 3 26 85 3 59 23 70 15 14 74 32 7 52 23 82 65 76 34 1 90 9 13 82 67 2 48 85 31 77 15 42 19 73 17 81 55 90 17 60 71 3 70 87 62 34 82 63 34 14 12 44 96 53 2 38 29 67 44 65 2 14 87 35 27 
100
68 28 96 74 18 56 64 74 46 16 18 18 35 33 13 48 99 58 95 13 46 61 19 23 66 54 99 89 54 29 39 29 98 71 5 31 51 88 53 57 51 32 27 70 56 10 86 52 25 72 79 77 1 88 50 68 51 26 64 4 45 87 51 8 37 73 46 27 97 73 84 43 86 49 42 94 35 14 18 73 83 61 47 62 68 48 59 85 2 27 4 99 27 11 34 37 44 80 79 9 
100
56 22 76 84 67 9 72 59 14 5 62 71 57 90 76 74 1 12 5 65 55 27 30 99 40 63 41 75 18 86 90 97 28 68 30 16 50 6 44 52 80 90 98 94 26 39 49 61 42 14 25 44 94 48 79 67 20 13 67 2 81 92 32 51 13 95 62 20 35 57 7 61 8 55 13 27 72 40 95 89 45 92 18 30 51 39 14 100 44 41 13 51 32 26 84 20 95 95 7 47 
100
82 78 81 47 40 78 88 37 78 97 98 80 97 100 61 76 94 40 16 80 42 37 71 29 63 99 39 75 27 80 78 89 87 41 53 13 43 4 58 73 8 9 9 25 34 92 50 17 51 59 37 25 91 56 76 72 26 4 28 84 87 5 58 79 47 90 44 35 45 45 40 66 86 94 25 57 92 40 4 25 43 15 96 91 60 49 25 12 17 86 33 96 12 47 4 24 52 68 81 37 
100
70 5 66 88 76 18 33 35 11 22 63 97 80 34 46 52 71 85 85 14 25 99 74 86 31 42 39 17 44 80 29 24 26 55 95 95 51 70 74 11 7 73 92 24 28 2 54 38 38 96 5 21 32 47 40 22 75 30 64 88 9 46 12 27 37 84 3 76 61 93 83 65 16 40 75 26 97 12 56 1 71 14 96 9 27 12 83 57 63 63 99 51 81 34 37 23 7 32 95 98 
100
67 41 37 66 58 84 15 60 49 19 26 19 88 34 51 95 94 77 38 70 69 48 83 6 38 84 68 11 48 51 91 69 82 20 23 17 57 17 93 61 78 89 34 30 40 69 17 82 6 73 58 37 16 67 84 35 14 35 15 87 64 1 34 34 92 51 58 59 21 10 13 13 42 40 92 33 78 28 39 2 37 5 10 7 11 82 87 4 24 41 27 71 12 46 49 16 59 66 22 98 
100
19 5 90 21 88 9 81 73 8 85 61 20 17 85 95 71 20 46 4 16 43 16 54 76 82 17 68 75 69 61 74 57 61 40 64 76 60 36 45 21 73 24 54 87 4 28 28 93 54 98 11 56 41 81 56 41 19 55 46 8 72 72 95 57 4 24 12 10 46 25 11 41 69 43 75 95 20 68 50 85 65 56 54 91 81 11 13 94 76 56 75 90 50 66 84 36 1 13 18 31 
100
29 32 63 25 88 36 31 61 80 87 77 44 5 30 12 33 23 4 80 52 31 28 52 33 41 56 58 93 7 83 89 92 64 28 31 58 14 21 19 92 84 86 84 85 26 97 83 58 75 6 81 54 82 87 9 90 80 70 68 28 65 14 6 16 12 42 88 47 84 16 47 24 96 73 80 73 76 93 31 3 97 74 17 36 52 8 89 88 95 100 79 57 73 45 24 24 14 18 53 45 
100
80 53 50 34 63 8 96 99 48 66 98 71 42 80 60 11 72 76 9 95 62 82 27 1 74 29 68 15 86 44 100 31 27 70 84 28 39 23 73 43 76 72 37 51 52 52 49 30 24 35 68 59 5 79 23 56 48 74 90 25 12 88 37 69 5 17 26 57 71 49 86 13 53 18 91 69 76 78 45 21 27 41 27 73 96 53 96 44 38 100 45 66 53 9 33 63 35 56 76 38 
100
56 79 28 14 64 33 57 39 7 49 39 60 53 58 70 96 47 26 1 35 26 31 33 95 79 89 44 2 83 49 53 37 72 21 63 77 31 97 18 57 35 22 32 96 74 5 100 89 22 31 19 72 43 58 71 51 51 58 77 1 19 29 54 49 20 35 26 10 92 6 68 1 45 65 59 16 46 68 53 34 90 63 37 48 57 78 83 2 82 65 81 64 1 23 38 2 76 41 29 18 
100
65 56 79 29 78 6 26 41 37 33 74 62 1 24 84 17 1 96 32 57 27 62 15 84 95 41 50 69 25 74 98 40 72 14 44 1 5 21 94 73 52 57 43 70 12 72 95 93 37 25 47 3 85 12 60 23 100 77 42 89 41 23 34 84 88 98 75 39 53 5 13 11 45 44 47 4 24 80 35 8 86 96 76 68 66 40 27 52 76 4 97 50 1 92 72 10 17 34 11 65 
100
56 15 51 72 21 69 55 39 35 28 40 81 8 44 90 60 61 31 41 56 18 38 15 73 34 37 41 59 79 15 57 83 29 11 47 66 24 5 59 87 95 56 17 16 16 4 77 24 66 71 6 9 76 23 74 53 99 82 20 94 29 32 92 71 84 13 62 88 55 49 66 93 86 64 91 49 68 33 66 40 72 12 85 74 45 91 63 30 11 46 47 32 73 59 69 3 97 5 75 14 
100
52 39 8 27 58 55 13 17 18 47 85 62 69 68 79 48 65 49 65 73 88 75 78 8 66 46 15 82 72 74 95 9 61 39 38 16 38 98 60 63 12 62 97 44 40 5 99 54 72 10 1 41 41 63 3 46 61 30 19 5 65 22 98 64 61 11 32 41 66 77 19 35 4 65 35 61 22 61 86 12 55 46 98 22 66 19 75 6 44 95 5 82 92 7 27 63 35 33 93 48 
100
14 20 15 13 85 98 98 86 37 14 95 62 40 33 82 41 27 59 69 33 68 33 8 27 93 98 59 18 17 91 86 96 14 27 28 54 3 99 63 9 14 65 11 45 8 67 57 52 16 2 86 10 13 52 41 40 76 71 77 34 86 79 50 42 38 1 21 10 37 93 26 24 69 69 33 20 83 87 9 54 85 94 49 42 28 11 83 36 38 9 6 95 58 46 2 13 6 60 79 51 
100
29 36 6 99 82 4 86 43 42 15 31 16 26 17 44 27 87 91 95 75 65 22 69 11 61 59 25 81 86 74 1 95 58 63 43 76 14 84 74 51 99 57 94 60 75 84 87 99 80 20 96 9 46 52 31 40 7 48 80 98 86 24 12 45 56 60 55 5 27 46 56 7 72 98 39 21 28 3 71 26 73 42 91 19 26 68 71 17 12 31 47 57 74 57 59 30 51 25 67 2 
100
35 42 25 67 67 17 89 87 13 93 48 2 52 5 96 60 31 50 90 15 88 9 21 29 11 27 19 64 59 11 98 69 92 72 92 72 6 72 78 71 63 96 49 69 79 24 58 36 47 73 64 88 43 30 75 18 39 36 71 5 57 38 13 4 4 51 98 97 40 5 6 72 4 94 31 38 28 69 33 80 45 39 32 30 81 54 56 65 19 17 36 37 55 26 71 83 66 1 86 90 
100
69 41 14 18 18 88 61 70 10 18 71 54 52 98 63 61 59 100 85 1 48 90 2 35 18 62 38 52 82 100 49 4 44 52 50 86 15 94 40 48 93 12 13 69 94 7 48 92 67 50 41 78 16 51 16 43 15 92 62 69 43 45 27 53 63 18 89 19 73 23 79 44 29 43 2 98 82 46 92 15 54 86 89 1 73 44 67 57 40 62 4 1 39 40 43 60 77 35 76 13 
100
2 13 27 15 82 78 84 71 32 39 34 54 69 65 17 37 54 28 42 50 7 93 60 21 65 84 46 62 66 54 30 81 72 42 88 99 96 74 83 39 4 29 27 30 90 83 16 6 91 24 78 33 14 100 33 68 97 11 91 89 22 36 40 30 34 15 49 31 23 24 44 43 14 66 95 29 11 15 75 53 23 52 6 94 59 69 4 26 75 95 75 56 86 1 69 4 48 36 15 60 
100
11 46 35 2 10 56 37 42 63 83 29 13 76 8 3 10 85 90 32 55 24 17 97 55 32 85 54 72 18 69 9 36 4 92 43 76 96 24 21 74 26 21 11 46 77 32 5 39 31 61 34 64 66 85 98 79 85 24 47 40 92 42 84 82 91 20 80 5 73 37 45 31 23 26 100 8 50 79 15 40 95 92 62 32 30 55 78 35 29 17 23 59 62 86 7 14 10 88 36 70 
100
35 93 66 96 36 54 65 84 67 15 74 74 8 99 87 75 32 90 8 80 85 26 31 50 80 94 75 33 38 78 57 26 71 30 75 86 80 65 45 37 40 62 25 23 50 16 42 50 89 15 36 44 15 9 98 79 34 78 52 62 68 64 71 73 34 62 73 52 23 78 41 32 90 53 53 22 1 77 46 96 15 70 83 1 93 54 17 37 60 98 73 21 18 38 27 36 46 51 95 34 
100
33 83 85 43 19 83 49 60 37 32 27 77 68 47 37 59 77 43 43 56 95 70 42 11 18 10 48 34 97 13 43 100 62 66 28 56 40 50 34 3 34 31 3 6 54 6 61 44 29 27 25 1 61 33 48 67 35 39 23 11 17 46 86 7 31 80 91 19 14 20 51 10 56 91 44 74 31 55 40 38 52 57 62 23 99 72 39 5 36 88 68 52 80 33 19 46 82 80 69 74 
100
75 62 61 54 28 43 94 97 50 13 30 96 6 94 39 2 78 91 87 34 43 42 18 24 69 33 10 42 28 96 31 51 41 56 4 13 4 65 38 44 55 69 54 11 82 70 64 59 64 50 86 32 15 37 82 27 44 51 49 97 62 46 12 58 42 38 79 42 1 55 11 58 89 15 16 6 34 13 48 93 87 65 11 82 56 29 39 45 29 19 97 65 26 23 25 85 80 16 19 77 
100
24 62 87 7 94 3 89 93 57 71 100 44 54 67 96 81 78 13 42 99 35 56 37 18 17 79 2 14 85 85 71 47 27 2 43 63 13 41 13 16 87 43 83 81 28 94 5 23 81 71 67 96 80 12 19 66 24 62 90 13 51 22 12 3 60 99 93 19 78 44 3 8 64 38 34 55 71 44 20 87 65 65 1 29 20 81 19 59 38 48 73 24 57 3 29 93 26 77 21 54 
100
73 97 100 28 73 32 21 62 42 22 94 82 30 44 64 61 57 72 94 73 30 52 1 77 83 60 47 42 16 31 79 41 71 88 59 77 44 5 19 70 89 44 57 94 13 43 97 4 92 9 56 26 42 19 31 39 57 97 54 9 68 58 42 23 54 69 65 82 58 45 40 96 12 33 61 57 4 72 68 50 29 64 96 72 49 90 18 67 47 9 1 42 81 22 2 84 87 40 66 63 
100
39 99 13 27 59 27 70 39 44 41 48 24 12 73 35 34 67 14 20 92 81 18 77 21 79 91 84 96 50 20 93 72 60 32 82 40 22 20 31 26 70 84 98 41 86 87 100 93 24 62 69 78 19 90 81 11 2 41 28 60 100 39 34 42 35 56 22 98 45 17 52 56 52 23 94 41 89 11 56 40 32 1 26 81 77 18 42 7 74 7 93 63 3 75 19 44 86 99 74 93 
100
16 26 30 97 76 51 78 9 7 57 31 67 7 18 71 98 72 33 3 46 23 42 16 29 73 33 25 34 23 5 49 13 16 70 17 43 12 71 33 8 70 1 20 94 65 98 3 92 2 97 37 91 73 46 4 11 60 56 75 49 56 10 44 63 23 91 40 32 38 49 45 26 64 83 3 30 10 97 91 71 76 20 35 98 44 43 34 52 74 18 47 3 44 21 63 50 75 63 60 36 
100
65 47 23 12 68 34 21 10 42 75 86 80 51 19 10 47 52 49 53 24 14 37 45 19 87 59 33 6 34 99 44 49 65 98 62 69 97 20 94 58 26 47 1 42 65 22 46 19 62 51 90 40 23 42 54 30 36 96 6 96 34 3 89 17 41 94 15 57 77 47 9 91 48 99 23 17 20 25 98 9 80 95 85 34 51 81 69 62 89 12 12 75 33 98 10 59 59 35 9 57 
100
31 32 75 48 14 9 17 98 50 76 51 9 16 35 1 1 37 54 68 26 89 50 92 23 57 10 56 32 22 68 53 40 67 58 80 49 2 34 63 68 57 26 96 96 76 80 26 86 21 21 80 71 28 20 73 69 9 25 31 27 82 23 10 14 49 23 71 19 18 78 64 35 20 100 62 73 58 2 30 95 83 49 35 68 43 24 85 16 52 44 18 16 91 18 37 59 85 69 76 93 
100
36 8 40 52 19 22 88 36 60 32 78 59 63 71 65 85 20 39 40 100 44 71 22 15 46 38 98 8 31 57 100 7 46 50 5 93 86 80 47 62 80 68 37 91 29 23 30 18 88 97 75 49 36 78 74 13 89 39 80 64 87 55 7 78 75 34 60 81 97 18 75 62 61 100 77 37 70 5 61 52 27 30 50 20 80 81 19 41 5 12 40 71 54 91 36 49 46 61 12 13 
100
76 91 75 24 83 89 38 39 48 73 54 2 62 41 36 56 72 19 32 7 91 31 17 2 30 53 60 56 41 79 63 27 95 65 88 88 42 59 97 13 32 47 90 68 67 43 29 82 52 85 2 12 69 66 16 24 100 36 54 24 79 7 1 90 66 58 65 63 10 85 46 10 51 46 17 39 55 96 11 13 12 87 93 87 28 46 8 78 17 93 35 43 20 15 39 59 57 11 75 100 
100
75 5 92 18 99 63 50 30 51 84 67 93 45 85 44 48 45 71 50 38 3 96 26 12 36 85 1 12 80 11 25 80 5 65 24 5 54 90 34 45 62 95 64 54 29 99 63 96 95 84 6 74 52 65 80 44 87 58 38 35 40 68 24 22 80 70 93 31 10 79 20 77 95 64 92 57 45 64 27 66 41 7 67 38 90 88 21 53 82 38 22 76 39 32 23 26 64 88 36 89 
100
29 97 5 49 12 9 3 53 26 65 92 70 13 50 49 52 95 52 44 18 67 33 3 77 82 80 79 28 29 95 40 3 58 65 88 61 16 40 82 26 90 10 81 21 70 94 93 42 42 14 66 19 55 63 91 68 22 96 32 49 88 22 90 79 92 68 2 14 55 26 29 93 15 59 35 50 24 83 51 59 99 34 22 17 39 99 74 61 93 12 81 48 99 14 70 11 33 96 39 74 
100
24 11 71 57 15 24 82 77 87 65 55 32 33 36 77 3 65 42 65 38 97 28 59 57 67 28 3 26 68 97 78 12 73 78 5 54 60 36 1 66 59 39 3 88 18 100 14 57 79 32 47 85 17 55 17 5 1 70 21 41 81 89 55 13 89 85 98 53 13 37 60 58 48 87 26 79 5 66 34 36 11 29 26 17 45 58 28 47 4 64 38 47 16 34 44 59 61 94 87 13 
100
73 21 88 20 50 71 66 37 58 81 17 39 11 97 23 35 52 13 83 27 63 44 83 80 45 66 70 17 23 22 83 18 58 97 93 69 65 36 35 47 81 58 6 42 97 63 88 10 32 64 99 74 32 48 59 48 4 75 8 31 56 53 75 48 67 77 50 91 81 74 31 64 79 13 21 22 15 60 41 66 52 99 68 43 2 73 92 8 18 54 80 38 88 26 67 12 96 84 60 24 
100
94 36 55 25 42 26 16 66 28 88 21 52 88 25 45 82 60 87 74 95 5 62 34 1 100 39 86 93 97 64 95 24 37 48 98 4 75 80 88 62 68 47 41 46 56 60 62 71 40 54 34 22 86 69 3 21 6 2 29 80 62 99 94 42 96 20 13 71 23 73 84 30 55 53 45 83 32 70 77 79 29 50 8 43 34 97 83 80 79 84 67 32 84 98 69 6 53 41 27 66 
100
12 63 6 71 1 69 80 48 77 44 7 97 51 14 51 96 3 83 37 4 84 9 49 37 45 77 17 84 78 55 82 15 44 15 82 24 26 41 26 95 45 21 11 66 34 44 8 9 11 71 58 49 88 13 82 79 30 51 86 72 53 10 6 40 41 1 21 58 34 3 41 87 1 59 99 45 51 46 82 76 4 73 61 89 38 99 59 79 23 58 7 59 1 13 40 37 93 8 91 76 
100
41 56 86 32 46 60 15 90 24 81 50 95 96 88 75 62 56 17 35 28 5 84 41 17 29 93 48 80 18 26 35 74 51 7 20 75 82 53 72 89 14 28 59 89 33 54 59 71 89 29 92 62 42 34 51 44 15 26 13 47 98 13 22 72 13 34 44 39 63 66 54 7 37 25 38 71 13 45 90 57 37 68 31 50 64 12 38 74 66 100 100 33 100 22 43 79 25 7 61 84 
100
71 91 20 55 58 10 27 28 35 50 24 95 43 10 82 47 33 41 21 38 38 19 28 27 92 33 7 42 85 24 73 3 64 72 47 17 79 88 93 92 83 81 72 41 9 98 33 29 71 55 37 89 91 83 6 96 90 74 41 81 83 71 64 79 16 64 38 70 6 23 73 28 1 37 83 95 70 42 7 29 85 32 98 18 77 59 5 44 54 84 10 17 13 64 35 20 73 92 10 21 
100
41 87 74 22 69 44 16 42 71 44 93 46 87 73 87 97 40 32 70 20 92 17 34 93 57 13 18 26 66 80 10 62 82 3 81 17 23 80 72 85 86 81 3 20 80 82 9 34 32 30 73 78 60 75 12 33 97 52 56 30 23 12 3 70 72 77 41 22 39 34 46 77 52 81 68 71 74 35 95 34 97 1 1 92 62 83 12 62 68 11 70 96 20 40 33 56 50 95 87 87 
100
45 6 75 97 49 35 44 68 64 44 86 12 24 48 11 2 46 12 75 70 42 32 51 74 81 11 3 16 10 22 14 99 62 52 10 13 2 97 12 46 42 52 57 88 43 41 38 79 61 56 21 52 42 20 64 2 74 99 93 78 83 74 87 74 12 35 85 29 81 13 72 34 13 52 5 59 100 46 87 35 41 53 86 17 46 90 93 47 19 18 17 59 57 87 2 65 4 84 81 26 
100
3 12 39 43 59 44 90 56 17 100 37 66 31 21 16 71 65 20 45 13 80 9 36 2 8 40 66 11 11 35 72 27 89 70 14 21 69 96 47 91 24 95 33 1 24 14 54 1 63 80 44 37 18 55 65 100 8 30 68 84 87 84 58 32 50 67 52 92 27 28 84 73 47 35 47 55 90 60 90 28 57 23 51 46 91 70 58 64 37 17 63 89 38 83 86 85 93 54 98 29 
100
18 67 82 25 4 71 70 72 75 45 56 54 1 41 34 41 48 4 11 94 16 69 76 13 75 48 53 3 80 41 12 75 16 10 1 75 70 80 18 45 94 64 94 74 96 50 84 64 98 38 85 30 99 54 10 84 37 98 11 2 10 34 65 18 94 57 52 20 100 47 77 76 75 64 17 9 2 13 74 45 31 44 24 89 11 11 38 63 86 18 83 12 35 14 18 71 81 68 88 3 
100
12 49 52 32 37 62 68 73 12 72 88 92 1 66 23 30 61 34 56 93 53 4 69 15 99 56 90 37 40 59 29 44 65 97 30 34 2 74 4 53 72 49 41 95 94 4 15 89 3 25 71 50 86 100 46 74 97 14 25 56 86 57 62 95 67 90 5 64 81 88 16 29 32 49 53 40 56 57 55 91 91 45 76 94 73 18 58 78 28 30 53 97 33 8 43 5 14 47 49 17 
100
90 87 50 66 18 32 93 34 14 2 8 95 79 18 34 26 50 81 12 62 65 78 56 62 92 98 9 41 10 97 67 90 85 24 82 55 76 9 29 78 8 15 73 41 13 19 70 25 93 66 57 34 5 16 94 98 67 44 68 20 51 24 67 54 66 12 65 76 89 62 56 51 10 28 63 54 39 2 87 56 34 61 40 42 76 81 52 22 14 58 95 85 82 24 96 13 46 8 15 49 
100
28 69 51 73 52 41 74 1 99 1 66 21 53 18 50 23 2 8 38 92 29 59 91 56 85 1 6 59 15 55 27 71 31 79 53 36 6 53 53 22 80 37 50 55 19 41 39 36 68 7 75 7 60 97 24 5 5 18 39 25 74 28 14 26 69 96 75 89 92 86 36 54 18 78 60 71 2 45 26 41 88 76 15 44 99 50 84 73 79 52 93 14 11 78 7 32 58 32 49 39 
100
78 10 85 99 49 43 36 27 63 60 11 71 80 88 84 5 90 31 42 47 77 31 44 74 27 10 71 43 18 54 38 99 76 6 17 72 93 30 37 10 27 72 16 89 66 67 15 49 17 48 28 87 85 3 97 86 92 40 34 94 61 55 10 48 50 17 83 90 86 29 4 36 88 70 26 55 56 53 31 93 16 28 59 46 69 12 19 13 52 44 95 5 3 20 82 14 57 5 1 79 
100
44 97 36 66 20 13 60 10 56 41 66 11 20 1 54 7 11 77 51 55 34 54 22 85 48 50 66 1 43 64 7 38 87 54 18 43 66 67 39 21 80 32 28 98 55 53 74 42 22 64 61 41 9 9 68 69 57 56 5 54 73 31 22 55 88 20 93 35 25 50 34 48 75 51 46 86 95 89 86 51 70 51 32 86 63 71 45 42 20 61 24 92 36 26 30 99 57 82 90 6 
100
3 95 67 32 45 64 80 52 62 21 95 27 19 83 21 50 59 46 48 50 98 84 55 83 30 41 82 77 51 33 49 49 91 46 82 95 86 55 93 35 30 64 8 85 68 99 59 57 65 55 82 91 32 74 8 16 1 24 63 77 31 29 37 39 77 7 8 56 90 22 42 31 5 48 70 90 83 17 47 88 97 81 78 97 12 19 22 74 84 38 68 72 3 26 91 41 5 34 37 52 
100
49 59 34 57 53 59 93 25 67 47 13 94 19 18 97 26 32 39 43 65 11 92 26 69 65 4 18 2 51 94 32 13 55 88 70 67 41 98 60 66 13 66 96 12 35 4 59 72 70 38 52 85 21 22 72 64 64 39 3 2 55 20 82 58 84 23 5 56 13 69 76 21 71 14 64 65 5 12 67 71 20 95 92 75 40 8 79 30 43 66 97 5 97 5 47 79 24 96 76 93 
100
81 40 64 91 34 39 6 13 25 98 38 81 5 99 88 42 95 98 83 82 4 46 29 12 93 86 1 65 55 45 35 88 89 35 81 3 38 85 42 96 51 2 15 8 5 90 23 95 14 47 95 8 74 87 90 6 76 82 7 23 98 77 65 80 37 85 90 14 80 75 95 91 75 100 59 31 39 24 74 9 61 21 91 97 45 1 2 64 60 52 83 14 27 87 11 6 69 91 84 74 
100
82 26 70 57 90 95 61 75 81 65 60 12 52 38 85 7 97 20 6 72 62 27 30 60 12 4 92 16 73 49 82 65 82 26 3 94 86 36 22 83 50 32 2 100 12 39 42 89 6 31 64 32 43 88 59 47 11 4 5 17 85 31 74 7 6 67 76 27 5 99 77 99 10 15 24 18 39 11 69 28 56 84 12 12 69 35 66 71 98 71 13 78 50 53 5 38 76 49 28 71 
100
17 100 71 91 74 96 73 85 42 60 28 86 11 29 5 66 42 20 65 66 27 48 53 21 82 46 17 56 18 31 89 74 68 27 36 16 92 32 78 61 86 40 11 18 47 30 68 32 69 2 90 10 56 96 89 93 22 3 58 20 46 39 24 21 77 67 63 65 73 31 26 31 13 32 83 60 32 73 57 89 93 63 89 58 84 84 92 78 43 28 51 39 31 95 76 75 15 81 65 63 
100
69 60 94 78 25 8 80 37 75 89 39 98 72 29 95 7 71 73 70 93 11 73 45 52 77 92 46 40 60 25 85 12 81 53 9 6 64 12 5 96 34 13 10 98 45 41 12 80 53 54 48 41 52 66 56 75 100 25 17 49 79 27 80 62 55 44 92 60 28 40 91 30 75 6 87 69 56 2 3 85 82 26 70 54 77 79 71 17 100 60 38 76 32 63 37 89 29 34 67 75 
100
47 99 81 9 44 76 6 24 89 26 16 66 94 80 3 56 49 99 54 68 85 55 36 24 35 77 57 3 45 26 89 3 15 58 56 47 95 51 26 1 80 79 21 56 29 33 92 8 26 75 34 58 47 96 4 78 44 12 20 50 41 90 91 53 11 1 3 31 78 2 80 99 13 95 47 14 23 57 97 94 71 67 23 43 90 8 62 68 67 81 69 65 96 53 60 100 15 52 47 94 
100
35 83 67 63 16 56 57 45 4 32 97 88 24 87 96 66 2 46 45 49 52 100 28 9 89 42 73 60 55 15 68 91 61 36 68 11 65 63 81 23 100 46 96 48 97 62 50 55 32 57 70 9 52 53 39 85 54 10 69 33 3 93 25 70 92 70 79 62 80 71 71 23 92 46 31 65 34 26 4 74 54 12 12 77 9 19 7 73 62 57 61 60 79 100 54 60 60 57 15 96 
100
86 54 56 38 98 50 50 24 23 77 3 72 9 29 32 68 68 100 83 42 29 46 32 56 51 10 13 28 52 16 16 10 93 30 28 54 40 68 16 27 8 12 67 24 30 46 53 75 22 50 65 99 75 7 47 26 31 8 15 18 51 49 47 91 71 36 54 46 28 81 78 76 81 47 71 2 87 95 76 20 53 34 81 24 16 58 82 4 32 29 23 14 26 46 96 63 22 24 31 66 
100
80 68 47 51 19 1 36 59 62 42 21 25 99 28 36 37 64 4 32 73 60 35 43 89 50 60 66 83 8 90 62 98 2 83 16 63 8 16 77 70 74 86 27 86 30 11 2 55 23 85 74 74 20 32 19 38 43 7 34 86 31 49 92 23 8 80 89 64 21 70 63 11 38 54 58 85 88 85 26 5 54 69 51 13 69 41 68 49 25 19 4 52 41 31 68 93 41 76 97 82 
100
91 72 53 31 28 71 7 88 88 96 16 19 47 24 84 5 41 94 70 95 65 71 91 90 93 6 71 98 9 39 41 94 81 30 52 68 43 29 78 2 50 9 26 6 63 77 56 14 46 75 88 79 57 17 43 95 19 79 53 68 4 57 100 47 14 8 71 53 51 28 55 4 97 92 6 5 47 65 28 37 18 44 95 42 74 3 25 87 19 42 33 14 26 22 66 25 4 93 59 31 
100
8 19 76 73 39 81 36 48 81 88 88 96 51 44 90 2 61 42 29 82 29 6 56 77 59 85 9 4 70 14 20 44 62 75 28 5 91 11 81 44 67 50 31 62 28 4 6 25 24 53 62 29 33 97 81 36 95 11 71 85 59 23 37 23 61 77 1 92 61 40 8 40 79 22 89 76 29 48 74 42 61 26 1 59 63 89 5 55 18 16 56 12 33 28 19 29 57 51 63 63 
100
58 66 18 64 11 30 60 24 90 64 67 46 11 43 1 89 99 75 27 34 4 36 5 3 51 93 89 96 47 45 56 17 76 14 87 37 90 4 57 21 79 92 25 32 70 14 91 14 65 47 88 54 41 7 74 76 57 46 100 10 57 17 37 51 16 8 46 2 88 41 79 68 28 91 51 4 77 37 15 70 37 69 35 30 54 32 34 62 43 18 23 83 84 29 41 91 74 87 68 99 
100
81 93 36 48 1 31 29 43 18 32 40 73 84 100 41 66 5 65 85 98 65 2 47 53 17 55 65 43 51 48 28 88 41 28 12 81 18 22 69 60 20 37 62 84 64 73 58 47 72 76 9 34 99 6 83 18 70 77 100 11 29 48 47 30 36 65 20 71 43 9 40 55 71 35 39 34 3 20 1 88 17 90 87 28 46 90 76 82 89 36 36 65 46 53 97 8 30 90 84 59 
100
84 75 41 56 39 17 56 91 47 37 11 1 2 46 90 8 84 78 34 95 80 87 45 75 80 32 29 43 83 89 51 60 54 34 42 88 53 92 72 68 18 80 51 67 89 46 100 33 90 1 32 51 81 40 16 89 73 20 63 90 51 15 54 38 51 36 27 98 75 32 8 56 58 65 6 13 36 84 81 7 1 48 75 62 55 13 69 33 95 67 100 93 90 27 76 82 84 58 73 75 
100
26 52 79 75 73 3 28 43 46 29 10 6 31 19 82 74 14 83 35 33 72 67 8 20 56 47 94 67 94 80 4 85 74 42 91 33 58 87 48 1 63 13 95 59 66 82 6 89 17 98 23 36 23 41 22 36 46 1 39 1 27 42 27 34 24 96 44 79 13 9 62 12 39 60 51 61 8 45 59 70 82 2 16 75 68 1 99 28 2 78 24 33 85 36 79 70 34 67 55 93 
100
70 17 43 92 22 14 79 48 39 96 36 30 60 98 63 77 71 39 83 80 74 30 85 90 43 77 99 55 62 67 60 25 25 19 39 75 44 78 50 40 10 14 89 4 51 60 83 90 40 30 65 49 92 9 69 32 97 30 68 99 50 16 18 33 10 38 61 51 49 69 97 98 28 52 63 16 59 62 81 7 43 39 29 38 98 83 52 60 22 71 77 54 56 50 66 96 9 55 50 75 
100
69 51 39 57 11 62 58 30 33 41 69 46 72 67 20 15 75 79 39 53 4 40 43 86 71 52 95 22 46 54 57 95 36 12 57 46 54 68 45 87 55 89 86 21 91 83 62 61 94 79 46 31 14 29 54 9 82 27 94 72 97 87 71 52 78 36 55 68 61 85 33 70 74 61 45 24 92 14 42 63 97 81 61 90 32 45 65 18 39 35 51 73 90 62 44 1 76 70 60 67 
100
72 59 37 35 27 79 25 74 80 55 81 5 51 85 50 67 70 2 12 46 17 44 89 46 46 90 95 55 44 75 77 71 87 76 2 35 92 53 83 39 33 37 2 11 72 5 100 81 4 74 57 56 48 30 44 41 71 5 24 88 8 28 69 41 99 41 44 45 6 76 46 59 5 81 74 86 80 20 17 41 95 42 9 96 68 32 34 100 39 89 100 26 74 90 85 24 86 70 42 37 
100
98 88 15 15 74 95 72 57 95 5 30 73 97 49 27 46 1 95 88 43 52 31 67 68 64 60 32 53 37 78 13 60 83 88 6 74 78 55 50 5 21 49 38 11 71 53 25 79 67 27 21 72 72 94 28 63 84 33 11 82 36 7 80 97 88 42 62 32 91 93 29 33 66 12 61 55 30 60 43 94 39 48 98 85 97 40 24 74 44 4 18 69 56 39 100 16 87 12 47 22 
100
51 52 99 25 95 50 5 52 64 87 98 28 31 74 82 50 85 87 63 61 91 2 88 46 75 79 44 74 83 35 3 6 73 94 88 9 98 78 24 21 31 70 78 95 8 49 39 25 79 72 16 69 33 91 73 31 15 35 13 58 48 99 75 95 28 17 75 98 24 82 62 77 13 1 30 61 31 56 13 60 23 35 31 69 58 59 46 22 42 79 14 32 38 100 10 62 90 50 73 31 
100
30 44 80 9 68 20 39 10 6 8 69 30 56 80 37 21 70 49 11 15 74 82 96 12 5 93 46 41 18 72 17 32 98 17 5 51 74 90 4 60 86 61 95 100 24 63 30 21 49 63 75 68 22 89 71 83 9 4 7 79 80 81 60 22 22 5 50 19 73 28 50 81 24 91 2 13 58 55 61 50 91 11 31 47 94 48 18 76 90 55 46 17 76 11 30 44 37 75 31 99 
100
92 66 16 57 71 21 71 49 43 42 35 23 80 62 99 35 97 63 89 48 100 27 31 74 70 35 22 22 74 53 3 85 63 80 71 14 62 57 10 72 53 50 43 85 92 56 2 13 37 98 70 37 83 76 41 14 7 17 57 77 19 73 83 84 66 26 55 14 3 85 77 91 61 87 30 66 11 25 96 32 13 85 51 29 79 93 92 73 41 81 78 7 91 28 62 1 21 51 75 8 
100
21 66 91 81 47 7 96 32 66 64 66 84 21 47 56 36 73 56 70 28 13 19 46 99 66 78 5 19 96 25 7 69 4 28 54 62 80 81 12 95 15 90 8 53 54 89 82 53 99 27 29 46 71 22 52 66 20 83 96 62 11 66 69 16 36 38 19 91 18 28 22 30 44 71 45 48 98 11 36 60 91 43 89 15 52 51 97 14 13 62 42 26 30 15 26 45 97 42 89 3 
100
30 33 4 5 3 79 62 64 50 73 63 77 67 100 7 68 94 70 12 26 17 52 71 52 14 55 77 88 59 82 100 70 29 100 91 28 66 6 87 82 86 3 63 48 65 45 98 20 79 3 54 31 84 41 85 67 17 96 92 66 2 67 62 97 66 77 46 39 87 44 90 12 91 28 23 10 48 92 55 15 90 34 39 23 78 33 5 23 100 96 63 30 86 61 53 75 48 27 7 59 
100
28 48 94 60 43 37 40 87 87 55 98 38 50 54 66 52 55 36 30 13 60 24 51 65 40 40 21 32 73 28 22 100 84 83 25 6 15 38 37 25 96 23 54 56 85 20 52 90 16 70 21 12 95 64 92 37 14 35 39 21 44 6 28 92 15 77 36 16 32 87 67 18 34 28 40 73 18 92 32 96 7 14 25 32 51 56 93 56 25 44 50 89 53 10 21 25 61 62 46 48 
100
61 100 42 33 17 22 27 65 69 90 71 10 25 57 92 14 22 96 83 66 86 65 24 12 83 31 68 46 66 29 60 34 13 61 53 83 45 61 72 65 94 98 48 8 63 43 58 89 46 91 9 29 39 67 38 54 36 91 17 60 78 32 37 92 6 53 56 99 22 60 47 68 9 56 68 59 59 32 76 17 58 10 48 59 46 17 14 12 87 1 38 41 25 33 26 32 51 25 92 13 
100
48 52 47 71 74 11 11 5 51 96 26 99 90 29 87 4 49 49 24 65 20 44 56 56 51 49 30 93 48 33 65 81 19 17 88 41 93 72 20 77 22 46 3 65 22 88 55 30 94 1 28 86 20 61 42 94 80 68 38 100 53 97 50 52 31 51 11 86 18 59 19 40 47 31 76 82 82 79 28 55 72 78 97 14 57 96 22 49 93 21 54 60 66 36 48 97 21 9 80 98 
100
49 52 50 44 60 39 88 99 42 9 73 70 27 85 27 37 100 4 48 80 16 18 9 13 35 88 74 88 75 13 74 6 83 30 18 20 32 74 48 2 22 92 14 12 87 39 39 23 25 63 41 43 22 57 43 91 48 47 77 62 79 73 46 17 10 99 70 45 83 56 100 14 90 98 13 40 84 71 77 81 97 87 9 67 80 11 90 51 53 18 73 10 11 78 80 79 23 9 59 10 
100
33 48 91 32 58 16 87 2 54 67 96 90 78 13 11 27 4 4 32 44 34 13 41 88 57 76 14 73 55 25 64 7 90 88 5 98 86 85 95 82 17 29 37 74 78 93 40 75 8 80 41 95 23 51 94 57 79 11 27 62 40 23 39 56 70 14 47 30 39 59 47 49 1 59 99 94 51 31 3 48 51 26 98 70 57 70 59 92 59 90 9 38 64 90 1 70 34 27 33 44 
100
67 48 83 2 22 22 67 81 11 30 45 25 88 8 66 23 58 56 40 65 8 42 73 42 98 16 1 76 80 95 10 22 15 73 24 82 96 89 92 19 45 28 13 54 25 80 74 82 4 6 67 33 41 47 6 85 65 55 51 59 65 21 91 46 92 62 50 99 92 6 91 13 61 91 88 31 13 71 74 61 13 40 74 83 28 89 61 23 91 68 97 73 85 50 24 72 88 11 16 72 
