100
100
91 2 46 19 27 86 31 57 71 82 65 24 25 66 97 77 1 1 97 89 48 23 13 96 56 89 31 57 54 21 38 71 19 28 79 71 3 35 36 42 99 57 77 9 42 13 76 9 47 34 32 52 77 60 29 73 34 17 50 50 32 57 87 8 61 6 41 43 13 79 67 80 46 86 98 55 47 8 24 33 18 63 56 58 39 31 5 18 72 6 61 52 46 25 72 52 35 28 89 9 
100
50 84 12 66 72 10 5 3 1 38 28 18 86 38 54 79 39 28 78 39 32 95 23 48 84 57 97 49 75 96 95 35 37 66 24 13 37 70 100 76 62 17 13 38 31 9 77 28 50 7 15 21 72 27 77 44 27 76 100 97 99 77 42 73 53 23 23 80 1 7 63 26 83 99 22 40 21 1 58 39 59 80 89 87 7 57 83 42 49 79 74 51 29 30 46 49 88 85 4 3 
100
73 92 73 54 73 53 12 68 20 29 96 95 25 70 23 45 28 54 20 34 80 66 50 24 24 40 52 85 5 66 84 62 95 88 11 27 18 63 27 35 49 87 64 41 94 58 79 39 97 38 84 74 86 93 22 47 100 47 12 28 27 20 98 14 72 74 8 53 72 69 62 100 58 65 54 83 9 36 61 90 5 45 8 20 93 84 2 44 65 99 54 19 76 20 15 54 1 43 81 85 
100
25 71 58 56 9 12 81 44 14 60 99 61 96 66 36 12 59 58 83 28 23 3 80 73 63 97 10 54 20 39 54 50 15 68 54 65 56 44 81 41 93 85 78 53 10 59 88 68 2 65 33 77 78 76 17 50 4 93 92 79 75 18 82 4 81 33 27 45 49 85 72 61 86 85 60 85 87 74 46 90 25 95 75 78 30 47 11 82 51 6 37 28 92 52 98 52 51 46 72 83 
100
38 67 75 44 69 86 45 73 63 44 33 21 44 57 21 32 75 2 70 46 12 49 92 77 13 60 93 16 5 43 6 12 69 69 1 98 78 25 33 65 19 45 75 90 3 67 97 41 5 29 96 1 92 34 69 91 13 79 36 79 75 16 17 87 33 4 68 80 81 58 3 98 81 69 76 96 2 48 96 76 61 42 90 88 85 41 73 24 24 5 74 74 29 72 60 52 62 28 80 21 
100
59 85 11 35 22 55 69 87 93 85 49 1 33 47 43 81 92 14 64 7 13 46 16 95 87 25 24 48 47 9 50 42 74 25 82 24 23 76 2 87 68 31 42 65 50 78 100 42 1 88 26 5 6 6 45 61 17 49 8 26 22 23 22 89 95 55 16 6 94 40 42 61 63 24 91 51 45 57 96 19 5 72 65 80 66 13 26 73 35 25 37 42 62 9 59 4 39 8 76 44 
100
57 79 38 52 74 88 81 23 96 81 77 91 90 86 60 59 13 50 35 69 97 100 58 72 52 12 94 11 8 34 55 98 18 29 50 97 25 93 72 30 77 45 59 13 94 2 69 19 4 6 71 75 72 24 44 93 2 44 34 12 64 29 60 9 95 34 16 46 61 18 91 59 11 23 91 44 40 56 52 10 49 29 3 99 98 3 82 4 89 13 56 97 62 67 32 40 39 1 99 65 
100
96 6 95 78 9 77 37 13 3 87 23 26 97 87 82 23 40 66 85 85 25 51 11 97 97 62 26 55 1 43 77 78 12 58 55 40 45 36 76 86 69 49 27 95 60 91 25 33 91 41 45 17 30 37 20 13 75 51 15 95 91 40 47 99 27 82 68 79 30 96 73 15 97 56 71 20 79 31 15 81 98 16 9 95 65 21 31 44 83 74 55 35 48 68 92 42 11 97 2 22 
100
20 45 51 34 63 76 56 97 52 81 17 17 48 39 62 64 28 49 3 18 13 35 65 35 68 74 53 87 82 37 96 26 67 46 19 69 79 47 17 50 73 98 11 67 35 69 3 38 33 38 77 92 9 90 33 87 43 64 45 100 2 80 54 29 31 21 48 67 5 100 60 92 28 90 96 90 46 19 53 91 74 56 64 68 51 10 85 76 57 40 65 43 30 31 73 54 56 88 79 69 
100
49 42 5 74 7 12 61 43 8 25 55 7 53 34 41 77 71 28 98 13 98 79 72 3 18 94 1 66 94 36 88 49 71 26 57 20 41 6 37 53 55 71 78 4 13 70 67 28 49 80 87 47 3 13 99 61 74 37 61 7 34 13 54 69 67 28 84 98 57 98 4 84 10 97 62 60 50 58 63 79 9 66 34 4 38 25 2 64 42 80 10 51 18 18 46 65 93 68 29 61 
100
41 81 8 41 1 62 14 10 95 59 24 9 76 42 35 58 36 73 60 8 26 62 11 22 27 25 91 16 90 85 53 88 8 11 51 50 96 32 63 35 38 89 23 34 68 71 67 9 22 11 18 73 66 80 65 50 58 96 2 30 100 29 43 100 30 3 25 94 11 25 64 50 10 31 52 15 2 35 86 87 54 56 3 72 54 30 32 33 25 72 42 3 68 2 4 48 75 31 35 14 
100
59 82 98 55 91 19 18 87 43 68 95 66 10 92 4 96 22 80 47 75 70 41 76 72 75 21 20 68 11 69 9 4 54 86 52 82 61 99 10 18 45 11 47 50 44 95 84 30 15 54 18 34 7 50 60 40 7 10 42 28 94 66 2 87 1 51 55 48 84 80 83 17 22 24 97 77 22 16 84 80 51 75 79 88 66 25 97 55 98 57 86 93 84 22 31 19 61 27 42 4 
100
89 26 66 71 77 66 34 17 47 65 7 56 67 40 31 65 14 68 91 10 71 45 53 46 86 49 95 93 72 91 82 43 34 13 54 8 53 62 57 33 22 52 42 38 40 53 97 7 6 72 40 68 97 39 11 16 54 59 59 80 48 19 3 19 36 72 28 89 4 97 99 14 97 50 89 92 32 70 71 8 68 73 41 21 50 91 95 5 85 35 58 92 19 55 16 54 12 52 76 49 
100
73 57 64 83 75 95 71 68 69 7 73 39 47 15 81 65 1 29 70 63 72 66 9 74 91 99 50 84 8 6 9 76 4 94 11 52 92 78 81 6 62 95 92 13 59 9 58 21 14 33 68 66 61 96 40 53 47 50 52 71 90 91 28 26 81 26 45 18 96 57 90 28 74 76 88 57 96 25 44 84 97 86 35 20 90 89 6 97 14 85 95 37 96 82 80 100 40 15 77 55 
100
15 86 39 32 71 40 96 7 66 33 36 55 10 2 6 79 97 9 83 46 42 76 74 18 84 62 2 73 65 95 44 85 93 90 88 65 4 100 20 19 18 70 58 97 57 23 75 19 12 75 21 85 50 63 6 88 45 18 93 18 80 52 5 48 11 49 20 52 25 68 90 34 34 40 37 22 94 30 19 54 18 28 81 38 62 38 83 65 70 51 34 25 65 87 41 79 95 2 39 96 
100
34 67 99 39 59 86 41 22 66 99 17 42 39 60 14 91 62 4 56 40 1 21 68 41 97 47 51 94 14 51 78 41 79 86 78 86 81 30 4 22 23 9 94 6 99 83 78 42 58 83 14 46 17 100 16 75 34 14 68 45 53 98 85 15 52 74 9 28 37 90 28 33 2 66 81 23 22 1 9 98 26 45 52 42 58 60 18 81 49 6 88 69 18 20 27 79 97 73 8 48 
100
1 55 93 99 4 20 39 88 20 85 68 23 74 71 7 80 52 40 33 50 55 56 70 29 35 41 49 80 98 3 68 6 55 61 92 5 99 36 39 89 13 77 31 2 19 4 14 40 19 42 2 98 62 16 11 85 10 93 70 51 40 34 41 59 26 11 96 10 37 94 90 54 9 11 97 6 63 98 54 95 83 68 28 90 28 86 22 78 61 75 71 46 5 53 62 86 25 71 54 10 
100
84 73 68 80 12 92 86 96 11 63 10 44 72 30 88 57 51 77 40 71 35 49 64 23 23 91 80 59 34 3 22 42 78 67 8 14 38 23 4 54 20 20 99 24 47 62 29 75 89 23 69 32 87 69 76 18 64 57 66 31 56 44 91 25 42 30 83 29 79 82 9 62 32 1 5 53 18 43 84 8 85 90 84 41 23 64 63 41 54 59 21 89 63 78 22 3 92 27 80 79 
100
88 43 41 84 45 94 83 85 50 64 89 49 83 83 33 87 86 22 51 98 59 8 60 1 7 9 34 12 43 22 12 58 59 43 61 58 1 51 14 16 100 34 7 69 79 98 45 69 72 74 77 24 93 46 24 79 44 41 36 33 17 51 6 2 86 86 96 14 90 19 97 60 70 9 83 41 9 46 8 40 69 38 72 44 75 51 25 16 30 37 56 62 25 53 23 61 55 76 12 11 
100
95 27 53 83 66 69 20 8 53 49 89 75 65 12 13 57 56 24 42 31 13 82 29 85 75 82 87 41 60 25 70 6 4 99 29 77 31 37 3 42 51 81 77 38 48 73 71 7 98 73 88 85 37 4 27 84 72 40 97 17 28 12 80 26 37 19 90 60 8 11 83 19 75 35 79 25 51 53 28 67 52 58 82 24 50 59 39 58 14 44 13 10 82 75 6 35 82 35 72 2 
100
95 85 89 36 53 11 24 21 44 39 36 96 70 11 77 22 88 38 77 55 6 77 45 59 16 56 88 85 51 2 90 46 27 20 12 76 61 8 20 45 56 81 29 86 44 63 40 99 44 15 76 48 40 29 42 8 37 3 40 61 24 82 73 73 92 36 78 8 64 52 38 89 16 37 48 9 22 11 68 50 44 60 33 100 9 38 99 70 29 90 1 34 9 1 68 94 66 8 20 34 
100
32 13 22 46 86 28 67 86 92 55 25 51 22 6 84 3 7 22 66 47 48 36 25 57 78 92 64 9 37 82 4 44 75 80 97 35 32 26 34 8 47 59 46 18 4 45 19 94 68 31 23 30 66 68 40 65 39 46 44 50 73 96 70 6 51 45 47 60 16 23 61 3 61 47 39 60 20 77 69 76 70 97 27 32 43 35 56 34 1 69 37 38 50 55 65 78 74 68 92 6 
100
4 62 83 40 19 46 38 51 37 65 64 5 51 6 98 71 35 29 78 20 62 15 82 24 40 35 22 2 86 57 54 100 99 53 56 66 58 53 36 66 22 82 77 58 85 49 31 26 51 70 17 12 27 61 40 93 60 4 89 2 5 35 52 42 96 2 65 18 88 64 68 6 93 52 39 10 98 81 90 77 33 17 30 89 53 87 47 11 68 93 41 80 14 87 56 37 61 86 14 54 
100
91 43 71 61 13 19 59 53 9 7 69 81 90 8 64 59 70 29 10 88 77 4 70 42 13 5 66 96 77 92 26 36 85 6 20 2 86 27 16 28 38 59 78 33 15 77 69 67 84 91 58 64 100 31 93 7 42 41 59 39 100 66 94 43 32 80 49 38 24 36 67 58 49 56 41 9 46 21 85 44 78 72 38 5 83 43 46 92 93 46 75 6 62 54 85 56 95 11 18 4 
100
23 65 31 91 50 52 75 70 29 100 61 46 32 49 27 33 80 11 84 88 94 6 25 30 3 22 44 22 85 85 21 28 87 35 1 63 5 33 95 15 47 25 77 25 37 90 16 80 41 65 48 31 29 35 50 70 59 36 82 29 4 15 99 70 8 38 1 59 14 16 58 20 79 78 24 62 71 43 22 20 8 47 37 37 30 82 9 27 15 76 80 10 63 17 39 75 86 66 66 30 
100
33 17 84 58 63 41 79 28 9 92 37 71 76 7 24 51 73 91 87 83 89 40 46 64 54 10 30 18 58 27 9 68 58 16 56 20 74 59 81 68 23 48 16 28 77 99 9 12 78 70 32 52 66 71 7 39 29 87 7 63 10 80 5 98 90 49 95 94 28 36 43 17 37 29 40 20 55 99 7 84 66 34 67 90 15 28 64 59 80 93 52 59 71 2 19 35 19 59 32 92 
100
57 84 5 47 11 1 16 10 34 81 58 76 51 13 45 75 50 80 80 93 96 74 81 85 86 21 74 72 83 55 32 27 69 74 14 6 22 49 65 46 50 88 31 67 99 89 25 37 97 55 8 76 63 42 83 5 70 89 67 35 68 53 19 30 80 95 50 91 16 16 38 12 27 55 10 85 16 55 55 20 62 85 55 96 70 79 14 80 46 50 22 42 16 25 92 74 6 83 26 69 
100
58 60 8 77 85 51 94 87 60 70 97 14 55 73 14 62 93 60 9 81 96 11 78 89 93 7 23 62 51 90 54 44 57 83 54 40 44 84 68 12 37 100 33 49 39 20 40 81 17 28 13 80 31 54 99 62 41 42 18 86 19 76 81 65 3 14 1 42 28 29 28 28 1 59 67 24 53 47 66 77 8 80 1 38 66 49 70 23 75 84 34 70 71 13 24 55 54 73 29 93 
100
94 28 97 56 95 88 80 88 11 16 44 27 96 32 78 38 71 37 7 75 66 39 9 23 93 24 23 66 100 60 97 12 52 15 19 79 59 23 20 12 56 19 49 74 43 95 47 48 41 69 82 7 84 36 11 88 34 50 37 3 87 23 78 24 59 99 63 29 93 68 10 56 80 54 22 10 71 7 61 76 44 51 41 90 96 50 20 89 47 91 46 41 97 9 79 63 72 40 13 18 
100
76 83 38 12 75 11 86 56 91 46 24 19 28 1 75 20 62 75 87 43 6 55 55 92 76 43 17 32 46 14 76 95 55 39 30 69 29 12 30 19 3 17 19 96 41 96 62 89 86 61 40 97 5 54 92 1 51 57 39 27 20 97 41 87 3 61 63 34 83 71 66 31 75 24 55 72 31 72 78 26 32 65 76 79 79 63 4 7 50 31 14 68 92 32 51 15 49 93 56 56 
100
3 20 29 73 50 31 55 34 95 73 65 34 49 55 71 2 55 67 8 66 53 9 74 76 9 64 39 74 25 31 79 14 30 1 67 47 90 66 72 62 63 51 72 10 79 59 56 17 7 18 99 38 80 50 30 39 51 13 53 96 95 31 40 76 36 64 65 4 30 64 69 72 32 25 46 72 75 69 4 60 66 64 38 4 3 20 19 87 57 91 56 5 36 60 12 46 46 67 23 65 
100
75 14 51 61 83 16 80 34 30 72 98 95 96 69 13 31 38 41 88 90 9 26 36 54 6 96 47 9 22 76 56 96 3 24 74 56 42 8 61 96 30 29 43 79 69 56 27 80 49 42 18 91 42 1 14 78 74 77 56 80 38 16 65 88 7 58 77 77 43 93 83 28 64 4 70 99 45 7 8 29 1 18 100 75 24 25 26 45 53 40 84 67 48 30 5 73 71 40 64 25 
100
4 75 10 100 65 29 85 72 88 12 13 13 48 75 59 8 84 95 19 68 94 45 94 59 18 8 21 16 80 93 73 27 55 5 43 64 16 76 53 4 7 24 10 25 43 67 34 96 84 28 26 34 100 55 67 26 55 60 73 68 8 14 97 11 59 17 94 46 40 44 24 94 56 55 98 15 91 71 86 71 49 51 99 67 77 91 6 27 7 51 32 9 28 3 71 25 32 29 98 64 
100
63 86 62 51 32 68 38 58 86 67 55 56 35 95 5 75 24 38 48 55 77 1 6 60 69 16 28 6 86 38 64 22 4 66 10 97 91 44 26 62 78 91 44 51 63 7 40 7 25 86 85 80 15 46 73 20 94 81 47 33 76 35 67 2 87 4 25 15 26 76 61 68 57 43 82 100 79 40 21 39 79 83 92 69 12 34 22 25 18 17 62 7 12 86 68 78 68 80 90 89 
100
79 6 83 58 61 30 16 24 45 6 88 29 72 51 62 19 12 56 24 52 55 70 29 67 45 49 78 53 67 81 10 84 88 94 45 51 29 21 27 82 3 25 92 27 91 48 6 49 47 29 20 52 16 26 46 41 32 61 6 16 36 13 61 87 44 6 23 36 89 92 98 18 11 80 74 12 69 8 69 79 10 29 25 13 5 2 54 85 55 2 60 85 79 30 94 86 22 16 16 47 
100
25 83 54 4 60 13 29 57 32 17 6 53 23 32 65 60 74 14 36 52 67 68 83 74 56 1 74 89 56 18 89 51 61 86 83 9 94 70 38 48 5 80 94 8 67 30 48 51 23 77 89 13 56 63 84 79 63 6 92 5 29 90 85 1 69 4 40 73 92 60 97 79 8 44 40 11 74 66 56 81 100 37 40 81 63 50 46 15 93 32 69 14 53 1 21 24 69 59 10 78 
100
100 59 21 22 17 83 73 6 9 58 82 27 1 84 71 54 62 6 22 50 44 73 36 26 60 2 76 100 33 17 92 34 97 86 54 19 1 23 85 34 94 16 5 99 62 19 6 62 47 63 43 28 97 87 50 7 58 31 11 73 69 67 19 44 11 35 10 12 10 97 39 66 43 17 54 40 71 58 26 77 80 61 10 30 1 39 90 84 67 2 10 36 45 44 30 41 70 100 14 29 
100
66 49 36 50 70 52 64 38 64 20 91 89 47 52 35 15 78 1 57 30 99 20 64 60 14 10 98 35 94 42 89 64 19 87 79 31 85 71 57 2 78 43 32 40 14 47 65 83 14 60 31 3 58 29 50 57 26 67 14 88 60 69 96 15 75 22 9 76 47 20 41 31 27 13 2 45 55 20 60 67 88 10 51 89 48 97 15 60 42 40 95 84 74 9 98 58 37 80 73 45 
100
56 20 53 57 1 31 68 65 81 45 66 33 15 1 82 24 30 31 72 100 55 61 21 90 5 45 61 47 1 39 60 83 59 43 49 57 10 5 35 79 56 63 28 92 29 94 15 3 90 21 12 33 59 14 51 62 14 27 29 32 58 92 14 8 58 77 92 70 28 58 14 59 32 78 85 13 37 65 63 22 81 45 92 60 100 55 62 84 7 1 67 84 2 43 58 39 96 6 39 92 
100
65 16 46 70 73 37 87 30 59 42 53 13 48 60 100 52 13 35 53 41 90 84 67 68 24 99 33 13 65 89 97 40 95 65 47 38 31 13 54 90 55 64 46 89 73 70 31 25 38 75 49 36 61 91 32 35 4 86 6 64 53 87 67 21 69 10 96 6 50 83 35 34 37 85 66 36 50 42 70 28 2 3 93 53 22 16 51 57 78 74 62 3 93 16 4 71 43 51 98 23 
100
78 85 94 89 53 11 8 45 6 98 60 92 39 3 50 85 16 37 67 6 75 56 12 26 67 16 41 71 21 52 80 35 63 55 22 3 11 59 44 29 21 76 18 81 76 23 64 74 82 60 17 83 17 32 89 22 100 19 42 19 51 45 95 65 90 63 31 24 12 8 68 86 22 73 43 47 37 14 38 87 10 91 41 67 25 58 93 6 72 24 74 70 37 61 6 37 97 59 3 33 
100
46 44 37 95 91 37 92 79 86 46 9 85 39 50 6 78 23 1 99 23 8 97 90 41 11 93 10 40 69 25 92 81 6 17 46 85 35 40 100 40 43 37 24 42 45 71 57 73 28 86 51 11 66 100 13 98 77 49 75 5 91 39 26 72 41 33 96 3 34 93 76 87 29 28 64 1 12 84 5 83 50 49 74 44 24 5 36 36 59 85 36 52 81 89 54 27 73 50 18 81 
100
44 86 56 2 46 98 24 55 16 39 82 84 51 86 56 22 32 10 22 87 6 33 93 78 69 89 91 69 100 96 14 95 29 9 79 71 99 65 21 58 25 90 2 81 37 49 52 83 64 58 8 12 32 12 35 22 30 94 34 38 40 61 57 2 2 11 74 38 57 79 2 73 15 54 35 65 62 58 59 1 19 100 1 66 78 23 14 96 23 67 99 23 79 36 42 89 5 51 36 49 
100
54 17 24 77 3 54 33 56 77 24 21 31 49 5 90 25 17 62 2 9 70 1 21 87 88 68 33 85 51 55 26 30 4 55 31 52 47 80 69 23 30 40 73 70 53 93 67 10 15 89 89 43 30 24 5 30 35 70 24 88 41 45 91 93 41 37 18 41 56 22 86 1 60 94 11 41 85 4 63 24 94 28 50 77 15 92 30 40 44 70 72 56 9 14 32 24 63 55 18 88 
100
47 33 54 70 13 38 8 52 36 78 71 3 73 2 23 12 29 4 53 38 22 91 60 57 52 6 89 13 100 24 86 18 66 25 54 90 28 84 8 47 42 10 58 20 7 49 68 46 72 38 42 31 87 79 42 1 67 81 13 16 54 5 87 86 67 22 100 66 41 47 22 63 47 21 65 26 62 67 75 42 48 60 96 100 99 32 98 42 33 7 76 79 92 82 20 36 49 52 72 69 
100
32 8 95 55 40 79 56 13 89 65 85 25 53 15 31 28 60 55 69 60 29 99 36 36 6 87 2 97 3 6 22 72 78 59 78 28 39 68 14 53 48 59 36 73 28 38 84 11 67 76 83 61 93 6 50 54 12 16 21 28 75 89 29 22 57 44 60 9 29 72 43 59 31 68 76 24 59 47 19 49 28 63 23 3 4 65 69 90 90 72 28 73 48 53 85 3 42 75 89 14 
100
38 42 68 18 86 34 73 42 91 44 19 71 83 56 14 17 74 29 51 67 56 77 20 12 66 74 11 79 97 63 88 95 35 35 45 11 9 51 70 13 57 63 37 80 77 2 79 72 35 65 32 57 78 97 84 10 53 28 47 63 99 38 57 93 42 75 41 1 44 16 83 79 31 26 53 24 52 10 87 67 95 48 69 20 72 21 57 66 41 46 56 34 98 86 14 67 73 82 1 76 
100
71 45 97 8 95 34 9 84 90 88 58 94 78 53 46 37 51 84 82 17 58 81 75 16 16 100 48 81 38 100 36 24 83 61 72 90 23 78 84 23 29 20 99 69 88 73 58 87 17 44 32 26 24 37 7 66 99 31 70 68 51 73 35 58 50 2 35 67 89 32 64 37 43 34 82 5 33 60 82 70 79 11 90 45 59 34 29 23 61 53 70 50 67 100 10 73 10 46 43 3 
100
8 58 62 63 19 69 52 33 25 78 53 35 86 2 77 54 83 96 96 63 97 80 44 38 86 2 84 9 29 2 63 4 48 89 69 12 72 87 25 81 9 38 100 1 84 57 77 38 57 98 25 95 54 45 81 73 63 51 17 27 37 78 96 8 16 13 42 40 28 94 88 66 83 30 6 32 71 56 45 88 91 98 64 61 78 92 68 77 96 31 31 86 100 89 57 38 74 26 4 36 
100
2 15 58 19 53 32 32 21 89 51 58 100 95 34 76 44 12 21 91 65 24 85 67 66 32 73 87 47 29 87 68 63 10 25 11 68 97 97 58 43 32 97 15 47 71 31 45 97 92 96 83 82 39 19 52 92 44 12 2 30 29 18 97 25 12 22 2 38 13 29 91 18 79 15 45 40 21 57 41 22 2 84 62 3 86 39 20 67 95 99 77 55 30 41 40 14 20 52 59 60 
100
87 95 51 87 10 33 87 63 39 39 37 54 78 14 68 96 39 18 83 35 51 50 21 38 29 41 69 59 90 72 83 74 1 29 44 32 65 35 6 1 27 75 88 2 96 22 57 53 39 88 78 12 51 25 57 72 60 66 71 55 18 54 38 93 82 53 83 80 12 69 46 57 20 59 72 16 33 12 60 59 54 89 57 63 55 48 42 88 16 15 3 54 9 22 71 64 57 68 67 16 
100
75 86 14 35 10 52 29 38 55 40 81 33 21 12 99 27 55 58 43 90 94 62 100 29 53 68 43 19 8 26 98 82 26 56 39 55 81 74 32 80 39 22 93 75 2 78 100 37 95 48 49 83 12 73 67 43 47 83 41 87 46 42 72 53 85 97 76 46 17 100 73 93 2 81 48 66 18 47 38 96 67 18 32 94 63 85 79 37 36 24 70 54 43 94 90 74 12 46 2 43 
100
98 72 67 69 50 6 53 33 94 99 98 56 60 36 19 43 20 86 85 89 46 59 61 23 63 52 84 35 15 94 12 35 96 36 91 76 53 89 61 72 33 22 55 45 52 22 22 27 62 27 61 69 67 12 63 3 66 65 1 10 11 43 27 37 87 93 4 70 5 90 27 80 42 59 87 32 28 7 26 81 52 22 94 25 25 67 8 8 61 33 17 59 98 55 86 53 39 15 39 44 
100
72 64 36 72 91 16 54 56 17 80 79 21 12 93 96 83 2 15 79 25 2 68 78 16 73 99 54 15 16 74 87 26 97 40 95 60 71 11 41 9 41 45 4 56 9 17 4 69 73 9 1 26 94 86 98 11 97 59 67 48 43 1 29 18 79 3 33 37 38 13 48 8 78 62 50 21 55 30 82 26 2 13 9 72 30 62 61 56 4 67 32 7 70 45 57 18 16 35 46 69 
100
87 62 98 52 38 51 33 40 58 88 58 91 60 51 68 58 60 93 88 41 92 31 74 28 2 59 82 49 99 96 9 31 64 45 88 77 91 31 44 65 22 94 26 91 13 95 53 56 26 23 50 44 48 54 44 40 52 57 44 32 12 96 62 4 60 16 85 56 4 56 35 41 51 14 17 70 24 97 73 35 66 8 61 80 60 1 19 94 19 51 57 58 91 97 75 78 60 37 30 48 
100
72 8 51 39 45 26 73 76 49 96 4 86 18 20 38 50 3 56 86 34 98 83 46 55 16 41 81 12 2 33 34 33 17 4 96 72 100 67 14 78 96 5 97 93 8 74 35 33 63 51 66 89 35 87 18 43 23 6 43 50 63 80 82 91 38 56 41 34 8 33 26 35 66 44 64 17 78 11 68 45 19 82 47 22 21 68 91 71 37 93 87 29 75 13 82 35 27 83 91 51 
100
61 75 22 88 53 89 55 61 99 27 80 35 39 52 84 73 43 82 73 74 68 57 69 16 15 42 53 48 40 31 14 91 96 11 85 11 58 23 79 9 91 26 84 85 47 83 13 22 39 1 73 69 49 76 14 8 97 69 4 15 65 90 49 93 95 59 68 70 26 52 75 73 78 20 20 26 7 41 92 42 92 97 39 6 45 60 18 91 98 63 2 95 95 61 12 93 44 8 98 9 
100
91 26 45 62 80 76 35 47 84 11 38 20 30 13 30 31 10 54 48 91 83 52 88 80 16 60 96 55 9 98 29 50 43 10 25 15 5 40 13 98 40 32 2 1 77 47 83 60 62 2 93 56 15 76 77 54 9 2 53 83 76 81 69 19 12 80 12 97 69 38 8 46 28 66 6 44 14 97 97 91 55 12 72 72 45 22 62 34 62 33 14 58 64 64 71 4 88 19 82 15 
100
80 83 85 95 61 15 82 1 51 40 61 30 95 87 14 69 91 56 94 11 52 27 36 52 84 68 99 91 85 21 78 61 42 74 3 94 29 4 55 56 57 39 14 92 28 61 70 50 4 32 59 25 53 97 82 63 10 77 36 50 85 40 65 55 8 89 59 62 94 61 1 90 48 36 85 90 56 8 29 60 76 87 58 45 83 51 61 33 53 83 39 80 59 33 38 14 76 2 56 63 
100
38 82 79 98 85 73 22 19 74 25 35 70 62 93 9 22 12 100 80 81 69 74 35 66 75 80 2 73 40 7 100 90 15 7 70 68 70 55 80 99 70 8 7 44 56 97 20 36 58 82 80 68 10 66 33 79 45 5 88 64 90 94 71 18 3 95 69 85 17 38 4 99 84 72 94 74 97 1 98 16 32 79 81 81 36 22 100 23 29 47 53 100 24 75 78 63 44 67 5 48 
100
16 2 97 13 100 43 55 41 26 19 40 61 46 92 58 96 91 19 89 35 43 60 29 20 20 68 41 25 73 51 17 49 69 74 48 76 50 87 83 56 21 20 58 15 99 25 20 21 23 93 60 89 31 54 7 64 64 91 11 33 14 31 78 69 27 48 4 97 14 97 85 72 15 36 83 98 1 42 90 57 80 92 4 47 5 42 55 41 87 90 5 55 47 55 20 15 21 18 98 30 
100
16 77 90 68 88 54 67 75 47 75 21 23 47 19 82 49 13 3 22 49 65 99 18 41 92 74 50 87 49 45 13 58 85 79 53 8 73 28 91 81 41 55 80 35 58 36 29 70 96 31 20 79 21 31 11 21 21 54 56 9 38 53 34 1 27 70 100 96 28 12 55 49 72 75 64 94 59 21 50 18 100 64 81 40 25 89 72 70 50 21 40 2 76 66 41 12 71 79 20 21 
100
78 27 82 90 26 39 37 27 64 99 16 89 66 16 63 46 100 59 8 92 47 4 75 9 43 71 49 26 74 38 91 94 44 45 61 48 96 11 34 46 15 74 80 16 79 41 1 72 2 11 39 24 69 98 64 19 11 65 47 15 94 43 97 23 33 62 55 47 62 11 59 64 26 38 18 14 17 71 89 47 48 90 26 85 74 9 69 43 56 4 82 84 45 54 5 48 56 13 9 64 
100
13 74 97 4 27 50 9 27 22 88 55 73 96 100 41 88 15 91 86 85 99 56 91 28 30 75 96 90 71 12 75 42 19 85 100 90 81 87 73 36 13 91 41 45 47 45 75 63 1 17 76 81 2 93 69 67 88 33 30 61 77 69 36 61 57 52 91 23 51 30 4 63 18 23 64 80 53 100 93 52 22 71 75 52 78 54 93 66 81 13 26 95 30 61 49 46 56 35 15 42 
100
55 60 99 59 52 5 67 88 19 95 91 51 24 89 86 53 44 29 51 64 48 7 88 74 74 71 25 96 75 46 96 67 52 84 45 57 41 49 7 68 83 64 72 62 5 71 42 24 50 20 62 33 29 59 93 57 100 41 20 43 29 16 13 54 42 5 40 27 92 47 67 92 95 4 68 59 99 20 94 90 58 92 15 45 16 89 77 37 7 25 56 64 36 87 30 48 29 38 52 76 
100
21 78 1 29 85 79 40 57 41 13 11 2 10 65 65 97 37 8 59 41 80 85 11 57 7 49 88 24 17 16 86 89 88 99 81 66 95 92 56 57 67 18 88 8 60 22 45 64 76 1 76 85 96 87 57 73 42 15 87 91 98 19 58 45 93 19 64 87 12 37 19 38 57 79 42 37 50 5 58 15 69 56 87 17 95 68 71 25 97 97 98 88 21 47 3 48 45 3 66 8 
100
7 84 94 12 35 84 65 44 26 56 81 44 84 21 69 74 1 59 65 79 72 22 34 47 68 100 85 86 38 78 78 26 14 82 28 83 73 44 8 77 75 96 57 98 98 100 82 15 95 74 58 26 11 28 55 32 80 45 34 92 69 35 17 33 100 35 30 88 95 73 3 69 29 85 11 82 73 12 49 92 91 7 6 39 10 5 51 88 90 55 60 77 30 21 14 39 93 63 36 46 
100
65 41 16 26 24 54 83 54 86 87 58 42 15 31 31 32 9 54 97 94 80 62 31 81 14 33 26 98 5 25 5 58 99 37 60 55 84 93 28 1 42 7 39 36 77 74 66 56 100 95 23 22 28 10 52 85 3 99 89 45 56 14 13 15 53 92 90 85 41 92 87 47 55 65 73 26 95 76 42 28 7 43 38 17 4 47 94 56 35 83 98 4 50 19 61 33 96 72 20 38 
100
15 12 63 49 83 16 83 57 75 28 81 26 71 36 73 66 86 88 94 86 37 25 25 84 99 37 77 28 70 83 90 9 30 73 37 42 77 26 90 88 23 35 99 45 14 60 81 37 89 3 24 16 88 68 23 20 60 83 100 33 32 42 17 86 47 91 60 2 32 17 61 87 98 18 25 17 18 20 33 34 81 66 63 57 62 62 4 89 31 76 51 79 83 81 89 42 80 57 49 89 
100
58 22 14 95 96 47 15 7 93 20 26 46 18 22 72 57 30 21 55 45 57 39 66 22 9 92 53 84 90 56 52 96 42 81 9 34 17 2 36 74 21 83 79 92 11 18 78 60 60 62 89 86 95 17 47 63 64 23 98 92 38 52 36 6 76 98 59 19 49 81 41 98 4 39 29 29 18 60 86 35 64 72 33 44 31 6 45 73 83 29 15 51 22 5 34 76 100 33 64 87 
100
88 86 41 4 16 70 92 52 38 70 20 29 10 41 52 69 51 14 98 68 98 31 33 60 52 83 53 57 98 53 83 76 22 27 33 46 8 81 43 29 80 17 23 91 98 11 70 63 45 53 87 48 36 57 91 11 67 70 86 21 98 87 9 93 31 26 76 15 44 72 99 72 78 41 59 40 88 51 74 62 99 98 59 42 43 87 62 93 14 1 72 40 84 28 98 38 99 11 3 80 
100
20 11 75 78 29 90 25 28 80 21 97 20 40 42 35 65 34 77 82 5 87 33 48 19 80 17 28 96 6 28 70 55 88 26 28 74 77 16 29 3 30 57 74 47 40 21 6 22 37 70 54 43 25 74 1 33 11 73 58 78 81 72 52 79 48 48 25 25 7 34 98 42 22 39 70 18 26 95 33 92 16 40 66 92 12 40 61 55 91 55 10 45 86 50 6 85 36 74 59 69 
100
49 61 45 100 65 66 68 62 76 28 55 99 95 5 24 14 28 63 57 83 37 86 81 15 99 79 43 23 52 8 45 96 41 89 94 77 33 95 81 22 97 35 77 43 87 98 93 60 57 26 59 7 18 55 90 74 78 43 64 4 24 6 73 22 5 6 39 6 72 86 36 34 61 6 31 65 98 14 80 7 71 79 3 7 88 58 21 22 93 26 28 97 97 100 96 93 67 16 7 90 
100
60 71 82 74 77 27 60 88 41 59 55 29 42 76 36 25 61 51 96 89 98 67 76 20 93 13 44 95 49 74 36 89 31 30 47 99 99 51 97 68 69 87 98 73 46 81 99 11 36 93 45 61 55 31 68 24 41 42 73 95 69 6 95 76 12 58 22 96 32 90 29 94 28 71 86 75 43 76 32 36 56 62 20 85 67 79 79 85 22 87 2 2 94 38 15 22 74 4 28 90 
100
32 11 25 45 24 95 43 60 54 92 10 61 83 84 50 58 78 84 13 32 98 4 84 51 32 63 5 31 91 32 96 91 100 44 24 29 99 95 80 79 29 68 21 29 56 8 43 3 40 33 95 60 99 17 35 58 95 76 44 36 30 66 95 37 74 23 35 91 47 67 30 25 34 61 94 16 11 25 62 28 97 17 73 1 36 98 38 40 87 35 85 99 55 86 100 16 4 53 94 58 
100
2 26 32 68 19 87 57 39 40 61 51 85 89 35 14 87 64 38 53 75 12 10 51 43 82 32 20 26 24 33 48 94 54 29 71 18 38 62 69 36 79 70 80 99 52 4 59 67 53 86 25 1 66 75 39 41 63 47 35 25 72 37 30 96 86 64 34 62 37 69 67 98 12 94 78 33 22 92 72 33 54 98 54 74 49 67 65 23 6 52 84 36 31 88 31 47 78 67 38 37 
100
62 50 50 86 59 15 16 88 31 79 28 55 23 90 11 33 57 29 68 44 63 55 91 32 80 17 28 63 50 26 71 94 100 51 95 98 8 30 16 38 11 57 35 95 52 85 1 10 23 20 61 96 87 40 2 4 49 73 52 44 82 48 92 85 99 89 98 69 71 94 30 62 31 77 26 44 97 25 47 61 37 99 23 12 16 90 26 40 5 64 28 23 94 51 37 39 83 28 78 67 
100
73 85 87 49 17 45 49 83 46 92 82 47 32 96 11 91 99 3 98 13 80 41 31 27 50 5 56 15 43 91 75 1 28 21 87 93 87 75 75 14 43 99 34 39 45 37 52 42 25 37 32 14 78 38 26 49 66 99 74 69 54 76 50 50 2 35 89 57 51 48 41 43 72 54 78 1 46 66 43 79 76 57 48 39 23 81 93 35 51 64 42 77 97 73 95 38 1 79 90 1 
100
35 51 70 50 26 80 27 94 13 37 8 28 94 31 51 4 23 63 23 56 15 66 74 12 37 39 5 26 83 53 1 5 33 34 43 42 71 15 12 93 65 61 82 81 49 50 21 18 86 36 1 65 59 11 14 73 98 90 69 49 54 72 55 54 67 47 72 71 96 41 82 66 21 53 37 24 79 8 93 16 69 60 58 56 40 12 75 44 96 54 83 83 64 62 3 100 80 3 88 73 
100
22 63 8 78 47 50 54 19 99 51 87 30 70 7 23 52 100 13 41 2 100 6 66 37 60 97 34 29 76 82 92 13 24 89 95 51 58 36 45 73 37 44 45 65 38 96 75 17 41 90 71 46 12 4 62 6 86 74 92 71 51 64 55 46 17 91 54 20 6 11 86 71 4 63 25 64 22 72 79 44 97 3 42 21 89 90 40 18 30 97 96 37 97 45 77 56 19 44 30 34 
100
51 30 27 80 18 36 7 55 12 35 23 59 62 3 49 41 96 81 88 81 40 69 91 76 10 72 28 11 41 85 27 35 45 62 51 4 94 98 52 51 2 89 98 33 23 7 25 76 23 96 9 44 88 20 44 59 74 10 46 24 38 66 32 50 40 88 44 35 36 7 27 95 70 97 36 99 60 47 9 57 76 21 96 42 18 20 44 54 73 83 35 35 76 95 54 40 76 42 74 98 
100
53 69 41 19 2 97 39 55 5 7 62 69 94 42 88 88 2 62 94 57 91 15 44 54 2 32 12 43 54 60 87 96 43 97 58 40 33 7 16 4 30 35 32 19 69 61 22 81 64 42 27 49 8 54 17 3 68 1 63 41 8 12 32 22 7 27 17 5 35 36 70 59 63 78 22 3 40 88 42 57 80 24 98 49 49 87 33 21 66 45 70 54 27 48 56 2 37 90 87 50 
100
84 28 11 95 72 10 16 2 97 35 11 28 27 63 80 61 76 88 96 37 44 49 30 12 96 54 52 50 38 83 51 39 48 55 19 32 73 49 20 31 67 44 25 55 55 92 25 62 75 15 76 5 90 25 58 9 45 100 7 58 84 67 18 29 95 28 7 78 34 32 99 86 30 90 50 69 90 47 44 79 96 93 58 79 97 29 91 61 100 39 11 4 25 4 68 3 93 45 99 66 
100
59 42 64 99 66 76 59 46 82 24 78 16 13 65 17 87 43 89 33 14 87 14 36 58 35 67 52 90 98 80 50 27 65 97 77 91 96 3 19 95 49 79 94 54 76 25 35 96 9 32 67 54 28 43 79 64 48 87 86 37 70 98 85 9 46 47 30 13 86 43 51 99 37 16 73 24 51 79 72 98 32 47 98 97 90 44 52 52 42 18 75 84 65 46 91 9 11 65 84 50 
100
53 15 62 82 48 66 71 30 37 92 9 77 22 42 45 1 89 94 86 44 39 54 83 11 31 58 37 98 9 31 79 72 65 9 70 60 85 10 15 12 86 84 46 58 65 73 57 52 84 33 94 87 62 8 45 75 77 52 66 88 78 85 18 85 31 15 67 74 32 36 5 99 42 99 10 40 67 60 50 17 89 13 55 22 31 4 26 71 37 21 83 24 16 31 30 29 9 86 70 4 
100
41 100 14 99 49 69 98 59 6 79 11 13 59 37 22 68 6 22 58 67 61 9 24 37 10 64 66 74 49 38 23 4 92 14 86 58 51 97 73 31 37 17 4 71 94 79 14 73 99 49 44 40 83 80 40 83 48 61 95 34 5 91 77 32 25 93 32 54 84 100 80 21 67 27 66 23 90 5 28 34 70 38 56 73 41 94 7 67 9 2 16 49 27 77 65 59 16 14 93 54 
100
84 50 26 60 10 57 97 21 4 60 84 65 27 2 47 50 22 74 22 64 75 15 46 89 10 79 90 5 1 73 28 98 79 23 100 77 61 35 76 18 18 36 21 80 18 98 41 44 97 18 13 98 21 100 69 76 37 6 33 23 52 14 18 27 1 11 6 79 28 72 100 85 81 88 48 75 39 65 21 46 4 8 60 61 23 60 44 97 58 14 86 40 93 49 15 4 27 61 67 10 
100
51 18 92 86 22 30 48 69 99 86 8 40 6 48 29 94 97 17 7 85 52 75 68 81 45 85 42 30 75 30 88 94 26 55 93 74 31 84 78 26 76 4 33 42 31 60 11 12 15 33 12 7 51 65 15 96 18 60 95 87 63 95 40 96 46 88 23 20 33 31 57 86 20 32 53 65 95 15 12 24 38 97 76 7 87 19 49 19 82 48 47 97 9 25 60 55 93 37 61 100 
100
65 23 94 38 9 78 51 36 14 88 53 64 28 48 58 69 84 82 99 82 43 50 38 67 31 7 67 12 56 17 20 59 46 47 5 41 85 18 81 32 92 76 45 54 38 48 68 66 66 70 76 79 59 21 75 34 27 44 50 25 11 66 23 84 91 77 29 87 22 92 56 60 41 27 100 6 81 99 50 89 6 91 49 8 32 23 99 69 15 31 17 40 43 70 31 39 78 75 34 21 
100
54 35 82 100 22 1 24 59 47 22 17 83 14 69 77 41 16 78 10 28 42 93 95 1 22 30 15 81 18 74 58 97 96 9 67 84 29 21 75 32 98 53 61 66 55 44 26 36 58 23 91 60 12 98 32 14 70 58 68 1 75 66 54 30 27 16 6 21 11 65 93 44 20 76 25 92 94 7 44 39 98 94 82 32 17 30 17 85 57 22 9 63 5 43 53 93 9 85 4 50 
100
21 15 43 80 59 43 98 53 33 59 92 25 83 95 12 8 53 32 34 10 97 97 83 75 64 64 9 12 13 91 100 3 41 28 52 78 97 9 75 63 29 64 66 59 47 90 77 84 16 10 6 43 5 28 94 38 4 55 42 42 91 28 43 93 69 4 25 50 80 95 85 92 35 94 65 88 29 38 40 37 86 74 22 50 89 55 25 63 77 30 1 20 63 46 61 59 40 14 94 86 
100
35 25 63 32 98 80 78 92 10 33 86 82 51 93 94 18 52 90 36 23 31 82 50 73 77 2 53 37 77 80 94 76 94 87 82 97 57 16 9 35 64 1 22 68 95 99 53 24 4 97 5 48 2 55 80 53 90 64 40 44 74 40 58 31 29 29 78 61 10 96 24 22 72 46 85 21 90 32 55 23 36 4 26 28 38 48 3 4 44 64 61 70 50 87 69 52 68 98 58 67 
100
96 81 30 28 6 26 75 15 73 87 81 7 52 38 19 71 24 39 1 7 88 82 81 10 81 77 92 26 79 68 6 92 95 91 37 77 35 4 67 50 2 77 31 56 45 100 81 76 90 86 28 13 66 21 83 77 39 70 15 73 78 57 32 47 95 5 94 26 21 11 1 9 55 70 20 83 1 90 23 19 74 30 8 26 23 34 80 73 88 89 41 93 29 98 97 40 72 61 8 6 
100
29 28 59 60 94 42 49 75 13 76 86 20 94 63 94 71 85 85 99 85 92 67 2 27 1 82 16 91 2 5 15 89 76 51 70 7 89 85 26 25 57 74 78 23 84 36 5 67 46 2 89 38 15 96 100 94 40 23 43 33 57 38 25 84 9 36 1 90 86 87 37 35 26 19 70 77 7 59 34 54 77 65 78 30 13 76 48 54 3 67 74 5 9 36 8 82 39 42 86 34 
100
55 3 1 11 86 100 79 90 34 50 93 21 9 69 53 7 42 19 57 100 99 91 74 100 75 67 20 3 64 55 81 47 91 6 36 41 18 21 12 16 83 94 21 31 68 67 39 45 7 45 80 7 18 79 79 84 17 62 30 8 79 89 11 67 50 16 3 79 43 42 30 41 17 27 23 88 73 23 71 99 50 29 64 79 14 67 92 67 44 23 85 44 84 1 76 72 72 65 21 91 
100
32 75 45 44 40 97 78 76 44 53 10 13 68 60 63 65 65 51 46 85 73 48 55 87 62 78 51 17 9 44 91 5 92 8 40 26 60 64 43 16 41 45 35 59 62 86 9 96 25 42 84 12 42 2 13 97 11 46 76 7 97 15 76 47 49 20 83 34 77 39 90 15 80 39 55 10 62 67 59 28 21 5 87 54 13 52 81 71 10 16 21 8 76 28 17 15 2 60 7 80 
100
95 59 6 58 17 74 50 4 6 63 93 66 89 20 42 59 32 40 39 92 43 67 15 95 78 8 29 56 59 92 20 36 6 100 19 20 56 67 59 76 81 9 98 36 5 27 70 97 45 92 35 29 91 44 25 61 35 43 93 95 76 24 93 43 6 62 62 9 57 38 6 87 62 30 55 9 1 14 59 82 39 17 48 25 24 87 81 88 28 60 17 35 49 83 27 76 40 96 99 13 
100
8 63 37 91 79 26 99 34 45 88 64 13 58 28 74 68 15 51 31 43 79 69 28 20 26 11 41 99 82 24 9 65 18 25 57 15 3 5 43 93 61 67 17 15 34 34 30 22 36 18 4 78 65 72 70 74 99 90 84 65 30 64 53 68 65 26 13 36 58 75 23 5 13 21 80 55 99 70 60 92 56 98 92 30 51 42 73 66 12 33 64 45 54 97 3 74 50 20 50 53 
100
60 3 98 83 13 31 70 77 85 18 23 73 33 36 70 62 51 3 23 39 53 48 72 11 40 71 9 60 6 68 55 50 21 35 44 49 29 44 38 65 16 84 56 73 81 76 23 34 83 91 88 22 54 54 13 16 50 30 42 89 63 54 78 47 57 1 66 41 18 18 2 96 12 62 66 61 54 18 66 83 6 1 53 77 44 93 18 39 70 89 92 57 7 49 44 57 25 6 84 59 
100
26 51 2 61 1 25 30 68 58 77 32 80 71 95 73 58 57 47 87 48 11 69 72 5 13 63 92 15 23 10 41 89 14 72 55 1 91 48 95 74 92 83 76 85 88 35 89 97 63 21 46 4 88 50 73 40 4 34 42 98 8 28 58 17 75 5 45 30 51 65 86 84 52 6 75 86 4 38 49 8 84 27 45 86 63 16 52 18 2 27 40 56 80 93 71 99 3 50 23 67 
