100
100
85 8 92 21 25 72 33 87 81 24 95 74 83 68 47 59 67 87 91 39 98 49 95 82 6 27 73 67 28 75 32 21 81 26 45 97 33 25 22 8 9 15 55 3 56 43 38 51 29 64 2 74 11 42 47 43 24 23 92 56 14 87 45 66 91 96 35 93 75 73 45 82 48 64 28 97 17 66 98 31 20 33 2 52 53 65 63 76 10 76 3 58 36 39 94 18 37 6 11 79 
100
44 82 78 100 66 4 87 93 31 28 18 76 12 48 76 49 41 18 76 81 10 33 65 50 82 47 83 31 45 70 41 29 63 68 78 83 27 80 34 14 52 35 19 56 77 63 75 70 28 49 49 47 98 29 19 42 33 46 50 83 41 39 12 91 15 25 65 86 87 33 41 12 29 45 36 22 83 95 32 53 21 74 63 1 77 27 29 40 59 29 84 49 39 80 44 87 78 95 34 49 
100
51 34 7 88 75 31 42 6 2 67 46 81 67 16 33 43 42 88 62 28 98 92 24 34 2 82 74 43 27 76 2 40 69 46 97 9 76 69 69 37 51 65 86 3 20 60 29 21 55 40 30 64 12 99 56 65 46 81 58 10 81 34 4 28 42 48 42 83 90 3 20 62 76 83 52 17 15 94 51 56 7 15 54 10 27 66 100 74 83 29 28 25 62 38 9 100 67 33 63 63 
100
99 33 28 78 51 70 55 50 4 70 25 15 42 100 86 2 97 24 49 66 9 21 82 3 81 19 92 36 78 45 88 76 45 58 36 47 14 46 31 19 67 47 40 91 4 61 38 54 48 11 59 27 36 86 47 100 54 23 62 97 25 44 68 78 67 55 25 87 31 27 98 11 40 3 66 7 25 44 96 76 79 17 69 36 56 49 61 56 33 40 95 78 38 94 36 70 93 96 82 85 
100
36 49 77 66 7 56 83 79 45 82 83 3 2 59 75 2 69 92 48 44 26 83 38 63 55 14 79 86 7 21 28 74 87 95 79 96 96 51 11 59 45 47 25 68 69 49 15 19 71 11 2 19 38 72 7 17 51 53 74 93 33 22 55 9 71 74 22 50 83 36 21 76 51 35 26 74 76 6 78 66 99 16 20 30 63 87 99 82 54 95 60 36 43 6 10 38 20 38 10 63 
100
41 19 65 97 40 93 19 61 75 23 95 99 39 13 97 43 2 60 78 1 39 48 54 5 57 91 86 90 25 59 56 56 40 11 76 70 81 74 52 61 54 45 48 79 24 36 78 28 43 38 28 35 24 28 39 19 47 43 82 28 20 13 4 75 41 93 50 40 96 6 96 31 61 22 61 73 91 3 2 29 83 30 51 42 80 55 68 83 21 51 27 4 80 39 17 62 65 6 46 66 
100
3 13 92 22 76 62 15 53 10 19 7 21 100 44 38 57 19 4 29 23 43 50 60 98 86 86 28 45 18 84 61 4 12 27 8 63 35 43 70 72 59 79 17 67 32 68 35 53 6 76 13 77 70 2 58 79 56 58 44 18 58 31 6 99 33 100 74 12 75 52 53 13 61 49 77 22 10 22 6 80 47 19 97 49 56 13 8 46 63 71 42 75 36 25 18 14 21 35 57 23 
100
18 16 21 40 31 95 47 11 9 57 65 32 91 93 28 21 54 4 27 91 19 49 69 47 55 72 48 13 31 45 35 36 42 48 41 10 39 46 10 8 3 27 57 33 46 13 19 75 61 7 99 79 44 79 58 35 13 13 77 41 61 6 9 57 61 52 18 61 92 94 35 61 67 34 89 94 61 65 61 75 28 10 79 17 95 3 41 42 5 92 57 65 62 2 50 96 57 43 16 16 
100
50 35 41 4 65 58 62 7 30 35 11 55 34 65 44 46 82 71 89 84 19 5 3 49 30 72 11 37 32 63 70 28 69 28 33 59 9 33 11 92 43 68 57 53 77 19 97 84 3 100 43 34 95 16 11 89 49 26 7 50 60 86 96 39 1 91 86 81 67 94 42 74 94 76 98 28 44 5 63 93 64 62 2 78 17 92 99 62 7 70 27 89 92 13 75 76 98 50 45 7 
100
47 36 79 88 69 18 7 29 62 39 77 69 63 84 59 63 17 62 52 83 92 77 34 49 92 56 67 100 4 90 78 11 97 28 19 70 95 24 39 83 69 9 16 30 47 60 57 86 79 70 81 1 41 75 61 3 52 79 91 49 12 59 72 51 29 30 34 84 7 32 58 62 80 67 12 46 100 88 29 9 23 8 64 46 24 55 68 2 32 2 4 5 64 56 88 71 83 74 63 83 
100
83 31 10 67 27 60 76 52 65 29 66 11 74 36 1 84 66 71 26 46 20 64 69 84 45 55 61 42 16 95 79 46 46 81 5 24 78 58 37 41 28 3 41 12 46 21 77 19 92 77 84 7 68 58 83 24 44 18 92 80 58 43 53 90 60 89 27 16 49 83 54 16 20 85 46 65 64 41 28 81 72 86 69 2 60 88 14 15 83 82 64 77 54 20 6 74 1 29 89 84 
100
61 68 100 81 21 13 88 9 85 26 81 48 72 86 70 26 40 18 93 69 96 43 18 66 97 43 10 30 29 87 15 22 12 100 70 68 7 37 56 12 71 25 69 16 50 57 50 56 37 68 28 36 5 48 34 58 61 36 20 26 8 100 56 53 15 93 85 94 50 58 5 83 28 90 55 27 72 46 50 6 81 69 53 2 32 11 95 97 80 87 52 27 94 72 37 33 31 97 84 10 
100
75 44 64 9 63 84 32 55 45 63 77 82 5 14 65 87 48 46 13 76 85 79 7 16 92 15 49 51 98 89 36 9 40 75 28 18 23 36 91 55 60 14 12 60 82 7 95 41 12 42 90 54 43 73 57 18 52 41 65 86 30 49 73 49 62 74 74 71 54 23 73 20 83 76 63 10 82 100 33 54 38 31 15 31 32 33 29 43 79 33 16 46 61 17 98 40 58 98 98 7 
100
7 39 74 73 5 89 41 86 23 17 99 97 93 69 79 99 15 75 92 33 62 80 19 76 89 85 44 30 74 92 11 6 18 32 65 30 66 40 55 20 28 85 78 75 69 51 84 75 56 79 74 72 43 30 2 7 1 68 58 77 72 17 2 28 79 16 35 80 14 83 64 38 48 46 42 35 78 59 94 62 71 40 29 62 68 39 20 95 28 31 17 3 98 48 30 74 18 57 3 5 
100
77 80 13 42 49 90 14 93 20 59 14 53 16 56 92 57 67 71 45 92 12 50 8 44 6 72 28 23 23 93 10 15 3 48 62 75 90 26 98 13 40 88 60 19 95 85 49 33 78 53 31 79 76 65 56 78 87 68 95 40 22 2 7 66 65 75 94 58 15 74 32 40 24 46 67 68 64 96 77 4 80 26 43 80 48 68 45 11 32 41 12 19 91 89 83 85 89 92 17 98 
100
32 49 5 53 17 84 95 88 72 65 67 24 93 74 28 81 100 66 30 46 83 55 22 7 3 9 33 84 56 9 56 39 85 48 44 12 11 20 86 12 57 83 32 24 49 13 44 76 56 73 100 12 19 74 46 13 24 28 90 19 39 24 63 13 66 16 39 66 35 72 38 47 72 44 7 77 68 47 23 84 80 63 54 68 80 78 24 95 19 72 42 27 48 14 5 73 15 95 2 94 
100
71 29 23 37 2 98 53 78 62 51 34 53 84 17 21 66 90 98 15 36 9 78 64 75 9 99 31 74 24 1 26 64 93 27 50 63 33 22 41 15 47 59 45 80 89 78 44 90 77 44 60 56 96 90 45 15 28 19 48 41 74 12 63 25 32 69 78 88 99 84 84 12 35 9 63 32 89 4 96 5 65 10 62 20 46 16 96 92 23 69 49 36 47 11 44 64 3 21 60 12 
100
82 63 46 74 38 6 8 70 93 97 64 14 70 12 98 59 49 59 50 73 41 7 46 9 73 29 26 45 80 45 60 68 8 65 74 44 52 53 74 76 58 86 65 54 65 84 15 49 71 57 15 14 37 95 58 4 18 71 76 29 74 74 53 71 100 32 41 95 89 28 31 32 30 95 87 43 56 9 46 54 47 80 70 11 17 58 45 23 16 53 95 95 49 4 8 73 82 29 26 77 
100
94 5 11 2 99 16 77 35 8 70 23 67 29 29 59 41 28 76 33 76 29 82 98 19 61 23 48 6 69 32 42 96 61 21 83 20 11 97 20 26 78 80 21 63 9 96 7 11 54 100 63 2 71 100 26 9 70 47 74 47 75 65 28 72 84 80 70 24 56 97 15 30 68 99 73 7 19 96 10 66 99 28 58 18 61 81 91 54 24 35 18 100 15 71 33 67 45 86 38 73 
100
21 33 87 13 80 99 86 46 47 55 31 85 39 70 99 31 46 34 72 77 75 72 19 47 97 100 85 83 46 55 48 16 86 33 75 67 65 7 45 52 25 39 55 32 66 95 61 77 96 59 78 43 71 86 41 70 26 62 79 95 6 58 6 80 79 85 48 10 62 25 1 1 33 49 93 7 13 43 18 37 58 28 36 90 52 29 81 68 100 74 87 20 56 37 80 37 76 29 46 12 
100
69 39 79 90 91 77 78 87 54 93 26 62 80 57 95 100 62 100 47 85 20 11 7 5 82 34 14 35 5 24 76 16 21 14 78 2 79 30 14 95 10 3 19 48 62 89 22 89 86 69 66 2 86 67 92 90 3 97 18 59 34 36 71 3 6 74 20 10 66 26 68 27 14 27 38 71 48 13 14 48 54 6 55 78 91 80 37 88 87 100 31 80 75 83 82 84 100 86 38 8 
100
14 43 92 68 28 82 61 44 26 37 35 57 4 40 30 1 17 64 92 97 2 62 7 51 4 2 90 59 91 100 98 90 41 62 3 41 18 48 28 62 85 21 20 36 54 71 89 12 10 77 37 16 12 10 70 7 17 84 86 60 47 58 40 28 97 83 93 50 46 13 55 57 7 89 73 86 42 99 63 18 48 47 29 54 85 93 34 24 35 35 91 12 44 61 11 68 4 58 78 84 
100
78 16 77 90 73 68 36 89 27 79 86 67 61 60 88 29 69 3 12 58 56 13 48 54 54 81 44 64 100 3 80 62 17 71 50 16 16 51 98 16 80 84 23 48 27 11 9 20 81 60 3 98 81 87 18 83 94 90 87 36 99 33 14 92 62 88 63 64 54 42 94 64 23 46 13 20 72 43 56 3 59 23 64 23 59 41 41 61 22 19 15 90 92 41 58 67 67 40 12 96 
100
69 1 61 31 11 1 57 87 15 77 27 47 8 34 46 41 36 15 16 98 51 70 20 24 71 11 4 14 31 14 20 74 67 44 70 84 56 5 42 86 76 29 20 31 29 15 3 97 6 1 76 34 90 41 15 61 84 99 33 41 98 52 92 81 22 94 63 28 62 6 17 36 19 30 75 43 56 75 67 18 56 14 72 39 93 97 44 18 15 60 89 92 4 4 83 90 93 5 96 6 
100
29 23 5 89 52 30 97 40 31 70 95 68 70 19 73 23 10 5 62 90 96 72 75 100 89 40 46 56 87 55 59 38 61 89 3 89 35 15 5 17 45 15 63 95 31 92 74 30 87 99 2 5 15 57 44 28 89 22 80 63 14 65 1 88 54 80 31 9 80 2 56 58 73 84 62 80 21 69 96 34 78 21 63 79 100 56 39 73 89 26 82 40 81 47 5 5 100 4 20 100 
100
27 7 70 32 49 63 69 94 15 50 23 45 62 25 26 69 23 21 53 9 11 58 48 94 80 20 60 56 44 53 87 58 88 10 30 30 52 97 23 82 89 34 14 62 87 61 87 2 8 52 38 66 32 57 9 65 59 73 1 13 64 98 11 12 52 47 57 36 6 90 33 79 59 43 54 14 81 97 61 46 80 72 13 88 25 78 66 85 18 59 10 17 97 8 53 73 9 61 86 70 
100
27 54 43 53 93 43 42 64 84 23 92 10 45 3 27 61 8 98 86 11 42 16 99 55 80 23 32 30 9 61 70 41 31 64 4 64 56 23 7 60 16 70 41 77 77 31 47 3 99 37 14 94 17 68 65 87 32 79 53 17 26 63 45 80 38 1 96 97 10 18 92 86 13 81 92 67 74 57 13 74 4 39 61 10 28 81 64 70 80 32 32 48 6 39 6 60 60 5 16 19 
100
8 90 74 11 91 17 52 41 6 24 95 56 45 91 20 76 59 42 19 83 98 85 12 19 15 25 29 84 97 28 96 46 63 45 36 34 70 90 2 38 63 6 67 75 69 2 46 91 91 90 87 94 5 20 57 12 95 64 12 40 61 30 75 15 69 100 95 96 70 79 38 30 7 21 41 34 31 93 76 87 90 22 39 60 8 7 56 97 61 10 12 60 5 83 70 49 76 91 35 7 
100
56 18 87 26 81 2 90 82 33 34 54 33 86 50 76 68 81 87 17 73 80 69 79 49 23 10 21 8 78 6 15 86 34 45 81 25 33 89 70 90 22 1 55 80 41 93 9 90 23 7 16 29 34 70 69 46 60 52 83 93 21 97 12 58 61 73 1 47 47 90 100 22 90 100 32 12 73 85 87 30 94 85 7 28 78 88 66 83 65 13 44 79 91 11 25 57 98 54 27 8 
100
14 61 68 62 33 25 96 58 97 4 14 81 46 23 61 82 76 17 21 77 20 89 5 74 26 77 75 90 88 68 66 57 73 69 96 3 31 94 40 13 21 51 73 70 31 10 76 79 32 7 62 63 15 4 94 35 57 19 13 41 78 95 3 21 1 43 69 52 25 17 80 25 97 38 69 54 89 74 20 36 10 11 86 77 85 29 54 85 12 21 96 42 74 70 93 21 31 31 98 58 
100
93 34 39 67 80 25 33 28 21 67 31 68 59 9 69 40 53 53 10 96 71 31 72 10 7 46 57 52 87 21 57 4 64 83 81 37 24 40 14 68 61 41 66 64 21 17 42 91 1 20 49 12 58 100 44 37 69 35 43 50 37 77 58 54 14 10 79 94 72 14 79 86 98 7 64 46 49 27 78 66 56 82 40 26 37 98 45 45 95 53 22 31 62 58 70 8 68 81 37 51 
100
25 44 21 83 17 86 26 32 36 34 60 37 78 3 63 5 28 47 26 8 71 28 82 52 16 50 41 55 88 54 74 78 61 34 8 90 48 70 31 18 68 95 97 57 47 6 29 98 99 76 68 69 20 47 36 48 64 83 90 10 48 62 79 70 73 48 71 19 21 47 77 74 34 78 12 9 19 77 62 95 7 80 66 13 22 11 20 87 27 2 58 85 2 40 23 51 45 6 22 75 
100
50 17 32 70 67 3 15 18 54 98 19 27 10 65 37 6 2 25 89 86 48 63 4 61 20 90 39 94 62 35 95 93 73 43 89 58 50 58 71 86 69 26 68 87 61 89 24 50 22 98 72 24 38 21 13 12 1 6 91 42 94 36 83 85 45 43 68 60 6 30 30 8 10 69 4 25 69 21 92 89 7 61 21 29 99 13 92 1 97 61 54 79 22 5 21 7 86 47 96 2 
100
61 76 56 1 82 98 96 16 20 45 73 30 13 49 3 9 22 16 70 9 11 79 28 30 71 98 42 100 8 48 86 84 34 60 92 83 33 94 32 64 72 97 74 89 57 1 14 13 11 16 47 22 93 92 95 86 100 43 21 35 66 37 17 84 49 98 95 37 64 42 23 22 3 81 24 94 93 74 71 17 45 69 94 99 38 44 44 91 32 55 100 21 74 80 42 84 62 78 48 47 
100
9 88 93 60 67 96 74 82 79 84 14 79 18 89 100 29 78 34 50 14 77 88 31 93 79 35 80 79 93 83 56 78 14 92 7 1 91 15 97 100 57 43 94 53 21 38 84 47 61 75 42 10 42 24 12 75 34 39 32 66 94 19 95 17 66 20 37 30 7 18 84 96 85 38 52 10 83 54 87 61 64 39 47 67 39 80 80 31 29 68 14 59 69 40 16 48 36 50 78 89 
100
99 37 52 42 54 11 83 27 26 19 60 23 25 10 91 14 16 68 30 6 9 26 61 72 78 15 84 87 70 64 3 41 91 68 93 7 8 12 68 90 79 34 88 62 13 72 74 1 73 11 43 79 66 13 86 97 17 28 94 39 35 56 47 39 59 18 66 31 26 46 3 97 66 50 74 49 64 76 82 31 58 51 58 55 41 92 76 57 83 54 59 80 55 83 35 10 19 1 48 96 
100
54 85 3 8 59 45 43 28 43 32 8 73 63 74 53 40 12 40 80 16 62 99 10 32 54 100 42 34 35 87 42 12 71 52 8 77 19 37 91 44 72 58 31 45 32 89 52 56 65 89 25 14 47 17 12 45 48 41 29 55 31 65 81 82 5 45 40 46 12 67 85 60 69 27 84 86 49 8 32 83 70 79 16 36 83 73 40 58 53 32 76 66 63 70 8 39 80 50 24 35 
100
52 75 18 28 40 30 94 76 50 50 65 3 5 62 69 45 92 39 99 40 77 66 82 38 88 64 88 93 24 32 71 42 85 65 1 93 99 13 87 40 68 53 66 66 44 49 23 33 60 2 61 45 32 95 20 79 60 49 20 6 10 99 58 69 25 52 67 26 5 30 71 65 25 99 100 83 53 10 46 45 66 56 65 71 18 75 33 34 28 54 13 62 44 83 36 84 71 66 75 79 
100
58 94 87 91 7 93 30 11 47 27 76 35 25 51 88 38 92 25 42 18 1 3 51 28 95 63 75 45 15 77 98 1 5 85 83 87 20 51 61 33 90 37 66 10 71 48 9 53 48 31 34 3 61 84 93 60 24 85 15 2 52 86 92 10 48 83 26 100 46 80 100 25 38 40 47 59 11 23 45 8 35 75 66 74 58 53 20 46 37 99 29 26 80 93 72 29 34 80 73 18 
100
91 18 100 44 51 91 77 96 65 4 23 35 94 6 22 14 31 65 23 63 40 22 5 86 82 1 87 87 47 31 35 66 29 47 61 28 73 59 68 80 97 30 4 43 15 32 5 35 12 33 31 14 27 73 46 21 46 40 96 22 79 93 5 43 7 68 74 4 64 25 73 48 7 55 12 26 84 16 96 86 32 89 91 95 8 38 41 19 100 84 92 49 63 90 38 93 89 89 40 29 
100
64 15 60 23 55 85 42 71 36 92 34 98 29 17 64 83 22 99 33 40 81 18 78 60 81 54 79 89 75 70 86 49 13 77 16 61 49 37 66 87 47 86 44 35 22 65 90 36 4 66 59 89 3 50 95 40 58 25 80 33 13 43 61 95 16 73 49 6 78 86 78 80 40 99 17 49 39 88 76 5 56 37 59 45 95 32 39 8 74 98 12 84 3 35 36 75 91 61 45 35 
100
44 30 35 29 1 83 18 25 44 48 59 63 1 40 100 28 77 27 81 9 54 35 32 51 89 47 4 86 31 19 62 7 40 7 36 51 45 98 78 34 61 71 86 80 31 1 27 95 62 64 73 85 60 2 55 8 59 79 33 63 21 25 20 18 3 27 70 5 36 67 6 29 3 86 42 3 14 54 51 81 68 83 32 2 58 79 78 42 49 99 54 18 79 67 72 1 67 48 84 19 
100
42 80 34 96 76 88 14 13 38 49 4 50 49 72 50 64 14 48 64 89 100 23 75 56 39 59 37 63 26 98 68 65 19 19 9 9 89 83 27 80 67 44 96 23 15 91 90 9 90 64 50 14 38 82 81 8 68 56 8 52 98 67 99 8 88 37 56 28 99 25 20 55 77 48 5 79 24 52 29 11 89 70 47 64 88 69 24 94 33 21 97 61 69 46 72 31 87 93 66 83 
100
56 91 54 19 85 92 79 46 23 74 35 29 63 43 32 19 35 88 76 19 48 43 43 49 10 78 51 63 29 13 12 12 62 61 73 50 45 58 91 81 56 42 23 52 11 99 13 4 37 95 27 61 80 58 55 12 93 88 30 2 11 19 21 23 55 71 72 3 78 40 84 31 66 52 97 7 87 74 9 18 28 14 52 7 33 18 4 46 30 88 66 2 71 4 18 2 33 21 88 10 
100
89 91 28 76 3 48 34 6 82 12 17 93 11 64 89 54 15 22 51 68 40 13 42 39 10 12 27 35 30 14 68 100 24 27 4 68 2 46 70 85 36 12 4 6 53 91 98 96 30 48 68 81 41 9 16 19 21 7 99 86 40 27 85 28 45 64 26 16 95 65 24 85 85 91 15 12 16 89 65 4 74 62 50 74 85 62 56 96 79 45 14 97 38 32 30 38 47 38 74 91 
100
66 78 37 65 22 17 6 95 51 67 39 95 47 5 9 22 74 93 15 50 71 57 22 6 4 65 24 59 21 32 4 70 100 85 60 22 65 70 64 31 14 37 54 51 94 24 86 33 13 14 17 87 31 76 88 72 70 22 55 50 13 55 83 92 59 22 78 87 99 38 93 33 5 26 58 14 97 21 49 91 6 5 49 61 34 55 59 52 4 10 78 55 6 63 15 45 24 9 47 80 
100
52 76 22 92 68 72 19 40 97 10 77 37 93 6 24 11 100 35 89 77 30 43 82 54 40 24 17 93 63 49 82 45 97 37 99 85 99 65 80 23 31 21 19 66 23 56 81 2 53 87 22 19 8 91 62 12 47 18 29 49 45 80 87 27 44 41 95 71 38 10 53 1 73 76 63 34 26 64 73 33 13 86 11 26 62 43 47 32 55 80 14 92 28 80 84 89 23 16 55 46 
100
73 19 31 38 9 76 43 14 100 50 36 92 88 7 40 95 97 34 84 43 92 55 9 46 26 50 54 83 32 2 90 90 89 15 70 32 5 12 42 77 67 82 65 3 90 43 100 89 19 22 46 8 78 55 13 72 93 37 20 58 89 39 93 20 64 32 93 17 43 58 46 15 17 100 36 75 31 50 72 20 33 17 20 87 33 92 15 1 35 11 56 24 49 34 68 35 32 56 65 65 
100
30 76 72 61 21 39 94 39 15 80 99 33 100 40 23 60 77 94 54 13 55 90 70 100 16 100 42 67 59 92 49 74 38 95 3 38 6 61 55 23 95 60 98 47 54 23 35 100 71 36 59 17 92 7 43 15 33 17 75 85 75 48 46 90 74 11 4 86 94 72 6 40 65 68 52 26 1 50 15 14 25 76 74 55 100 10 70 7 10 65 89 40 42 39 71 28 4 16 94 2 
100
100 97 64 29 27 86 30 59 75 73 40 86 49 60 62 10 14 95 29 79 86 83 29 16 82 3 65 49 27 69 78 53 40 11 5 14 67 67 8 33 74 51 13 93 41 97 11 35 78 26 61 84 45 85 14 42 2 18 40 40 99 92 35 39 78 12 88 16 79 15 89 52 77 97 55 42 11 63 83 36 72 66 76 89 36 69 82 17 61 85 79 77 68 3 6 52 18 46 33 78 
100
45 97 1 69 68 43 9 29 49 89 51 40 28 48 22 66 37 16 45 77 21 12 87 72 35 95 63 17 16 70 41 24 55 47 46 62 79 77 44 23 57 65 78 60 26 12 51 7 77 54 40 54 33 67 87 18 38 12 85 37 76 56 88 79 32 87 33 58 82 39 96 43 70 89 38 50 43 54 90 1 36 19 23 1 41 70 36 38 66 53 45 60 99 28 9 82 3 18 69 42 
100
1 84 76 81 80 26 71 40 49 38 51 59 47 10 65 65 49 56 97 52 8 92 66 59 79 78 69 77 46 96 52 56 12 86 13 61 71 88 50 54 17 72 99 85 72 40 66 71 97 26 67 57 98 95 57 93 5 97 51 77 80 28 74 71 27 55 62 8 27 54 67 43 60 83 90 64 36 77 4 30 73 76 14 80 17 95 97 11 22 42 72 80 69 92 44 44 10 32 4 69 
100
28 70 37 91 92 64 39 15 52 97 68 86 74 74 65 33 46 88 31 87 64 81 51 85 85 70 86 53 73 8 26 21 42 70 37 70 75 99 83 38 39 84 25 75 74 36 32 29 56 21 31 87 17 38 41 1 80 99 55 76 25 85 53 83 53 71 26 36 11 52 85 30 96 89 57 54 54 1 100 95 14 12 88 67 11 97 74 42 75 83 23 73 68 25 28 59 25 33 37 86 
100
58 82 34 10 85 14 24 82 51 54 17 43 46 71 18 49 20 49 33 91 8 34 36 74 3 1 8 81 26 32 61 40 67 10 29 82 13 73 11 31 83 99 6 90 15 87 54 55 19 47 47 28 92 68 4 21 83 85 37 78 69 3 79 4 33 29 7 43 24 43 18 26 28 92 12 67 29 92 56 32 84 55 39 10 24 64 23 10 46 29 14 93 12 87 83 76 50 17 60 63 
100
17 56 68 66 92 61 59 94 4 42 56 25 70 93 86 28 50 11 98 43 90 21 68 74 68 45 84 79 13 30 59 9 38 3 58 91 57 21 30 27 36 36 52 45 59 45 59 62 12 57 12 94 2 68 54 46 38 83 22 34 6 82 52 70 78 46 55 70 74 22 89 15 37 48 67 48 2 51 67 77 44 58 75 78 70 47 37 60 25 17 11 32 69 39 5 28 22 31 4 58 
100
50 58 69 25 99 52 51 74 59 54 90 64 88 82 100 96 73 30 20 60 20 93 72 5 78 39 47 42 8 91 8 43 3 30 74 70 22 85 16 100 34 67 67 3 74 56 49 27 89 53 12 79 77 37 20 65 65 56 45 68 13 6 56 97 28 58 83 40 98 43 56 77 36 6 22 67 40 9 34 83 1 16 9 68 83 58 73 65 59 99 29 31 69 7 56 37 25 69 97 65 
100
23 73 76 54 55 59 5 47 53 41 94 21 81 14 62 79 25 16 27 40 78 19 47 2 53 4 31 50 46 97 80 17 26 1 67 1 92 97 13 27 41 56 50 23 45 73 3 92 41 75 3 7 39 86 32 82 83 95 82 13 75 32 79 31 97 45 74 84 92 30 1 27 24 66 34 8 61 59 94 68 14 15 45 20 15 26 76 53 28 57 80 89 17 79 10 39 10 82 32 43 
100
89 8 59 52 18 42 1 81 98 57 52 10 72 71 12 13 64 76 42 33 57 14 66 74 42 58 54 13 47 64 87 8 77 96 27 37 39 18 31 76 6 10 32 51 39 45 41 14 100 76 27 86 33 2 59 44 47 80 75 49 86 39 55 97 78 70 2 55 99 36 78 72 54 72 44 50 96 39 31 21 73 38 42 86 7 12 44 20 4 87 100 32 42 10 81 10 82 13 60 9 
100
6 93 7 69 43 49 36 67 49 22 71 32 93 69 24 71 1 14 76 97 2 65 82 38 34 10 37 17 11 19 44 91 60 100 69 16 71 66 21 86 75 61 100 66 10 95 20 36 54 58 45 11 7 15 96 57 28 11 94 100 47 38 23 21 22 35 81 32 92 55 83 76 86 2 47 40 22 98 15 30 74 77 40 27 45 45 35 39 39 5 25 50 53 39 80 16 82 64 30 81 
100
92 100 73 44 43 79 60 37 20 67 61 28 4 51 95 100 82 74 18 99 23 88 49 60 1 86 32 11 42 85 22 52 25 57 76 78 48 1 94 93 100 6 73 82 42 19 6 10 36 32 82 94 36 72 71 97 99 15 6 34 84 88 45 32 69 73 91 55 15 28 94 65 94 26 96 96 27 91 84 90 18 9 47 19 30 20 66 61 19 61 63 6 14 85 100 25 70 77 39 78 
100
30 36 63 51 94 45 97 51 100 77 30 31 36 98 88 42 57 9 75 97 61 82 27 62 2 94 15 31 55 89 67 39 7 48 90 86 24 45 65 54 39 46 48 85 97 11 10 79 57 75 74 75 85 76 93 38 42 37 33 87 52 97 36 19 81 62 22 79 72 11 3 54 77 26 69 64 7 12 44 23 82 66 46 53 91 72 29 51 61 52 83 61 41 49 94 25 95 72 88 88 
100
54 43 44 34 98 12 53 37 61 21 39 1 21 81 52 79 27 37 84 95 35 77 44 91 42 96 36 57 43 43 83 88 3 1 43 62 23 50 81 43 59 81 62 21 100 90 23 20 46 65 70 61 83 25 89 19 31 8 54 39 52 91 76 3 29 44 30 34 26 2 45 11 98 77 10 92 69 67 68 92 82 2 19 58 83 99 2 16 16 3 54 92 14 44 59 86 53 9 90 43 
100
20 81 72 48 60 21 47 33 46 37 62 87 76 58 89 96 50 85 86 86 69 14 1 59 97 89 47 72 40 20 97 100 30 67 51 2 34 73 4 68 65 100 50 38 21 87 15 58 48 53 69 66 51 36 2 29 85 27 17 33 44 81 47 17 67 48 49 1 12 53 93 94 44 56 12 56 95 21 91 69 90 48 8 75 12 75 23 13 50 6 32 78 75 44 91 26 30 67 3 18 
100
67 92 95 42 17 60 31 93 32 46 45 31 30 74 71 22 9 85 52 15 9 2 17 94 40 21 18 52 89 34 73 92 81 87 62 36 39 89 23 26 55 49 23 35 77 39 57 49 51 43 54 71 32 79 67 5 86 35 88 11 43 55 34 7 27 30 13 81 81 24 78 73 92 85 34 6 79 10 27 82 28 25 65 6 28 80 67 76 59 67 24 29 40 15 43 92 30 89 5 12 
100
53 46 97 93 58 71 25 54 37 21 77 33 90 71 92 67 14 99 1 46 6 13 26 92 28 89 23 38 57 80 46 45 18 62 71 11 75 19 49 66 97 6 6 88 27 81 64 98 40 30 88 91 71 21 67 59 98 27 18 81 19 30 27 44 80 75 90 5 62 21 97 26 1 62 54 37 77 62 28 20 68 42 17 75 38 3 91 23 53 75 54 2 34 77 8 50 39 100 30 78 
100
23 56 19 95 87 49 74 83 79 83 57 96 40 59 39 95 39 74 13 15 66 3 9 91 9 19 26 34 95 66 92 15 22 81 91 68 93 82 42 27 61 16 46 62 10 56 99 38 66 23 66 43 26 73 55 7 52 65 89 9 44 61 88 91 59 5 62 25 2 43 57 56 7 5 16 47 20 79 88 61 35 30 13 63 69 18 69 55 15 27 68 18 35 81 57 18 43 93 52 78 
100
93 6 84 78 41 42 51 18 16 74 87 62 34 47 39 100 23 77 63 9 94 32 64 89 54 26 63 80 68 72 52 36 92 20 66 97 39 30 6 11 81 54 39 88 28 86 88 29 61 56 60 48 41 14 49 82 34 63 40 10 31 33 79 79 78 93 20 50 17 87 17 59 55 87 69 44 91 50 91 90 1 57 8 61 48 71 9 46 16 61 90 15 24 19 64 17 63 33 78 52 
100
43 87 42 80 70 96 13 92 80 81 40 28 69 49 33 50 55 100 19 68 74 60 89 39 40 39 64 12 71 15 95 16 33 7 98 69 54 75 34 11 24 53 61 6 75 60 72 74 50 17 5 4 90 100 38 67 61 9 15 95 14 20 55 17 47 94 40 59 27 18 69 29 17 63 35 80 37 26 48 46 65 45 88 11 38 29 100 62 25 97 12 90 4 41 55 87 46 2 86 72 
100
21 78 21 3 25 70 81 95 61 42 87 40 41 18 83 68 88 62 28 16 59 43 31 2 45 75 23 26 76 41 68 3 52 79 75 68 99 36 24 14 57 17 5 55 88 22 55 51 63 69 86 66 42 90 13 74 2 37 94 79 94 28 11 40 89 41 70 100 42 79 35 97 76 68 35 23 96 58 71 56 23 24 49 27 48 88 82 79 65 46 97 73 5 99 95 56 42 47 35 59 
100
48 36 28 93 18 61 21 13 83 38 28 76 28 72 82 55 48 51 21 71 91 29 60 68 87 38 71 58 72 90 14 42 12 51 59 12 83 84 46 76 15 81 41 34 89 56 16 78 10 96 43 48 21 23 97 53 2 97 28 26 40 26 74 24 30 20 45 85 59 31 51 100 6 13 55 83 68 94 52 77 46 10 79 38 49 24 43 11 73 35 61 45 44 19 48 66 34 11 90 37 
100
42 100 51 6 22 28 82 14 56 92 10 95 20 79 86 99 69 48 44 54 44 65 91 14 94 37 43 19 12 83 49 10 20 9 47 40 26 15 97 99 66 31 37 81 44 57 88 29 55 3 85 78 46 19 65 29 29 68 48 59 96 69 11 15 77 76 86 9 66 86 13 54 36 47 1 50 66 1 84 64 1 68 9 20 5 77 48 67 96 39 14 50 66 66 40 44 89 25 13 70 
100
50 5 53 72 55 88 91 62 90 75 95 58 38 24 37 91 56 95 80 39 89 15 62 97 42 11 10 86 40 10 84 45 26 100 70 76 71 6 19 57 68 15 60 17 34 23 56 96 15 16 68 37 47 96 95 83 57 19 76 56 59 18 66 65 90 98 31 39 73 12 16 20 96 1 44 24 16 13 35 14 50 18 92 50 50 2 31 81 17 53 68 3 8 64 20 71 86 4 29 91 
100
87 31 87 2 67 32 34 4 58 62 9 69 89 11 62 28 90 65 3 81 47 40 79 61 65 61 61 9 10 14 79 30 47 51 64 3 71 61 35 96 75 85 79 61 37 36 43 34 35 68 81 81 12 61 20 8 92 89 82 86 90 96 71 68 79 60 33 52 42 60 74 44 31 72 85 35 4 80 46 41 69 65 97 53 62 20 91 40 51 40 46 75 67 66 54 47 13 62 29 60 
100
58 49 12 20 43 13 66 2 3 53 33 23 60 6 10 43 15 65 6 91 100 49 94 98 71 59 66 57 63 8 86 79 65 12 65 81 57 53 55 30 87 9 92 27 84 51 45 1 74 63 91 47 1 77 86 94 27 68 59 69 55 36 69 90 78 40 28 14 86 8 35 4 6 25 88 93 1 86 54 98 78 84 6 55 57 93 97 55 16 89 52 88 48 60 13 60 68 90 22 44 
100
82 41 83 3 58 73 61 38 28 42 8 99 85 62 76 12 12 62 31 98 100 86 98 45 58 73 27 89 21 22 78 77 46 90 34 31 89 1 14 17 23 62 95 39 38 38 5 45 22 79 17 26 9 75 9 64 89 78 94 14 92 60 65 59 12 89 97 41 93 5 72 23 52 95 44 98 77 11 64 58 23 27 99 67 50 36 76 54 49 29 63 5 49 84 58 74 38 35 4 56 
100
8 92 90 26 53 61 83 93 90 99 89 95 55 13 40 49 86 56 55 1 46 96 53 69 8 34 66 20 50 31 10 40 16 27 41 32 92 80 71 62 9 64 58 97 66 46 85 25 83 84 91 35 68 53 65 91 21 57 69 51 94 51 40 90 4 90 16 40 11 27 45 96 22 40 96 15 80 2 94 91 88 76 80 16 23 33 19 97 96 62 6 2 49 18 93 93 52 17 36 75 
100
56 52 4 56 53 13 70 54 33 57 54 9 65 48 5 87 95 87 50 38 85 69 1 30 90 67 38 53 84 8 81 92 14 97 25 40 82 84 10 92 57 3 61 49 2 19 59 72 33 70 67 14 41 58 4 38 51 39 18 82 72 58 18 43 29 71 4 83 29 4 60 100 21 87 56 94 55 35 65 39 19 41 53 50 2 12 12 10 7 42 42 13 40 89 71 57 37 50 60 57 
100
11 47 57 71 51 19 79 29 12 82 64 33 82 30 69 57 17 33 76 15 74 39 97 61 52 75 6 93 13 57 29 59 50 35 93 99 65 17 1 60 13 69 80 33 63 63 34 28 75 67 94 52 68 52 44 31 24 97 36 7 48 82 84 84 4 5 35 51 77 58 71 89 50 4 88 7 32 80 49 85 58 91 98 13 9 11 59 61 69 90 16 75 7 19 1 44 87 5 76 79 
100
1 29 100 88 8 10 1 8 71 43 42 58 8 69 93 10 1 9 41 34 89 24 64 70 67 29 91 4 53 31 23 71 47 76 73 80 61 21 46 19 91 59 44 35 95 92 47 60 60 98 67 87 89 93 16 91 48 20 27 99 4 2 13 4 25 53 6 9 94 27 80 4 15 43 19 98 57 54 11 98 35 38 80 26 30 26 89 22 66 24 17 5 94 44 5 34 82 77 22 7 
100
28 29 70 24 13 32 64 17 9 1 89 44 32 1 93 74 46 55 71 40 86 24 76 35 74 35 72 47 22 24 26 47 38 35 21 5 92 6 79 95 79 98 39 15 96 6 97 87 43 64 13 48 18 62 48 76 80 68 66 77 41 70 89 76 35 13 44 86 12 73 48 13 78 21 7 50 76 2 53 62 55 5 96 79 19 88 2 60 8 43 10 31 35 19 11 82 45 46 80 8 
100
25 84 17 46 24 98 77 73 58 81 45 21 80 29 19 63 42 19 26 95 98 71 45 50 92 14 62 37 75 67 41 21 91 8 65 94 32 64 10 5 40 51 72 43 97 65 11 54 89 74 23 34 30 74 34 21 100 16 80 46 80 28 10 48 54 26 82 49 6 77 73 85 4 75 58 57 94 33 3 95 62 43 86 4 40 30 70 100 43 53 73 53 26 33 96 46 58 72 40 32 
100
55 43 75 45 32 91 13 61 95 21 76 67 100 4 54 22 8 24 60 87 5 57 82 72 56 46 18 61 8 82 77 54 77 75 80 2 59 17 42 58 76 77 58 77 95 67 64 87 54 60 33 67 66 60 55 21 30 99 29 71 30 22 50 4 73 9 27 99 53 62 48 61 65 52 60 21 86 34 60 35 50 94 40 51 51 61 75 35 36 19 100 92 17 54 2 4 35 76 89 80 
100
98 70 37 41 30 12 66 84 59 25 5 78 77 89 62 47 26 26 34 47 18 3 24 62 58 48 22 76 68 73 41 5 54 13 97 30 91 79 82 69 49 70 95 77 89 70 43 36 65 17 14 15 76 55 16 67 75 90 1 8 46 61 96 31 97 6 33 20 8 90 77 84 36 60 92 67 4 81 2 37 34 67 100 85 87 43 9 31 2 17 33 78 19 98 34 41 87 35 81 60 
100
89 32 54 57 88 86 81 16 80 14 76 54 95 3 59 93 41 79 19 92 57 84 82 52 61 65 6 60 88 90 84 65 51 15 83 13 38 57 17 37 31 17 28 84 2 31 81 94 15 98 17 40 66 5 49 82 6 93 28 43 56 20 67 95 92 93 44 95 48 37 25 13 99 10 43 38 21 49 18 96 42 97 8 99 100 98 50 90 32 28 5 26 43 88 21 43 13 39 14 92 
100
35 53 12 68 94 16 81 28 51 26 55 75 40 68 19 11 71 36 8 6 61 64 1 89 9 16 23 80 67 37 21 74 67 87 92 18 11 12 65 94 44 90 92 52 91 79 95 70 34 71 44 73 20 22 51 89 47 26 100 18 92 19 72 47 53 33 65 4 42 94 91 65 44 65 56 34 1 42 52 47 7 43 29 28 17 22 20 17 99 11 69 2 90 93 100 51 47 48 48 10 
100
31 10 40 53 99 3 44 45 44 41 77 51 45 55 20 94 24 44 40 53 19 15 62 59 44 54 48 56 11 40 73 82 62 80 48 96 45 99 23 17 83 59 34 21 48 89 40 23 49 79 14 58 33 2 26 57 38 83 93 76 87 33 3 82 79 11 34 80 22 70 30 3 21 49 56 81 16 7 82 8 56 72 14 27 87 32 45 85 51 48 26 51 29 59 67 81 54 88 35 60 
100
66 84 76 42 68 59 51 91 2 54 62 59 41 40 97 40 64 32 12 34 77 93 68 51 28 5 68 99 19 99 6 92 5 25 50 59 31 13 94 96 84 22 27 2 64 40 75 66 35 92 51 12 79 6 7 98 75 72 87 89 54 96 36 5 71 77 56 57 2 30 82 75 15 62 78 17 21 11 47 4 34 98 50 23 37 98 94 79 16 24 16 82 75 83 69 66 41 95 21 84 
100
33 56 34 88 28 96 2 35 9 36 18 30 32 54 71 4 71 79 69 31 26 25 70 95 11 71 36 76 33 32 42 64 16 69 3 84 5 42 56 12 18 58 31 72 53 82 5 70 45 27 86 9 49 55 97 82 64 98 29 17 69 65 94 66 40 86 93 42 79 81 63 100 94 86 43 27 9 53 50 30 24 19 66 73 1 49 7 81 12 42 21 15 59 59 14 25 95 11 95 30 
100
79 61 28 72 19 36 29 34 20 42 47 18 70 2 60 95 18 60 33 12 53 100 48 69 25 9 25 78 66 71 14 1 28 81 63 95 27 84 47 70 94 46 87 56 36 30 82 48 20 84 82 81 53 23 25 24 65 10 8 87 29 100 85 34 45 3 15 65 96 62 10 26 39 13 94 56 39 9 80 35 80 45 31 82 6 81 85 43 97 65 71 2 65 80 57 1 100 93 44 23 
100
56 9 24 6 16 7 66 57 65 60 63 89 8 71 35 91 74 92 36 90 68 91 49 59 52 20 1 55 8 84 96 19 34 83 97 22 15 39 73 74 72 19 15 28 69 86 64 58 96 85 53 6 82 64 94 68 8 28 18 79 33 64 16 76 93 94 24 95 93 99 43 34 46 74 95 14 28 89 54 33 20 12 84 62 31 64 75 39 99 68 23 53 35 33 43 59 7 67 14 60 
100
95 69 41 22 45 69 80 35 87 81 82 91 85 69 54 26 15 30 92 60 51 23 57 77 62 46 23 2 43 77 94 49 11 98 98 68 39 63 73 9 3 26 28 1 33 16 55 86 18 76 64 93 63 30 32 48 74 25 80 56 57 18 25 71 35 90 23 88 78 77 91 98 29 100 7 2 95 20 54 23 36 4 80 96 55 41 27 85 19 92 67 58 57 40 35 77 98 16 40 68 
100
93 35 85 98 8 26 96 78 60 67 40 52 45 91 56 64 26 52 2 53 37 36 44 31 3 100 15 87 31 2 96 6 8 29 16 23 87 2 99 93 98 91 12 26 33 61 15 66 82 39 35 90 80 1 98 35 48 66 90 30 24 74 8 9 99 95 24 47 64 26 90 52 86 88 15 63 76 62 21 65 22 22 16 82 88 86 45 10 34 70 99 92 96 41 71 78 94 96 20 13 
100
66 51 72 30 100 20 45 41 99 85 47 45 46 36 73 33 42 65 67 33 14 92 7 68 19 43 42 100 61 94 80 98 85 5 55 55 9 54 73 60 76 39 97 90 47 78 99 46 80 8 22 63 24 35 97 67 69 56 17 95 20 11 18 13 5 59 88 76 79 13 47 3 73 100 86 13 11 48 5 1 32 44 26 100 9 52 82 99 14 91 95 59 31 84 99 66 98 59 78 28 
100
71 82 41 42 56 40 15 5 27 14 32 10 20 69 40 69 7 7 89 47 14 85 4 41 55 96 30 77 48 39 61 83 98 61 92 73 95 47 96 51 79 92 84 29 78 30 75 85 96 28 67 36 29 30 54 60 54 65 73 79 23 20 43 50 15 2 63 44 36 17 7 61 52 13 44 91 73 45 28 92 63 95 44 60 23 26 58 68 73 37 16 11 95 54 6 20 25 64 84 72 
100
49 1 67 37 20 74 13 12 68 28 15 83 23 3 7 73 48 89 15 62 29 93 32 70 85 25 94 13 34 25 15 73 33 68 6 59 60 75 14 50 89 64 67 17 14 5 81 47 5 27 86 13 4 9 49 14 43 64 80 94 33 19 85 73 32 42 73 97 93 72 92 87 91 89 97 98 55 65 1 37 44 27 22 33 52 25 74 53 90 69 11 2 18 79 90 62 2 59 91 5 
100
90 85 71 98 82 51 80 6 54 99 28 83 58 74 73 71 63 37 40 35 35 34 53 17 80 16 1 95 83 6 61 19 58 98 30 92 70 6 69 70 83 95 41 69 44 16 71 46 79 56 94 18 28 28 91 99 9 36 66 69 15 41 46 57 19 86 37 8 59 77 40 89 54 89 53 52 40 13 73 26 35 51 9 20 19 22 31 49 92 62 47 54 38 22 91 25 80 10 25 66 
100
45 85 84 56 23 32 36 82 80 29 55 12 59 94 76 89 54 46 65 42 5 65 81 29 84 70 3 66 45 18 98 30 28 18 21 42 98 29 33 90 47 87 12 30 31 29 16 83 87 42 41 51 37 94 31 79 85 69 71 1 66 30 35 49 96 72 88 51 27 4 68 33 20 28 17 51 83 44 17 32 1 11 26 19 50 89 23 94 26 54 95 37 47 69 33 94 98 98 53 79 
100
14 33 87 73 33 40 13 20 83 46 38 19 40 62 28 34 25 13 13 33 21 31 6 18 32 73 11 25 12 18 91 55 52 99 95 33 53 35 5 27 55 57 7 81 36 8 60 60 26 28 22 52 47 98 48 72 13 32 14 99 28 46 59 82 35 4 39 90 4 21 41 91 67 39 82 81 21 88 66 6 30 64 50 88 81 36 51 64 34 51 62 91 24 71 37 8 48 2 64 43 
100
98 69 64 13 27 81 84 63 27 76 5 55 87 58 64 4 25 61 1 29 79 46 30 69 78 37 67 18 36 54 57 72 55 13 62 27 99 22 68 15 74 82 14 31 19 50 57 60 1 17 66 12 88 32 35 82 60 88 24 67 25 44 68 5 83 95 32 67 44 20 44 2 94 4 100 91 72 48 36 97 68 95 31 63 86 51 100 17 48 39 98 63 5 43 22 51 47 16 2 33 
100
12 85 56 31 99 7 40 70 56 59 42 78 77 53 55 44 3 85 33 34 61 11 10 31 43 57 62 45 41 36 11 11 52 34 21 31 9 70 81 48 74 17 22 67 38 57 71 79 17 39 60 2 6 80 35 90 62 32 100 60 22 74 76 87 73 99 23 20 93 31 48 34 18 96 61 56 98 32 31 90 46 21 19 92 49 42 38 92 96 33 82 58 90 55 41 17 57 72 17 17 
