100
100
60 15 83 92 48 75 88 22 72 83 34 9 14 55 50 50 74 90 2 58 89 60 22 1 37 62 84 78 27 54 63 32 36 85 88 24 100 8 33 75 92 86 54 58 39 74 9 42 48 39 89 69 62 61 54 26 79 94 91 11 89 34 68 97 82 55 78 20 30 92 60 37 79 99 39 16 4 93 89 70 95 32 13 79 20 40 2 63 33 35 38 5 39 6 61 25 8 17 2 62 
100
35 77 49 91 93 51 58 28 70 99 73 11 95 27 59 52 72 97 91 28 53 28 88 37 61 86 42 58 52 77 28 16 46 99 53 58 2 91 17 17 87 98 90 39 16 66 82 5 75 88 96 6 13 16 78 21 40 1 49 86 28 98 51 30 34 36 96 93 54 56 88 31 20 52 79 1 34 74 15 64 32 21 90 20 12 50 72 59 46 52 79 72 58 43 83 30 89 38 69 40 
100
66 17 62 71 66 30 1 37 13 70 49 20 94 19 92 70 49 99 45 39 9 35 59 25 9 93 61 42 78 3 93 67 80 45 12 8 23 16 96 64 66 44 65 18 7 67 68 8 82 91 97 15 99 10 87 84 89 92 45 13 24 89 3 39 97 11 73 50 37 46 63 37 51 86 55 60 22 57 18 55 2 54 57 53 42 1 71 65 2 88 63 80 45 77 64 47 18 8 54 46 
100
94 16 39 45 34 53 34 73 71 41 76 74 61 75 73 85 88 23 12 77 64 84 13 62 52 90 51 67 77 84 91 23 44 37 63 62 57 53 34 70 50 78 19 58 91 24 65 25 67 30 66 10 75 97 26 11 61 74 77 64 20 95 31 41 18 78 20 2 78 10 73 42 87 38 21 34 36 47 11 91 78 8 68 43 27 60 40 67 32 23 14 29 77 5 11 1 48 15 97 48 
100
43 56 76 25 70 47 74 18 24 69 34 10 25 66 14 81 24 55 79 11 65 50 9 50 90 41 14 29 14 84 11 33 2 78 50 31 23 50 78 54 48 74 60 15 68 24 50 22 58 74 29 90 65 71 86 88 30 40 21 4 40 81 54 16 42 77 21 17 22 91 20 83 22 50 97 13 3 5 53 37 70 31 95 57 30 66 30 85 29 98 71 63 2 5 77 41 3 17 77 6 
100
48 82 44 64 31 44 78 40 78 90 62 94 42 28 72 74 57 71 17 92 58 15 73 100 20 86 73 41 64 66 51 31 59 30 87 49 44 17 47 28 85 32 63 46 11 99 5 11 38 29 19 62 39 7 18 30 58 82 33 75 67 96 71 26 24 20 37 75 79 85 75 42 68 73 64 64 10 70 25 16 66 49 50 53 43 94 59 58 36 82 94 99 87 50 8 45 64 89 65 9 
100
58 80 7 21 11 33 62 16 13 34 82 60 23 51 93 100 78 59 80 18 10 25 95 89 1 69 95 4 81 71 60 7 87 34 11 6 50 86 9 59 98 94 88 10 47 3 90 80 13 91 76 36 41 73 13 18 31 69 31 5 33 78 37 14 76 95 13 43 14 11 36 68 84 16 96 17 65 41 21 43 46 46 24 20 79 28 31 85 42 54 5 42 79 76 29 89 88 66 84 98 
100
33 47 96 19 86 58 62 10 52 4 80 79 34 84 67 60 77 15 66 74 58 60 56 42 10 79 87 100 66 64 94 3 85 99 60 61 74 61 77 59 86 58 32 16 85 16 18 30 36 62 6 62 91 62 17 10 32 28 100 84 20 61 56 64 84 71 29 32 59 9 98 20 38 97 68 65 48 36 72 98 3 57 2 44 2 14 24 41 40 63 8 20 93 45 37 95 4 82 67 63 
100
1 2 56 15 76 5 97 10 9 14 86 94 61 56 39 73 93 58 48 63 18 84 34 64 77 55 82 76 59 70 17 95 56 95 48 74 12 8 50 79 74 11 40 56 8 6 8 59 78 11 22 41 10 51 70 12 68 97 14 81 11 13 83 82 72 10 49 48 10 49 37 97 17 31 41 47 27 32 38 64 47 49 57 65 96 35 42 45 46 77 22 60 23 8 54 39 1 69 4 78 
100
78 27 74 95 36 37 66 12 49 62 72 88 2 95 38 78 12 61 19 78 7 72 65 12 43 71 90 35 87 61 89 34 68 95 70 13 62 59 58 86 4 76 79 45 94 47 8 81 38 73 32 56 72 10 80 6 83 62 6 4 35 30 79 78 88 33 93 11 18 27 85 29 19 30 91 5 7 3 4 32 94 71 43 9 23 78 19 97 87 5 59 36 67 75 47 50 82 57 78 46 
100
90 42 1 50 18 67 23 11 76 20 17 14 9 7 64 7 89 30 65 81 55 35 20 35 80 74 16 29 3 10 98 89 97 52 4 75 73 57 4 48 99 18 16 43 97 44 64 50 87 24 59 34 31 49 78 47 63 89 99 19 85 42 28 73 11 72 90 79 96 26 85 23 99 72 93 76 79 72 99 72 87 73 28 69 99 47 1 62 34 53 67 20 73 51 85 41 96 80 60 15 
100
8 3 51 32 60 28 59 44 16 13 80 47 59 57 69 85 3 97 20 88 31 62 73 61 52 54 45 29 20 46 50 69 11 83 85 15 54 24 3 27 66 20 48 79 57 68 33 55 80 15 47 79 72 67 85 53 4 79 59 13 43 23 3 68 14 68 20 89 57 73 76 26 39 41 66 98 51 45 73 97 52 36 16 17 83 82 94 48 67 10 47 46 25 11 44 60 82 20 87 5 
100
90 35 7 32 38 43 23 86 40 98 84 13 52 53 20 22 31 21 12 31 60 34 10 19 71 14 72 46 53 4 55 48 11 90 95 69 10 51 14 94 31 37 59 83 57 62 94 48 79 65 37 61 58 12 12 57 27 52 48 97 37 8 60 84 41 69 17 2 9 46 76 19 70 39 90 73 33 23 24 85 41 54 62 42 35 100 88 66 94 8 11 25 68 68 5 27 93 13 65 66 
100
74 18 5 84 64 40 8 37 2 60 30 96 76 40 78 62 58 26 7 92 77 67 74 71 48 84 19 13 21 83 50 45 49 15 76 1 45 27 6 19 83 96 5 2 88 26 79 42 91 62 93 15 2 81 65 66 64 59 49 8 75 32 65 95 22 59 78 63 61 58 51 25 27 77 9 30 81 82 37 85 42 3 4 41 23 2 43 70 43 66 76 30 13 43 69 17 29 8 26 44 
100
52 91 88 69 8 89 73 12 55 82 57 80 79 51 71 20 70 98 80 31 27 81 87 19 77 91 87 94 50 100 61 66 42 51 73 90 73 45 1 4 55 63 51 2 98 64 84 32 73 92 30 38 43 40 99 49 66 63 30 91 13 17 38 77 28 14 93 17 78 61 31 55 75 25 58 51 55 3 20 87 19 25 54 3 15 35 4 30 67 60 71 98 94 60 42 4 24 19 52 49 
100
23 60 44 40 52 11 34 27 3 56 62 43 32 89 99 20 23 77 61 61 26 50 53 66 70 80 76 63 11 76 75 34 52 27 79 19 78 47 25 51 76 2 35 27 32 88 27 83 79 80 47 75 22 93 1 100 7 59 61 10 62 79 18 92 57 11 14 45 86 51 21 38 31 47 62 12 47 38 70 7 55 14 69 31 91 73 51 58 66 11 97 74 95 5 48 96 86 62 69 97 
100
54 4 10 32 49 33 12 97 85 2 89 44 63 64 52 73 61 21 70 27 72 73 47 34 28 78 10 89 23 88 33 39 60 54 81 14 20 37 56 70 66 26 64 87 16 69 43 93 56 39 87 27 23 93 8 34 67 34 15 96 49 67 66 24 35 96 13 43 78 31 3 51 2 40 90 3 20 87 11 56 100 29 13 19 85 71 87 19 30 72 52 79 50 82 91 31 86 96 43 23 
100
97 94 21 53 97 45 95 57 76 24 47 61 13 11 21 38 52 26 21 60 72 50 33 100 52 72 65 36 95 24 39 79 11 28 57 3 63 56 77 27 45 5 68 49 68 7 66 56 90 80 18 13 36 22 85 83 25 34 55 92 73 5 84 38 47 75 76 90 92 47 94 3 65 58 54 34 67 4 65 41 30 11 53 70 40 25 56 42 99 84 70 82 80 31 35 40 17 4 65 56 
100
45 84 86 37 38 75 64 74 75 93 70 82 28 12 70 8 19 35 80 87 36 33 13 78 80 2 23 29 40 87 41 11 4 16 18 71 2 4 75 65 53 79 40 58 72 87 98 34 69 91 94 53 58 19 33 88 21 26 53 74 38 52 27 71 75 39 17 39 51 96 90 17 3 22 16 30 94 43 33 1 78 7 25 61 72 20 42 5 59 66 45 79 18 38 88 2 32 53 45 4 
100
68 76 26 96 23 98 1 45 86 10 34 84 42 89 54 14 37 41 15 52 42 99 42 30 88 3 48 2 77 86 63 15 33 72 34 98 68 34 84 83 80 50 90 39 41 6 52 52 15 86 65 90 22 69 16 5 57 45 98 46 33 1 85 95 78 64 75 37 73 24 16 8 52 68 8 70 8 90 97 52 53 23 15 61 35 12 52 7 19 89 10 59 31 44 71 16 79 4 89 87 
100
40 62 18 29 26 52 21 62 17 28 41 69 3 72 14 43 25 31 66 76 83 6 82 80 53 53 69 30 56 43 87 87 100 17 93 17 78 9 37 30 97 74 22 95 61 72 33 52 85 100 85 97 37 94 71 45 18 80 81 22 89 47 98 22 41 1 59 53 81 65 23 70 69 86 77 10 75 16 69 83 37 89 22 25 82 87 72 79 94 99 54 59 86 38 77 3 43 89 49 27 
100
93 86 23 75 3 81 84 23 29 8 82 16 19 23 97 56 96 7 31 76 57 21 42 94 11 53 1 22 90 27 33 37 32 65 66 56 65 35 87 33 16 12 11 67 53 6 4 19 29 100 36 27 67 85 69 66 80 79 65 23 54 57 47 55 56 90 36 25 17 36 2 68 14 48 56 41 73 34 78 29 55 2 32 53 80 28 45 51 98 26 90 19 11 88 42 27 75 25 49 67 
100
17 27 60 93 8 47 63 12 42 62 49 34 8 99 47 60 64 54 79 97 71 44 11 61 29 84 47 99 35 74 31 5 76 22 21 59 27 2 17 63 31 67 86 15 62 78 72 35 20 71 82 5 96 14 1 34 25 17 18 3 50 64 97 43 93 23 66 95 93 9 53 87 54 81 20 43 47 94 75 58 94 50 7 46 30 12 92 12 61 22 18 33 3 76 21 82 18 15 3 71 
100
80 36 12 74 74 40 68 10 82 56 46 82 87 21 1 28 7 78 83 97 50 1 47 95 2 2 99 37 54 77 51 41 6 99 69 95 3 88 1 65 79 92 99 2 4 18 22 4 29 12 15 29 97 48 18 8 79 98 8 24 41 51 7 92 37 21 50 63 41 93 76 19 10 25 58 98 75 38 94 89 79 17 23 82 60 28 71 97 22 15 92 87 19 95 34 89 36 48 27 13 
100
92 62 12 28 87 5 32 31 50 49 86 55 49 66 96 62 85 8 61 45 71 35 62 55 24 67 81 95 6 70 86 69 60 24 10 28 58 22 48 96 8 50 62 50 10 31 13 17 22 30 25 88 2 76 55 91 96 33 55 94 65 100 68 91 37 67 82 100 43 93 55 69 32 35 25 51 52 56 3 17 17 28 62 46 51 83 34 92 16 77 41 11 4 46 64 28 15 91 71 95 
100
82 30 73 27 56 78 40 29 50 29 46 76 61 56 49 60 90 100 76 44 6 97 47 57 31 39 63 55 39 92 86 9 79 13 89 57 55 24 54 33 72 61 5 89 94 68 82 73 39 39 41 57 47 32 92 68 90 64 96 32 95 37 10 67 35 82 20 51 53 81 80 98 42 62 61 89 48 32 80 45 27 15 44 91 12 45 85 76 73 66 45 12 12 99 100 80 32 76 1 21 
100
66 57 50 88 32 6 17 35 55 30 83 89 56 54 42 20 15 1 89 46 73 95 30 70 23 10 79 41 20 8 93 76 18 31 23 63 99 78 2 79 47 1 56 84 100 42 90 74 78 28 53 21 76 63 36 74 63 18 48 80 77 90 24 47 21 80 75 12 1 21 55 1 52 88 83 54 61 68 40 5 7 66 88 77 67 48 27 77 43 71 27 15 45 98 89 11 87 44 7 2 
100
3 85 53 74 86 48 67 56 9 95 50 95 16 6 87 35 26 29 26 62 45 76 59 38 94 68 68 71 24 83 51 45 10 84 83 93 77 1 89 29 30 81 2 74 60 57 1 90 34 45 86 97 84 11 100 35 62 35 55 15 32 49 38 78 16 35 58 3 33 14 49 49 90 52 4 45 94 36 63 78 57 97 82 39 71 46 47 72 68 65 11 67 72 14 93 28 75 70 70 14 
100
31 29 70 25 28 41 37 53 16 13 29 64 29 93 11 67 76 30 8 52 79 56 82 40 34 5 56 55 81 81 66 37 65 84 92 48 92 88 45 69 77 72 66 3 12 56 88 61 2 98 59 64 69 37 28 73 67 59 82 56 76 12 31 9 100 84 84 50 70 93 55 57 65 7 31 75 24 16 54 21 9 76 42 67 5 87 29 98 20 80 51 6 46 22 60 56 93 93 34 43 
100
53 20 51 13 76 20 31 13 72 55 25 48 41 66 48 77 39 100 40 24 67 72 72 21 33 32 78 85 91 79 45 68 76 36 63 14 94 25 59 12 72 70 76 57 58 53 63 74 87 18 85 94 10 51 73 46 68 66 32 84 45 30 10 64 20 70 64 71 60 40 35 12 80 77 20 13 100 69 55 87 5 10 65 44 76 88 97 12 75 12 87 85 45 81 68 40 14 62 73 37 
100
52 93 82 94 39 32 76 7 68 62 62 19 42 36 52 91 88 76 65 87 38 18 79 97 38 85 60 3 82 8 64 91 91 30 60 56 7 67 97 19 88 84 49 71 44 24 81 78 32 55 64 23 73 31 15 20 8 46 22 77 100 72 41 1 61 93 46 53 35 9 54 61 61 50 47 57 60 70 25 37 31 77 67 1 56 25 36 76 90 92 21 86 37 9 85 63 87 52 40 2 
100
12 59 40 34 64 81 57 95 87 57 59 44 53 14 54 92 99 14 85 35 74 43 53 87 55 9 36 70 27 65 61 69 24 17 19 61 27 65 62 85 11 50 100 48 66 77 28 57 70 39 47 44 83 86 31 11 19 98 17 37 59 61 6 53 64 51 26 62 80 94 56 93 13 13 71 36 30 60 21 70 34 87 9 88 93 26 91 30 46 21 61 72 33 75 34 74 12 77 69 42 
100
45 64 7 93 38 70 78 29 13 45 90 66 37 68 100 25 29 64 84 53 83 38 39 56 19 13 86 9 57 30 86 28 48 38 16 33 61 5 90 33 24 85 99 42 40 36 55 69 61 13 43 71 37 8 28 67 20 69 22 97 65 99 66 44 56 42 91 39 5 9 53 39 13 96 47 48 48 60 39 52 2 100 12 4 10 52 39 68 92 12 21 26 21 84 44 38 81 94 71 33 
100
100 39 35 68 81 37 3 51 51 28 88 93 16 64 70 64 1 63 97 36 26 66 83 17 46 49 57 55 35 95 61 19 65 51 75 34 76 93 51 67 3 76 5 96 20 44 5 96 2 19 6 61 80 67 86 65 3 10 80 62 77 36 40 75 16 73 34 24 3 53 2 41 90 4 23 1 64 93 34 80 100 80 29 94 41 55 19 10 11 94 51 68 17 79 61 79 21 85 91 18 
100
96 63 84 43 54 11 89 37 6 23 1 70 89 56 67 36 53 33 61 25 84 43 26 12 6 86 47 26 88 70 55 81 97 79 58 100 30 78 80 51 96 62 57 20 56 13 31 10 56 14 45 65 29 51 99 18 93 86 99 17 77 38 2 4 89 75 100 97 50 73 83 95 80 81 35 9 30 85 62 36 35 66 86 10 50 23 11 46 72 71 29 62 96 43 75 71 59 13 1 72 
100
94 36 23 37 57 30 42 2 41 54 15 58 12 73 14 1 3 83 49 45 84 29 76 79 93 50 51 98 37 91 38 88 86 63 80 50 67 55 51 97 6 25 75 9 72 23 33 76 88 46 10 86 25 64 53 60 72 43 13 82 98 95 46 2 6 53 17 74 93 65 58 80 61 53 41 52 43 67 29 50 49 54 13 90 36 43 39 24 26 1 82 11 62 86 42 41 66 32 19 83 
100
81 28 82 19 66 4 38 43 94 11 91 80 82 97 56 43 87 43 91 35 45 30 89 95 57 15 9 77 38 62 81 95 6 71 63 68 94 100 66 19 43 73 2 92 27 80 43 87 72 88 36 37 22 80 99 92 99 20 8 66 34 32 40 13 96 92 19 65 99 86 92 43 8 30 91 25 72 19 67 82 61 30 75 11 94 16 83 37 100 23 19 93 18 85 31 66 83 73 75 30 
100
3 98 5 71 3 69 85 59 49 29 92 26 32 13 28 24 91 14 46 7 68 21 33 33 43 71 31 72 87 79 50 69 52 48 16 48 34 44 14 11 95 48 37 61 51 52 30 68 3 57 60 48 19 62 35 90 67 100 31 81 77 22 5 72 56 43 66 37 60 97 86 80 32 66 63 98 96 13 53 80 97 43 72 58 49 2 60 9 39 97 40 85 71 30 7 15 14 13 2 2 
100
81 49 38 94 38 80 33 98 74 82 31 22 96 18 47 57 19 68 29 13 64 90 46 47 30 82 22 56 22 32 5 84 48 80 18 30 27 6 56 44 49 92 17 5 30 47 76 56 23 38 29 58 24 71 8 27 19 32 86 41 75 97 27 5 67 62 1 35 81 55 43 8 81 47 50 6 10 6 64 47 2 94 25 49 77 84 99 9 36 22 76 45 67 8 87 80 69 99 32 93 
100
6 61 31 51 26 98 76 47 56 19 50 58 9 89 93 57 50 84 22 70 99 73 76 33 85 72 34 50 54 34 30 33 64 10 36 3 32 14 19 83 24 25 87 2 26 27 36 90 83 100 98 21 98 96 89 48 13 19 23 45 6 36 84 50 22 3 41 3 55 80 20 55 26 82 99 69 39 75 39 9 7 48 74 50 35 85 8 74 83 19 47 80 62 21 57 92 32 40 51 100 
100
35 22 59 82 14 92 85 50 87 63 37 37 52 24 11 34 57 22 76 71 28 61 17 47 100 25 82 28 94 93 89 44 24 84 11 24 92 76 13 54 42 21 63 38 49 64 57 35 99 17 22 48 62 49 62 39 49 84 19 68 60 82 8 62 3 32 92 25 65 9 81 79 35 46 96 68 18 31 11 4 55 64 94 84 18 35 86 67 85 93 39 55 26 46 75 62 14 20 92 58 
100
19 85 42 12 40 90 5 12 27 87 10 6 60 91 63 95 16 90 60 80 37 22 95 14 40 74 87 49 38 26 57 82 51 42 95 70 80 21 29 37 92 50 9 23 98 28 62 42 65 35 32 12 59 25 6 11 86 78 8 46 60 32 11 97 6 90 37 8 15 54 69 100 38 61 81 90 41 5 10 52 83 6 19 41 33 86 65 37 4 14 69 77 6 26 15 32 10 95 7 54 
100
17 75 57 79 63 7 17 100 73 76 35 5 32 3 21 63 9 99 35 28 31 6 86 35 98 18 76 98 57 77 95 88 42 78 44 60 76 98 50 11 62 95 55 2 14 78 85 16 53 99 61 41 93 85 32 59 7 63 95 43 69 30 82 67 3 8 51 95 42 84 11 86 76 79 36 38 83 47 8 82 72 45 42 31 23 44 67 65 4 32 84 52 32 37 59 74 50 28 73 18 
100
99 46 65 98 44 43 34 33 98 25 42 8 18 2 63 78 94 83 59 62 3 2 78 92 9 53 94 38 88 64 79 63 57 56 48 25 12 89 22 48 95 1 10 91 90 98 32 7 76 58 6 28 71 21 86 63 80 95 77 65 14 34 4 38 50 62 67 22 1 95 39 30 21 67 16 58 34 61 60 9 91 97 75 46 8 29 87 49 61 79 69 1 74 31 57 33 80 52 51 29 
100
20 22 55 47 22 71 33 13 49 39 56 28 54 15 4 13 22 33 34 75 59 32 53 22 57 3 78 34 81 45 47 67 15 82 55 71 37 25 1 4 75 27 79 33 20 62 53 27 21 7 99 40 100 8 79 38 60 6 14 1 43 98 32 91 48 95 49 95 94 48 35 64 44 42 78 75 59 28 12 59 97 25 77 41 32 97 23 99 66 8 37 76 41 99 93 49 6 93 21 2 
100
81 21 76 52 49 56 5 50 22 26 30 22 54 20 88 41 61 8 38 85 54 32 9 1 63 76 55 70 84 63 23 57 75 32 79 69 16 45 51 30 65 64 37 2 33 35 65 52 92 61 44 6 62 19 83 31 29 29 6 5 36 14 30 7 50 29 25 46 22 5 16 24 80 73 81 37 16 84 76 66 21 32 32 16 57 6 18 27 15 57 97 6 37 94 34 40 79 20 74 95 
100
95 79 29 19 23 87 38 87 52 73 100 12 100 65 11 50 71 50 60 20 41 86 17 53 31 83 60 20 30 20 41 72 8 28 42 4 82 100 39 42 66 36 94 97 66 95 24 77 20 18 53 78 71 78 61 11 46 53 48 52 80 55 26 10 79 68 26 30 97 13 8 40 44 91 34 69 61 39 24 92 24 77 54 49 25 26 66 75 14 35 57 23 75 15 55 84 26 35 22 97 
100
60 42 26 53 64 39 66 5 71 5 39 87 95 10 43 34 12 61 75 82 59 90 24 57 37 89 5 38 55 57 45 81 52 6 57 63 92 79 61 68 30 69 76 82 45 10 15 96 38 45 53 99 1 14 52 7 20 32 99 21 84 82 80 3 55 43 28 24 14 73 17 58 20 67 99 86 82 29 51 43 4 84 91 74 64 27 26 16 26 10 15 47 64 13 43 58 99 39 88 96 
100
37 91 43 12 16 38 61 38 10 23 86 24 71 99 10 95 64 53 89 56 62 49 57 31 3 67 57 82 54 91 16 77 25 62 22 37 37 44 78 54 86 15 45 54 81 26 90 31 70 75 70 40 63 74 10 10 44 24 74 40 46 15 5 13 97 78 19 93 17 87 37 59 4 83 15 97 28 45 90 93 80 39 9 6 83 33 69 10 89 60 24 87 41 26 74 23 7 35 57 65 
100
63 92 47 80 62 17 49 46 54 16 83 61 12 95 69 41 65 22 12 46 81 18 48 7 57 58 60 68 66 88 45 16 91 38 96 53 46 58 39 84 53 86 72 16 64 60 42 94 41 9 68 55 16 4 73 21 5 93 79 31 22 59 46 58 65 23 31 91 54 22 84 19 8 76 82 65 42 2 86 75 99 57 67 24 27 28 25 36 40 28 10 92 23 74 17 71 97 85 80 33 
100
64 68 8 4 3 18 52 96 40 48 82 3 71 95 41 9 96 63 28 92 28 75 58 55 74 14 22 92 35 89 48 15 70 30 13 13 66 96 55 90 52 4 81 7 33 67 50 10 56 37 7 5 12 98 54 25 5 31 44 16 83 7 99 54 91 34 12 73 69 50 27 54 25 52 65 21 66 69 21 12 91 90 26 48 48 25 43 17 17 24 52 91 50 63 72 97 58 77 8 73 
100
44 39 71 88 43 61 70 91 36 57 58 34 22 21 52 48 32 79 100 55 95 63 73 90 14 45 36 72 45 15 3 55 55 33 28 20 94 51 73 33 16 47 42 68 15 39 93 46 8 65 10 28 69 14 16 80 80 44 78 8 75 63 85 90 22 50 45 63 58 93 66 2 27 66 13 7 99 12 19 49 64 87 49 75 20 18 52 2 89 21 99 95 12 91 67 23 5 19 3 68 
100
15 33 56 78 71 99 90 66 87 20 15 97 89 1 44 4 33 59 34 30 71 44 34 36 24 77 73 48 20 39 93 20 41 9 32 33 18 46 14 53 94 47 60 22 65 35 3 20 75 92 34 38 16 33 32 36 67 70 54 39 76 12 40 30 8 34 45 31 70 55 48 53 19 36 28 97 77 16 11 54 17 31 39 70 46 72 17 9 54 70 78 52 67 96 79 2 88 72 28 57 
100
81 89 77 93 32 1 83 61 50 41 20 30 81 94 65 52 43 56 84 46 35 81 3 21 6 64 79 72 45 99 80 39 6 77 100 73 28 48 6 2 10 2 53 49 34 58 53 14 82 34 50 15 15 31 35 80 38 96 76 65 100 46 70 83 32 100 58 94 63 54 97 37 27 67 55 46 80 67 55 95 35 74 50 85 95 87 62 41 5 32 69 28 99 54 98 83 69 44 39 22 
100
24 55 83 73 23 56 42 45 39 65 3 40 65 96 49 39 13 46 1 86 1 68 91 9 63 88 75 66 96 65 22 28 69 42 61 34 60 84 9 2 3 59 95 64 42 80 30 57 19 56 27 5 17 11 93 25 93 50 33 49 5 73 43 97 77 69 94 5 5 5 8 62 88 23 62 23 21 62 94 8 47 73 50 5 37 34 48 35 88 60 98 27 28 38 76 15 45 98 27 33 
100
61 9 80 92 82 27 42 53 70 97 21 79 39 61 87 91 36 9 47 83 39 60 83 24 53 94 46 41 99 42 71 10 38 1 29 9 89 12 55 31 85 94 54 54 21 43 96 34 8 76 7 98 4 84 3 64 4 19 28 27 28 93 7 8 43 97 30 3 1 66 95 12 75 65 13 98 31 60 93 58 24 31 20 35 70 29 80 92 14 14 40 2 52 82 43 36 68 28 84 100 
100
6 52 63 41 34 98 48 14 40 8 17 12 52 77 41 46 20 59 10 47 97 42 42 33 60 19 2 89 61 24 63 72 45 80 54 92 63 68 64 78 76 83 81 78 16 28 98 3 92 46 10 46 70 69 55 21 58 98 89 48 22 79 6 58 96 68 9 27 3 85 4 14 51 5 29 79 84 58 57 79 73 58 24 35 10 13 75 48 23 96 75 64 36 98 25 94 45 9 67 90 
100
88 91 70 23 93 45 4 16 25 52 35 69 91 42 15 56 75 19 73 44 24 41 97 37 89 93 13 36 66 43 70 11 12 63 94 44 10 37 94 31 85 45 79 2 66 92 16 37 75 31 42 53 20 69 74 51 70 87 26 96 37 14 38 4 5 69 73 46 14 15 53 91 37 3 15 53 79 10 34 72 60 45 85 65 66 67 95 19 55 14 95 51 77 41 12 69 49 92 87 36 
100
17 84 46 4 78 24 71 66 44 69 42 63 48 84 43 6 76 5 15 36 29 56 69 77 97 37 64 80 70 30 75 2 19 55 20 19 6 37 72 33 30 32 99 25 77 66 71 83 5 37 20 38 62 26 23 72 79 90 73 15 42 33 6 68 73 2 92 51 79 70 2 23 45 49 22 75 53 73 50 37 45 96 99 98 76 24 58 74 22 84 4 69 36 62 71 43 81 95 53 64 
100
83 11 12 35 62 54 55 100 67 2 24 43 43 54 94 59 41 73 81 6 90 19 76 31 24 93 79 74 33 28 9 55 68 8 83 69 75 48 61 36 11 49 16 61 5 62 89 13 71 3 41 25 35 3 98 72 14 54 57 85 27 95 40 95 12 20 14 90 98 3 85 36 21 21 67 83 58 26 7 81 81 96 46 22 13 99 41 88 70 80 70 89 49 4 55 8 65 68 30 9 
100
25 83 30 2 85 52 48 98 51 48 33 66 75 57 79 69 72 88 50 32 4 33 38 33 85 77 82 82 50 72 74 18 58 19 81 65 31 4 44 9 62 1 91 8 64 90 45 78 56 6 97 62 68 11 60 41 21 32 64 54 3 28 11 94 40 9 89 38 39 78 62 69 24 21 100 31 50 55 75 42 13 97 65 44 62 35 100 42 84 7 22 88 92 72 85 52 14 47 79 71 
100
41 70 39 61 13 95 20 96 32 88 10 92 36 64 19 22 38 84 11 18 54 48 47 34 45 63 99 80 66 94 46 51 54 32 18 45 58 73 32 42 6 12 25 36 51 73 90 67 45 44 1 68 46 56 4 34 34 71 33 10 39 66 63 94 92 35 33 29 29 9 36 98 73 32 17 79 100 98 87 91 21 65 6 1 42 46 77 47 75 10 1 59 5 99 22 57 80 100 73 94 
100
47 28 47 79 11 44 42 44 9 72 77 90 7 49 80 23 57 92 73 81 28 17 64 74 48 68 30 71 83 71 12 63 29 2 62 21 13 12 43 47 12 83 17 97 92 62 62 21 51 72 16 73 62 83 33 40 44 78 76 12 51 40 38 40 82 19 44 64 67 64 24 97 27 39 75 19 54 24 46 16 37 35 67 50 23 14 70 72 65 85 11 85 98 59 14 57 21 26 34 69 
100
50 23 70 17 80 95 42 4 27 29 52 10 73 73 94 17 76 68 67 70 36 53 72 77 27 40 21 47 100 33 92 83 40 86 29 35 38 24 34 45 42 68 34 2 64 98 88 8 18 22 89 74 15 58 50 20 85 10 23 14 22 42 89 94 14 49 24 52 60 11 37 44 19 88 1 9 62 81 22 57 47 48 68 5 19 35 22 67 22 50 39 92 43 42 86 15 93 76 8 3 
100
68 33 56 68 73 2 96 37 68 56 80 72 13 86 11 14 65 78 80 65 85 52 69 67 99 100 2 53 48 87 93 8 17 97 78 42 30 34 76 89 24 53 73 43 98 40 51 41 99 85 39 90 14 68 90 90 93 78 81 40 86 5 66 31 11 10 97 36 5 64 32 33 72 77 33 56 52 17 31 11 83 25 92 2 93 6 46 66 16 14 53 49 29 72 91 9 50 87 85 61 
100
6 83 10 38 54 76 13 18 6 78 28 83 63 14 90 2 62 85 44 18 49 78 100 82 80 86 1 17 42 53 43 6 93 40 86 95 8 73 93 34 92 7 37 97 93 35 70 69 1 90 33 58 81 36 78 86 51 48 4 64 75 100 91 34 74 44 9 84 13 42 68 75 90 40 71 82 11 34 35 72 38 5 60 34 44 21 80 78 90 82 75 93 98 16 60 61 46 64 7 25 
100
48 69 7 65 24 73 22 97 63 57 54 5 49 78 10 83 66 68 10 20 97 3 15 36 97 13 14 79 11 27 63 15 43 99 49 100 74 5 49 86 40 9 82 7 11 21 43 68 24 83 95 3 20 57 92 53 13 50 91 13 62 20 90 42 73 32 15 17 52 58 76 86 74 66 36 95 86 45 74 41 36 72 75 8 55 30 96 89 79 100 89 70 95 86 31 16 54 88 33 39 
100
34 98 69 99 93 51 56 19 39 80 3 39 28 100 88 37 38 27 98 31 69 99 88 98 99 38 39 95 10 30 62 63 24 14 45 40 33 58 1 66 95 8 56 29 2 99 63 49 61 68 28 39 69 91 85 82 60 88 46 14 45 47 82 84 90 45 55 26 18 73 12 64 56 30 6 63 88 5 23 65 52 64 99 70 49 20 47 77 12 8 47 93 83 32 94 18 89 49 13 87 
100
72 65 88 66 76 89 84 86 80 9 2 51 52 53 42 99 87 1 23 83 90 38 18 41 20 78 22 73 75 28 67 14 11 38 10 7 18 63 11 65 100 24 8 6 79 25 6 2 90 8 77 41 61 13 8 97 21 4 9 94 93 11 26 99 4 24 29 71 73 62 50 60 87 63 70 66 15 81 62 83 34 15 92 58 7 95 33 38 80 29 68 4 52 26 78 15 65 6 70 10 
100
43 27 23 12 53 92 48 96 78 33 11 27 75 63 25 86 95 86 76 14 50 72 47 63 42 61 74 61 55 73 73 21 23 98 82 43 86 3 5 51 34 92 68 53 20 99 7 65 97 15 54 27 80 78 44 64 5 64 95 29 31 89 5 79 5 75 52 72 86 86 98 15 5 96 74 26 27 37 39 64 21 61 94 1 52 43 98 90 80 94 44 92 91 6 3 53 25 18 25 36 
100
37 43 34 9 49 27 45 29 3 83 49 38 35 14 57 94 64 79 63 49 3 68 46 57 49 100 74 82 67 98 64 69 35 92 14 87 29 82 52 38 45 22 72 24 47 20 63 12 98 98 16 41 5 14 36 20 44 55 3 50 63 44 58 82 60 47 93 44 97 73 12 65 95 90 84 49 9 44 15 79 44 75 100 99 20 20 87 58 15 2 41 21 97 49 63 71 96 36 8 49 
100
57 64 44 3 50 31 74 65 25 54 30 57 21 95 40 34 67 30 35 74 68 2 17 96 89 46 65 25 19 5 11 12 57 75 5 83 50 1 50 12 43 74 47 52 17 6 23 55 78 99 91 72 34 59 22 62 68 62 11 55 58 53 81 76 1 45 54 62 84 7 47 79 59 92 39 47 43 60 14 41 21 93 31 29 97 93 78 84 44 52 31 14 79 83 71 70 25 71 96 90 
100
82 78 70 13 70 3 81 59 81 21 44 8 8 30 69 7 41 32 26 64 38 47 22 28 56 20 96 48 21 49 38 53 74 98 43 18 62 64 86 39 42 8 30 68 60 47 70 61 50 59 28 92 15 24 99 83 51 36 53 17 29 47 74 59 90 55 64 19 73 43 85 23 94 7 96 54 79 35 41 64 88 32 20 40 33 91 46 75 30 23 5 50 86 89 49 62 60 57 56 35 
100
81 64 27 83 50 8 89 93 78 4 44 94 39 93 53 62 2 92 93 38 51 20 89 61 14 2 5 48 90 55 61 6 24 11 36 76 64 64 38 33 14 4 71 94 71 18 64 100 21 94 58 54 76 88 69 1 50 79 90 80 14 83 44 21 25 71 3 93 37 83 30 75 33 12 87 8 44 77 97 25 41 75 1 70 100 92 16 54 63 20 27 71 91 55 36 43 59 1 49 59 
100
29 28 38 90 41 8 24 49 83 9 23 2 12 57 51 91 79 1 38 37 27 85 65 48 33 72 50 76 100 69 13 76 37 41 1 86 72 32 93 76 38 53 38 70 81 93 12 28 53 2 60 53 60 94 16 39 48 25 65 57 11 87 52 94 3 52 24 12 28 80 23 82 71 66 55 9 84 70 47 1 78 90 26 38 81 27 75 53 44 80 30 48 56 43 53 93 73 58 43 91 
100
43 55 57 29 32 56 22 32 9 14 4 50 82 64 3 8 41 63 2 72 21 95 72 68 55 73 17 71 81 70 13 91 7 38 76 35 79 47 82 81 96 87 53 12 13 33 36 28 14 59 26 30 79 52 84 90 56 28 24 90 69 50 55 9 95 93 67 87 54 22 80 43 21 19 23 38 99 77 81 86 51 71 59 83 14 84 86 52 71 13 17 73 20 33 68 24 95 68 55 18 
100
7 19 11 79 20 100 77 37 72 72 25 44 100 11 76 74 22 38 13 97 48 52 16 89 9 42 25 52 31 51 20 87 25 88 56 95 61 27 45 83 64 6 72 72 69 2 74 35 44 73 78 29 44 25 71 33 66 30 65 97 71 45 21 34 52 42 11 18 72 55 79 55 52 26 51 61 94 90 72 22 58 44 64 65 97 7 87 89 66 97 1 92 39 72 94 92 16 45 91 16 
100
70 54 4 34 50 46 10 88 79 57 15 88 9 81 28 24 48 12 7 26 29 2 16 56 3 2 97 28 100 28 36 2 69 50 20 26 84 84 20 59 60 8 19 12 22 14 93 99 98 78 29 51 67 79 75 94 79 16 43 90 91 81 11 51 43 76 94 86 68 13 26 76 25 63 71 58 75 83 60 12 21 82 89 44 4 54 50 40 76 57 91 54 58 90 4 91 86 80 11 70 
100
16 20 39 19 59 37 76 83 46 46 49 85 59 92 88 29 44 16 44 77 96 79 55 97 78 24 14 79 68 66 90 74 30 55 52 3 40 72 65 62 50 14 99 18 86 95 98 11 95 17 34 50 48 96 75 14 67 95 26 54 83 45 60 67 28 72 69 72 45 46 91 71 10 98 78 85 36 89 66 33 18 21 55 53 89 21 68 97 41 23 40 88 89 43 80 5 57 84 21 62 
100
7 64 25 63 88 35 67 60 32 20 100 15 11 92 28 17 57 94 18 11 73 95 71 94 29 38 27 78 17 67 9 42 93 38 68 68 99 13 82 38 90 49 54 70 19 61 44 94 58 99 76 63 61 57 67 67 55 27 53 20 8 1 12 63 22 40 35 21 3 28 3 12 25 52 78 41 95 69 64 85 22 80 27 94 70 63 97 27 47 10 77 30 22 86 22 9 8 41 63 63 
100
52 39 68 49 63 61 52 48 25 12 64 12 47 4 70 22 53 18 45 90 49 94 40 61 47 69 9 56 62 82 68 52 98 15 64 49 11 11 41 16 3 94 51 50 20 80 26 13 8 49 18 9 49 5 13 92 75 11 11 5 47 11 29 99 93 33 81 8 73 56 12 80 11 82 53 32 13 44 38 2 37 42 1 7 71 13 81 79 94 36 40 4 17 32 55 69 85 27 87 43 
100
62 98 66 72 35 10 68 48 66 76 75 70 83 79 45 5 3 19 47 26 76 76 33 63 27 17 69 4 63 37 24 69 72 66 75 13 6 100 9 13 55 28 77 28 38 66 79 98 61 11 52 14 5 67 46 100 25 90 24 86 69 29 45 71 8 80 82 50 100 57 75 28 96 43 47 68 37 9 47 22 25 49 39 62 10 8 50 58 7 78 87 31 92 61 93 79 62 79 44 11 
100
85 29 76 80 61 99 69 75 70 24 16 97 64 100 93 66 57 61 49 62 21 82 55 73 13 7 65 99 31 56 52 72 41 84 96 81 74 10 53 64 68 49 82 76 40 89 54 15 16 92 13 66 51 6 39 2 66 45 44 35 1 76 11 82 28 41 48 39 91 17 64 23 11 63 3 90 71 56 41 28 53 26 35 32 94 6 76 38 73 28 24 57 14 97 5 28 14 82 52 95 
100
24 3 13 96 71 65 64 19 15 93 95 5 38 2 82 76 20 14 78 19 64 95 73 39 44 96 81 31 59 1 67 68 90 78 54 96 81 60 24 68 78 56 75 43 17 18 40 73 22 53 16 43 57 64 88 21 29 4 59 50 23 47 10 10 83 100 87 74 95 16 4 20 10 57 74 57 56 72 61 15 25 20 3 22 23 57 85 33 43 71 44 21 58 75 80 26 4 42 73 19 
100
42 56 15 7 17 15 40 55 58 41 34 82 51 11 54 6 74 47 95 1 12 91 92 16 16 15 38 79 10 80 48 97 82 66 71 37 98 19 4 81 71 37 63 3 78 90 22 89 73 82 27 72 59 81 50 100 2 89 27 81 39 62 19 18 28 40 68 51 45 57 62 64 43 4 63 73 16 77 23 38 30 2 64 83 96 61 71 64 50 86 60 85 89 76 11 22 30 27 23 33 
100
98 85 87 12 14 78 35 28 39 44 40 66 100 18 55 53 95 15 99 84 14 54 61 6 43 33 75 75 50 47 72 33 45 7 27 63 32 62 46 92 2 82 41 8 87 100 19 34 60 30 25 21 28 53 89 20 89 6 88 91 34 16 78 13 26 46 93 7 33 73 41 18 16 36 55 88 91 18 61 19 51 55 33 78 26 47 20 16 6 67 41 10 36 66 66 40 17 79 22 99 
100
45 75 27 49 91 66 94 70 57 17 93 30 80 3 68 27 95 59 47 77 80 52 51 10 43 88 43 38 46 98 77 87 8 52 85 6 30 92 25 99 75 85 54 73 91 35 54 37 14 79 98 23 86 61 6 1 50 79 82 56 93 51 35 12 42 92 27 96 29 29 57 46 86 73 53 40 88 86 78 7 9 1 57 50 96 97 61 82 95 7 83 25 82 42 48 33 36 46 80 63 
100
36 19 5 83 35 11 77 62 64 43 57 21 55 21 90 95 30 74 52 78 69 32 65 70 30 90 47 55 96 71 37 35 47 56 14 51 92 5 83 95 13 49 26 95 68 61 84 81 56 62 37 60 96 38 64 33 51 25 20 56 52 40 73 77 51 41 96 33 2 48 86 83 81 9 42 38 72 96 45 5 39 50 33 64 8 60 98 60 11 25 40 62 14 22 33 28 30 86 42 93 
100
82 76 99 11 42 39 84 81 79 97 2 9 37 77 95 86 33 43 96 71 16 91 47 76 100 12 28 21 77 14 57 84 67 96 34 38 38 19 6 97 1 61 50 15 7 1 37 87 95 95 73 72 28 70 52 39 12 1 47 22 68 59 68 89 64 66 34 64 47 77 25 93 42 44 21 31 58 24 3 70 63 32 94 49 49 32 92 18 64 96 98 77 84 11 32 80 55 56 63 22 
100
99 56 39 53 63 98 5 96 88 71 2 72 47 78 22 86 29 99 75 73 7 10 12 26 95 71 20 6 47 99 63 74 17 14 72 5 58 46 72 29 47 74 22 11 16 69 23 29 15 4 72 49 41 19 41 75 27 47 29 54 4 79 79 31 64 57 3 62 80 70 50 57 25 21 18 45 35 100 37 36 55 83 31 17 62 7 58 38 46 7 78 100 86 100 58 70 18 10 45 63 
100
78 52 12 57 72 60 75 62 2 68 37 74 84 48 81 37 62 13 67 99 74 30 4 48 49 13 38 17 42 52 33 36 42 41 85 71 70 50 80 80 74 37 11 8 48 51 14 9 41 47 71 20 14 57 19 87 45 44 43 23 96 77 20 94 58 49 70 7 61 8 70 69 8 87 62 89 74 63 93 6 75 11 75 67 82 36 10 48 22 11 26 29 88 27 34 84 69 35 99 55 
100
76 58 80 13 47 37 75 93 51 66 7 47 56 86 87 27 81 67 25 88 24 3 51 58 74 71 70 30 98 33 11 9 43 96 79 38 34 89 54 88 53 94 63 77 64 96 34 69 13 22 50 49 3 68 5 62 7 69 49 57 35 73 39 76 38 58 7 10 67 37 65 75 57 47 94 26 75 81 72 60 81 25 75 9 91 5 100 89 33 53 10 51 3 48 58 61 85 99 67 72 
100
81 42 23 33 35 91 4 64 22 44 86 80 81 7 24 84 77 88 26 16 1 11 26 15 74 14 45 51 56 93 47 1 56 20 30 86 60 81 64 95 67 86 72 17 10 69 94 73 99 79 25 2 51 30 72 50 20 39 80 58 63 54 53 20 84 50 39 83 94 44 18 98 88 83 49 80 50 7 92 48 83 15 33 39 28 79 61 66 5 38 70 90 78 19 50 17 37 74 49 63 
100
2 73 44 41 43 11 14 64 94 93 59 29 55 88 91 64 62 18 24 46 1 44 39 88 54 79 49 28 95 30 4 98 93 56 71 36 98 58 79 50 22 39 7 68 45 53 26 84 43 67 6 19 64 53 1 71 53 40 8 74 30 35 14 97 26 53 74 15 15 16 26 52 23 80 7 2 24 16 31 47 46 18 39 83 54 65 65 99 28 60 19 6 10 45 49 43 100 23 75 3 
100
48 36 74 68 67 13 68 47 55 99 14 38 98 58 6 80 23 84 34 57 80 8 51 9 52 44 61 64 21 40 38 12 100 91 49 82 35 30 13 57 56 87 18 28 29 40 36 86 76 38 69 24 11 68 36 49 22 55 23 25 84 38 84 76 23 5 4 60 44 95 83 18 90 8 44 9 58 32 60 60 63 2 13 12 63 76 81 40 29 84 74 61 85 58 21 73 61 10 58 60 
100
65 32 2 1 65 22 75 73 97 50 43 42 73 61 24 62 26 36 15 14 82 25 92 52 11 99 12 66 62 93 16 18 13 9 57 15 89 81 64 41 18 78 64 12 3 67 34 5 42 47 85 49 31 47 54 62 56 75 5 48 66 16 37 44 2 21 4 3 62 100 83 12 25 56 28 31 91 76 96 5 46 86 68 47 30 13 70 92 99 9 70 97 9 33 66 52 39 9 84 85 
100
80 8 27 83 86 27 15 45 79 56 90 55 74 25 51 60 25 65 24 13 28 72 32 80 27 73 14 85 32 37 1 21 47 93 12 21 97 8 68 85 46 26 11 89 2 100 63 54 66 37 72 2 24 5 62 90 48 8 66 60 29 21 30 60 47 47 79 38 18 11 7 16 63 31 28 74 54 11 80 51 40 30 85 98 53 56 86 13 57 81 30 88 38 76 72 77 33 25 92 18 
100
41 20 82 92 72 55 84 59 6 57 65 34 83 57 59 89 92 84 52 12 76 94 25 9 99 52 42 36 79 45 26 94 71 18 98 36 36 14 88 34 82 60 50 44 39 31 15 47 9 63 93 39 74 53 3 55 8 27 89 82 79 25 46 77 90 7 94 29 83 12 84 10 42 86 97 40 32 83 97 69 77 3 1 35 24 23 94 87 5 18 29 94 7 50 20 7 95 37 23 62 
100
25 20 19 100 2 24 15 70 94 99 60 50 50 53 47 63 40 40 84 44 78 29 41 44 45 64 98 69 23 73 72 31 74 80 77 34 30 9 67 18 53 77 41 2 42 53 20 79 40 32 33 67 63 87 38 81 59 15 59 22 4 91 91 48 50 26 59 38 75 3 59 57 29 23 51 90 11 3 31 24 79 98 34 10 89 26 47 84 31 18 81 70 20 74 97 26 10 59 93 20 
100
95 12 43 78 42 6 63 49 63 26 13 69 8 96 46 31 82 28 72 25 76 86 89 42 46 20 41 4 48 43 10 66 39 53 24 26 12 93 28 55 93 40 25 66 37 88 98 58 24 98 39 65 5 11 66 53 9 75 35 59 25 89 39 54 8 66 94 15 100 26 71 17 1 23 44 11 21 99 42 9 29 52 94 79 84 69 65 59 31 8 25 37 37 38 16 52 96 31 4 56 
