100
100
55 82 18 71 79 94 19 57 75 22 61 100 5 90 41 9 17 13 77 5 20 75 73 72 48 81 67 17 78 9 82 99 43 20 23 95 43 75 24 38 23 53 97 5 58 17 72 89 27 50 92 36 37 44 93 41 38 69 10 34 96 29 83 80 49 6 65 39 45 55 59 76 82 42 46 71 3 96 68 53 62 87 92 10 87 47 73 82 88 14 45 56 50 81 20 72 87 32 89 73 
100
66 92 4 50 20 22 81 43 97 10 24 82 98 70 66 7 79 76 46 99 64 59 35 72 24 97 97 17 95 12 71 71 45 6 16 97 1 42 4 32 98 73 65 50 7 53 69 24 74 87 83 77 20 51 17 88 7 100 52 5 79 97 94 77 53 95 19 56 81 35 87 6 59 35 22 100 61 49 26 3 75 96 61 39 67 37 51 6 69 83 78 7 73 58 78 25 72 89 100 79 
100
65 76 29 54 85 73 68 68 24 85 40 31 29 14 95 93 4 94 12 18 40 50 6 24 32 76 56 29 81 2 80 30 3 32 95 47 70 67 31 83 13 51 80 49 86 38 51 79 85 34 4 78 86 61 26 95 72 91 92 44 91 88 98 78 92 78 16 93 68 57 18 96 86 37 50 59 93 48 37 26 5 1 56 44 29 36 58 36 1 51 14 7 28 24 15 14 37 3 13 49 
100
57 39 66 96 5 92 53 92 86 4 79 93 12 78 8 60 35 94 91 64 23 63 16 33 7 33 14 6 68 55 14 30 87 20 10 49 12 32 29 57 53 61 54 81 42 27 88 32 14 85 93 57 42 44 29 74 32 65 96 31 35 94 70 4 89 69 39 73 73 81 96 49 34 97 40 5 31 6 74 78 81 95 87 6 58 23 99 78 71 10 45 72 68 84 10 72 99 66 36 59 
100
26 67 75 100 9 30 25 89 23 32 85 29 36 41 85 4 67 82 34 14 20 81 96 17 5 52 33 60 93 43 22 32 21 81 77 26 6 5 13 77 91 89 51 18 35 35 13 57 61 17 40 37 88 2 81 27 21 27 4 39 99 100 81 51 45 24 24 80 1 66 87 6 65 69 80 44 74 96 64 40 85 38 6 96 73 45 85 52 44 13 66 54 93 36 80 64 42 56 12 89 
100
67 29 95 39 22 15 1 55 5 17 69 9 17 51 35 57 68 46 76 35 45 10 36 99 91 73 92 4 91 41 58 82 70 1 70 24 39 92 58 75 16 43 14 21 98 90 68 90 65 52 42 29 50 30 93 85 61 81 28 26 30 67 10 97 79 59 4 98 22 16 26 69 55 24 11 51 61 77 44 39 61 72 77 96 26 93 98 17 15 41 9 86 34 57 19 84 11 52 64 36 
100
97 11 50 80 2 68 53 67 72 9 1 79 34 18 80 71 85 86 35 33 21 96 82 68 88 72 34 63 68 6 47 86 74 21 90 45 93 53 96 22 17 85 59 73 26 66 85 27 92 2 95 59 32 4 16 33 2 8 46 32 16 37 56 89 67 86 80 18 65 66 67 95 15 71 67 76 60 52 72 14 49 85 59 3 98 67 6 88 49 89 48 89 2 7 28 16 23 9 91 53 
100
40 34 23 58 81 29 89 13 15 15 43 26 13 99 62 47 80 10 65 13 53 35 79 57 29 34 22 27 1 11 93 86 96 70 35 64 81 100 8 54 69 13 51 87 88 63 33 77 71 69 73 89 22 29 64 45 91 55 15 63 3 64 95 31 47 78 100 51 26 64 81 55 89 52 95 8 23 55 47 49 14 24 89 11 17 17 51 48 91 10 55 95 76 52 64 90 75 73 86 42 
100
80 21 35 46 43 4 80 81 12 65 73 1 4 31 94 28 48 53 99 90 13 3 65 91 8 14 49 55 82 93 28 86 95 30 79 49 47 7 45 26 49 42 95 71 31 45 87 50 17 50 49 36 97 94 37 39 99 60 69 92 42 24 42 37 23 13 84 19 61 96 88 68 16 90 8 18 82 79 89 47 22 76 12 80 27 46 89 24 25 92 17 55 6 55 9 6 12 88 95 93 
100
97 70 37 46 11 72 97 91 80 69 43 7 65 66 69 57 35 96 2 57 82 91 48 35 34 2 89 66 10 44 76 45 7 86 89 88 57 22 5 21 67 95 18 52 89 10 67 80 1 84 95 83 99 81 3 9 30 25 1 51 18 29 22 33 91 20 20 62 89 70 96 72 62 5 54 52 90 2 39 99 49 2 42 36 50 53 34 36 38 56 2 39 62 42 90 97 5 92 65 17 
100
85 13 28 45 93 50 54 46 99 11 80 1 8 10 43 86 64 61 16 100 62 18 55 54 39 57 11 20 94 45 89 40 64 3 95 78 24 4 55 19 6 49 55 98 92 71 83 33 62 55 2 85 42 16 57 30 30 36 98 6 92 21 79 48 2 51 97 42 79 81 12 78 42 99 60 51 14 67 98 3 10 60 11 4 66 50 76 57 65 16 18 51 48 26 44 88 63 35 31 82 
100
67 22 94 27 87 95 6 91 43 32 11 78 78 48 40 48 74 84 43 47 74 93 24 84 47 77 64 4 11 33 33 96 2 10 100 98 21 83 74 90 33 11 63 62 28 11 44 2 7 42 66 50 75 14 88 24 67 2 86 64 6 90 50 99 89 55 55 12 8 72 23 61 2 56 17 81 18 92 72 76 83 47 83 48 98 93 97 11 46 81 30 21 12 2 7 47 85 15 94 12 
100
77 26 82 87 41 30 54 17 59 97 23 72 39 96 83 69 6 48 71 38 7 1 1 70 30 85 99 41 36 59 82 95 86 21 46 92 9 58 77 29 46 40 86 74 48 89 1 59 66 60 96 64 21 27 59 36 10 51 87 48 52 71 59 19 52 88 96 45 48 25 23 2 37 98 61 44 76 86 27 4 88 65 73 89 66 11 47 21 53 87 18 80 63 91 24 98 92 76 20 77 
100
9 21 88 71 27 99 67 44 53 11 77 83 35 15 89 1 5 81 22 71 56 74 93 86 71 19 6 72 52 38 33 72 28 90 39 36 60 42 5 2 90 79 48 97 7 17 42 25 6 17 20 70 61 64 52 85 67 54 60 7 98 27 24 94 93 54 73 98 76 77 38 40 42 44 100 89 12 41 4 64 77 6 87 20 2 13 46 49 74 69 55 17 68 26 52 36 40 75 5 27 
100
11 62 11 68 75 92 60 87 46 57 76 3 78 54 62 71 21 89 47 18 42 44 86 42 20 14 54 81 53 91 76 53 5 26 88 21 48 32 32 39 62 6 70 17 17 11 35 11 52 15 9 77 86 11 70 60 45 78 21 98 60 80 37 12 35 41 48 28 5 84 54 2 42 80 29 10 42 50 75 42 70 24 97 50 42 70 99 81 34 19 38 77 33 43 73 39 31 54 95 92 
100
54 67 15 51 31 34 9 78 6 47 77 22 7 20 58 23 74 20 24 100 29 97 48 61 53 39 87 50 66 59 62 57 39 70 46 46 17 86 48 50 51 93 58 82 83 95 50 94 14 83 30 50 13 84 72 63 78 42 8 93 17 66 93 51 52 38 29 32 37 54 52 33 18 82 45 95 18 73 5 74 18 25 24 94 18 52 50 41 85 62 24 13 98 48 63 39 33 21 80 96 
100
65 27 89 71 8 68 3 56 32 17 88 15 6 35 27 76 72 40 45 78 79 48 10 69 27 25 13 60 74 31 88 2 83 41 64 45 95 20 7 53 37 65 79 14 91 48 90 84 3 54 90 98 74 40 55 21 18 37 58 47 60 50 17 99 18 99 48 18 17 10 62 10 45 59 73 42 75 26 78 83 35 84 92 58 28 42 66 6 81 75 83 66 61 49 86 74 81 67 78 90 
100
56 21 36 36 68 96 90 48 63 75 86 80 84 54 28 97 39 69 84 99 71 5 4 63 19 71 56 91 54 7 26 94 38 47 80 62 2 83 36 30 8 16 27 4 23 94 49 87 69 43 13 52 35 85 44 78 100 21 94 7 40 56 71 45 90 46 55 73 59 2 65 58 60 81 85 77 58 83 76 88 53 46 32 57 87 36 55 21 26 3 1 9 11 98 78 91 28 71 56 15 
100
84 19 25 100 13 54 15 53 54 12 57 97 43 71 81 99 62 50 71 98 71 36 92 69 19 37 66 76 71 2 88 94 67 79 69 90 9 91 98 32 68 86 55 93 27 18 97 77 60 62 25 44 45 58 8 91 20 73 48 65 37 63 86 34 10 78 32 66 34 47 29 20 2 73 7 33 45 98 64 44 73 82 44 84 67 43 61 72 70 81 40 66 33 97 3 89 95 24 76 87 
100
79 35 37 87 62 37 20 68 81 33 45 75 85 16 13 21 84 100 30 31 17 30 93 57 71 58 67 61 12 33 62 2 28 91 65 25 91 13 79 74 63 1 33 30 80 37 99 91 66 29 24 33 5 64 67 28 56 48 77 33 92 80 96 42 1 95 78 56 32 95 35 23 79 87 35 13 99 73 84 71 60 98 70 16 82 23 55 74 90 88 97 18 62 99 46 71 82 95 12 42 
100
83 77 17 8 45 95 84 5 4 15 16 20 18 35 17 62 84 10 73 39 66 53 29 67 8 36 56 41 91 42 82 34 83 20 16 20 41 24 80 21 32 17 37 26 32 71 32 83 4 95 44 4 88 37 30 8 45 43 36 37 4 6 13 5 8 44 62 24 36 100 2 65 8 33 80 73 46 99 12 78 68 48 81 24 53 82 87 66 49 90 25 30 29 9 64 70 50 28 80 18 
100
92 97 86 18 90 80 27 70 56 27 21 23 10 2 8 99 35 94 54 39 84 92 73 73 38 80 8 33 81 6 40 96 23 96 61 3 48 38 22 12 47 15 94 38 56 49 19 58 84 39 15 18 18 84 16 5 35 18 44 18 85 28 82 30 87 97 15 20 48 91 73 27 1 83 39 24 36 89 45 12 78 37 19 16 7 3 56 94 37 21 89 54 26 99 53 74 98 48 60 62 
100
48 86 23 84 99 66 90 59 17 85 16 9 47 78 94 47 11 57 6 100 38 55 82 80 80 83 86 66 6 73 26 48 59 33 24 30 74 57 40 22 66 10 5 34 69 57 27 2 43 54 73 12 43 81 92 97 64 60 33 38 9 83 24 90 72 42 57 2 48 52 24 10 1 88 43 54 74 17 86 45 41 61 14 9 5 91 51 59 36 57 61 88 10 67 32 77 49 86 34 58 
100
91 11 79 9 85 59 43 69 73 79 69 45 10 8 72 99 62 17 66 80 9 76 66 18 97 17 42 32 81 48 70 60 21 58 76 94 26 79 76 16 90 63 78 93 51 37 5 27 16 59 66 4 96 11 65 51 14 85 35 71 16 78 66 91 8 16 57 74 24 96 3 14 89 92 45 65 94 37 45 24 46 24 98 93 39 31 94 8 53 26 51 34 90 26 85 20 11 27 78 88 
100
87 33 43 15 82 20 79 22 93 72 49 46 44 81 39 61 4 7 12 76 42 14 5 50 47 50 72 6 37 85 33 56 15 11 89 63 25 37 3 59 23 57 89 45 85 10 80 56 25 69 52 91 69 79 34 86 19 20 34 37 100 99 59 42 4 22 65 27 22 52 66 60 71 70 64 6 59 43 38 40 60 59 13 61 62 58 93 43 87 20 60 34 95 81 51 91 42 58 6 70 
100
29 85 92 94 71 89 47 88 33 76 1 39 88 27 76 51 93 99 71 91 77 40 54 12 26 58 98 82 82 27 25 76 46 16 68 52 90 63 77 48 87 16 32 40 57 27 41 80 82 10 16 56 66 31 39 7 41 19 23 71 94 88 1 78 66 85 7 18 64 100 63 21 41 77 8 76 99 31 15 24 62 6 55 90 31 44 20 47 28 5 20 11 23 14 91 83 83 27 48 16 
100
1 4 49 67 55 33 36 14 42 25 46 84 35 21 33 71 82 56 64 1 84 70 1 85 98 45 22 92 39 55 48 43 29 54 86 50 6 65 37 94 22 36 95 47 71 29 17 25 41 87 20 4 91 22 55 53 46 17 91 23 12 85 35 42 56 31 50 55 40 12 62 4 63 15 46 37 76 31 47 8 18 77 95 44 38 43 38 68 90 86 26 2 48 89 8 82 94 79 50 53 
100
18 40 80 13 85 15 6 7 12 78 93 98 27 21 78 34 1 8 85 17 4 55 54 21 17 7 43 66 55 42 6 48 57 47 82 24 8 56 56 100 81 36 29 25 23 28 32 69 61 56 41 64 3 6 51 62 49 70 42 86 39 88 61 89 43 58 81 70 52 13 96 88 29 31 63 96 53 11 86 89 92 92 81 66 2 9 2 95 75 48 54 62 3 81 32 99 34 1 61 65 
100
82 16 41 84 11 92 80 56 23 40 88 55 20 28 6 10 67 5 11 15 54 35 33 11 37 52 59 34 16 72 77 28 4 11 39 79 67 59 20 72 84 99 17 26 7 71 31 64 5 45 66 19 64 64 39 72 94 34 97 91 43 15 14 88 79 3 59 1 89 36 10 12 20 90 22 82 75 67 93 40 72 35 1 70 64 10 48 69 19 35 30 45 93 85 63 75 56 56 85 58 
100
64 87 42 64 31 7 10 48 31 90 8 27 20 93 11 72 18 71 19 19 94 55 67 16 12 3 53 88 94 34 28 7 31 75 38 17 1 64 82 27 83 41 55 48 97 96 74 13 34 89 72 69 9 10 32 49 23 97 27 27 28 25 65 71 67 29 71 74 67 83 46 63 95 32 43 68 51 80 66 22 64 25 8 43 95 79 68 71 62 55 50 16 68 68 55 67 5 93 64 92 
100
3 88 33 25 10 23 95 78 75 85 29 98 69 47 3 62 83 43 100 54 5 17 66 64 45 12 19 98 65 63 87 46 42 29 99 19 86 42 60 54 11 75 16 42 91 87 92 77 51 50 15 46 68 42 74 75 55 65 9 92 27 99 48 4 64 48 21 100 66 20 13 8 40 57 66 76 75 25 40 12 26 52 82 32 31 96 15 71 25 51 88 69 56 60 24 70 86 11 7 77 
100
47 54 47 41 55 56 76 6 22 64 34 43 68 17 85 79 6 97 36 18 41 94 48 86 14 32 63 29 74 76 68 28 15 48 22 80 82 56 37 40 10 53 83 23 57 60 23 48 57 82 14 63 38 77 2 82 74 41 72 96 6 76 1 40 59 66 73 45 47 49 31 44 32 64 14 35 45 71 32 17 49 38 48 95 84 5 86 21 41 40 4 79 28 46 69 45 63 28 12 37 
100
72 35 38 88 25 17 29 4 4 36 65 21 32 79 59 72 8 87 55 12 70 77 14 63 14 84 13 12 12 61 73 87 87 77 47 20 64 100 97 32 39 4 90 53 67 55 86 4 72 24 42 50 68 19 87 26 63 92 89 84 80 66 49 15 55 93 74 70 76 100 72 14 96 91 2 67 55 43 90 23 1 55 91 51 33 87 30 23 31 39 76 45 40 39 75 73 92 13 54 60 
100
87 74 10 71 88 60 70 30 90 19 11 52 51 11 73 31 68 66 72 43 17 49 74 16 17 36 84 2 10 30 96 90 20 86 58 9 59 96 82 50 22 27 48 95 43 31 84 31 61 50 13 68 67 54 69 96 82 81 55 73 60 35 75 38 91 56 77 27 10 84 45 80 37 63 38 88 23 72 45 35 99 79 20 53 80 98 42 21 42 1 18 91 64 94 52 86 60 64 42 97 
100
75 74 95 90 81 30 24 60 53 42 84 93 84 79 90 95 92 76 76 68 19 34 41 99 61 69 42 29 47 97 62 84 100 18 85 3 89 5 87 62 75 73 68 63 91 8 38 21 43 9 96 88 20 78 6 17 12 85 42 64 4 65 17 83 68 90 87 8 89 60 10 42 47 32 26 20 61 100 1 47 18 65 25 69 45 38 66 9 99 34 76 5 39 14 50 78 62 60 4 39 
100
61 31 18 76 64 73 57 33 12 45 38 17 43 28 93 36 54 30 100 20 75 8 71 62 4 21 34 77 12 14 5 63 37 18 99 25 58 38 42 96 73 40 30 68 3 82 100 47 43 77 5 25 28 11 52 35 99 58 52 85 97 50 29 33 85 20 8 37 20 36 77 99 68 36 80 63 22 74 36 1 60 21 8 41 99 6 90 47 21 16 33 90 37 17 89 80 25 59 26 82 
100
92 43 77 10 65 11 9 54 73 26 90 63 1 48 91 58 62 70 46 50 60 89 100 98 56 74 72 72 25 1 64 86 53 78 86 75 33 79 21 78 70 40 37 55 98 67 78 10 7 35 43 96 1 35 14 71 70 59 35 65 5 31 39 40 35 39 18 40 34 85 79 6 39 1 18 20 51 90 50 69 8 41 82 66 93 19 54 44 95 90 58 48 17 92 2 81 54 8 2 29 
100
78 73 76 86 78 96 52 34 84 36 67 29 39 40 87 23 58 17 25 90 39 64 40 96 22 38 22 23 46 58 53 32 19 43 23 59 9 71 69 18 34 39 56 24 70 43 93 63 86 8 3 55 10 33 54 9 78 79 90 20 72 93 36 55 67 10 53 4 83 80 81 71 23 93 78 77 75 24 64 19 48 90 19 41 16 57 43 36 30 36 23 64 50 41 18 70 17 100 21 65 
100
4 36 21 17 33 91 96 41 65 57 46 57 67 13 54 68 10 47 28 96 83 37 1 14 45 85 57 31 69 95 8 99 23 19 41 37 82 49 15 99 4 83 84 80 65 42 91 43 86 97 92 49 23 74 79 30 22 75 97 84 14 80 66 20 34 5 12 70 40 82 46 27 48 2 21 77 65 45 39 58 93 81 100 96 4 99 42 100 75 57 15 4 50 63 10 47 88 94 87 12 
100
17 24 30 82 49 69 99 62 75 54 33 45 72 52 36 8 61 59 85 1 26 48 91 60 60 51 85 13 73 37 73 80 83 61 83 98 71 53 42 90 63 8 26 13 9 22 95 1 22 83 33 40 61 63 32 95 28 70 58 60 73 91 67 81 97 86 80 10 54 35 95 6 33 65 46 56 2 50 58 24 26 95 29 5 86 92 27 93 94 90 18 95 29 80 28 55 11 7 38 71 
100
46 41 34 29 37 19 88 61 70 66 76 8 3 75 42 81 40 21 23 10 79 8 72 14 15 36 97 71 25 96 68 27 95 23 38 15 87 3 24 37 1 100 62 17 80 79 4 18 70 56 45 55 9 16 49 6 64 95 22 43 99 69 35 5 86 35 23 8 76 80 52 90 18 53 11 3 77 54 30 71 62 95 45 11 9 78 57 82 48 60 78 14 21 69 98 21 61 39 75 85 
100
98 52 25 99 95 77 84 55 66 70 53 17 55 62 90 90 95 49 63 99 96 89 26 5 39 81 54 68 93 13 40 5 50 57 34 81 59 36 20 36 63 45 20 18 25 87 17 57 88 66 19 83 70 48 73 82 37 21 71 81 79 35 50 64 69 5 84 95 70 45 24 3 89 16 12 25 60 8 41 39 98 65 42 8 40 13 24 40 63 41 80 72 33 93 50 95 93 58 10 69 
100
96 98 28 42 42 70 20 23 24 71 94 8 91 34 24 82 64 78 34 11 46 69 93 46 85 1 67 5 8 36 6 79 93 77 79 27 35 21 73 70 1 30 90 77 65 33 24 39 12 82 48 56 12 32 87 30 10 14 86 42 36 33 53 78 78 39 2 18 33 19 2 33 55 2 99 29 78 70 27 49 79 84 69 30 98 27 14 52 67 95 31 99 63 40 38 61 1 39 88 49 
100
70 37 80 81 3 14 73 92 81 72 93 79 21 45 82 9 73 46 54 9 78 37 25 31 60 4 33 53 59 99 10 50 56 59 35 100 11 48 85 27 22 20 49 14 41 93 87 18 11 61 93 91 6 68 85 46 99 42 24 52 61 49 95 33 33 21 74 33 88 94 82 77 40 6 87 77 89 60 7 52 30 80 10 69 55 40 90 28 96 74 72 16 41 74 68 84 91 27 26 24 
100
43 13 26 14 85 86 84 84 52 90 43 51 49 34 35 52 29 64 89 94 66 27 64 13 100 26 53 93 72 76 46 2 22 13 2 6 92 60 84 75 74 82 54 88 23 69 28 26 40 2 54 55 19 47 50 53 27 57 1 16 62 41 99 14 91 18 24 54 93 55 2 87 95 49 89 14 14 71 87 70 80 36 84 100 19 32 2 90 9 39 92 99 44 98 84 12 37 56 72 29 
100
72 52 75 75 96 67 8 21 85 49 49 97 45 95 95 96 68 91 77 100 21 91 76 80 94 87 18 17 51 18 2 100 10 35 62 44 11 12 94 81 80 23 52 89 84 30 24 51 67 40 91 97 1 54 14 18 40 100 85 92 87 9 85 22 77 52 44 17 17 72 47 3 99 16 44 88 83 43 39 57 16 63 35 35 20 73 61 70 54 40 48 81 28 81 17 71 46 15 77 18 
100
38 2 100 86 98 66 93 50 75 52 15 47 59 92 26 45 6 93 71 67 60 25 88 68 6 10 19 19 93 39 76 95 51 55 5 99 61 63 42 69 5 75 9 28 45 70 91 92 83 89 76 81 22 29 4 14 57 68 31 71 83 46 45 85 70 51 25 9 32 12 3 79 43 50 1 40 4 10 99 87 59 28 45 60 56 33 29 14 13 94 16 14 70 26 6 59 13 18 13 4 
100
99 25 69 52 75 62 33 72 34 20 78 6 54 89 46 1 75 80 6 9 90 37 11 64 76 72 40 65 94 92 72 72 47 25 96 78 67 18 84 83 61 84 19 77 76 69 82 71 81 24 8 66 20 5 19 86 51 39 66 48 19 21 99 26 54 46 11 99 97 80 40 65 67 30 2 5 37 16 34 78 79 71 18 25 23 10 21 15 1 93 66 22 51 8 2 65 54 74 67 87 
100
80 14 18 63 31 97 72 33 41 90 33 59 22 50 57 86 7 76 60 23 29 48 40 10 86 66 4 17 13 14 39 32 80 49 1 84 72 51 49 77 41 6 8 49 60 81 9 10 49 86 69 27 74 49 77 37 75 75 61 59 61 74 24 80 12 81 46 84 16 90 12 54 31 58 38 96 91 64 25 8 47 94 84 61 86 28 68 41 20 15 3 38 60 69 37 54 34 2 88 48 
100
78 43 82 3 13 16 92 5 45 43 90 64 15 42 72 12 8 93 95 21 64 25 67 38 32 33 23 11 53 75 28 43 78 85 39 48 69 37 46 51 28 73 99 59 55 47 21 37 80 100 87 34 95 15 76 84 84 52 86 38 21 10 33 77 68 18 34 10 1 29 3 42 11 75 81 92 69 77 93 34 78 20 66 51 58 91 72 79 75 27 13 7 86 41 56 38 68 80 91 32 
100
87 55 91 35 86 73 71 63 51 67 61 34 42 82 76 36 23 30 59 67 67 58 9 38 45 49 61 51 22 32 15 38 13 41 12 100 77 59 46 45 99 11 92 58 48 26 65 89 35 56 82 64 7 13 97 16 40 82 35 19 38 46 74 53 10 25 75 64 64 77 38 49 60 3 52 40 73 48 72 95 66 13 89 35 51 24 34 76 64 39 47 86 21 50 7 20 1 100 83 24 
100
67 78 54 71 14 4 85 30 87 8 93 61 45 100 55 19 91 14 83 22 2 94 16 33 57 28 79 71 64 18 46 10 58 32 31 39 49 34 64 44 59 22 5 99 42 22 84 49 67 84 45 63 88 13 63 15 39 75 77 31 18 90 44 1 53 53 20 70 49 68 85 29 10 13 60 86 74 47 50 32 79 38 76 18 3 29 51 81 16 48 10 98 31 98 86 42 16 86 98 15 
100
94 48 51 73 50 70 69 49 58 59 38 12 12 40 15 11 24 38 37 5 14 19 1 59 63 16 8 23 63 14 60 51 56 16 55 48 41 89 77 84 13 38 19 21 40 10 74 39 26 87 89 57 23 4 7 35 78 85 53 18 99 47 27 1 11 85 44 14 81 18 47 84 38 31 79 24 56 75 26 41 80 94 94 81 73 91 52 36 89 13 93 87 22 43 38 61 27 11 55 60 
100
36 28 56 76 99 52 70 72 85 32 31 25 8 69 72 11 38 71 27 49 46 4 82 64 37 67 58 67 68 78 79 14 53 36 15 56 95 3 85 45 49 81 8 8 69 1 60 65 97 97 49 42 50 78 26 83 1 11 23 48 59 17 1 74 23 31 53 29 78 61 16 60 26 82 6 21 79 26 14 90 18 33 61 88 2 14 21 48 48 3 36 51 50 65 5 42 52 99 70 57 
100
39 66 94 24 22 51 41 80 46 92 66 31 64 3 16 66 44 5 72 49 72 51 30 16 46 91 6 45 19 92 37 15 32 5 8 73 19 19 100 49 74 2 10 99 5 83 5 60 26 91 62 76 68 54 52 72 64 93 44 100 20 24 90 84 40 40 33 72 68 24 47 73 67 30 77 50 8 17 25 35 78 36 1 32 20 85 79 74 91 95 33 94 91 57 7 50 56 17 6 84 
100
76 60 15 15 25 50 13 24 21 48 60 82 42 100 2 22 3 24 98 58 34 35 94 63 8 33 13 80 10 69 34 89 61 36 8 96 44 99 26 98 52 89 53 81 48 14 23 25 3 99 30 61 35 47 46 19 3 30 75 10 87 72 10 71 18 72 5 2 16 73 18 23 14 60 20 5 34 11 84 53 95 14 63 38 85 36 99 19 1 53 23 89 11 65 38 31 47 83 7 63 
100
33 23 90 48 89 37 15 45 67 83 24 67 55 68 52 33 71 58 53 90 28 49 5 68 63 54 37 68 100 15 82 47 32 67 29 39 82 7 39 85 75 38 56 37 3 79 33 30 31 85 33 57 97 100 50 60 61 37 12 55 61 54 69 97 95 23 88 70 42 72 39 45 74 92 16 98 99 21 64 94 48 89 75 66 77 16 54 35 78 91 38 51 35 9 84 45 8 80 98 77 
100
95 78 13 30 92 8 59 39 16 71 58 20 50 13 42 59 34 46 88 31 75 36 48 60 92 88 20 51 37 78 1 90 35 94 93 75 33 28 61 10 12 80 78 45 65 55 67 56 74 26 37 92 19 16 65 54 29 14 29 23 68 69 21 27 96 96 80 53 9 86 84 78 40 94 30 32 62 13 61 63 55 68 16 4 65 22 78 50 18 25 42 42 20 56 99 84 60 67 54 67 
100
36 83 89 51 9 27 58 33 63 64 1 70 87 75 58 97 27 12 34 51 48 7 12 80 4 72 3 43 45 5 50 9 10 34 31 70 21 100 83 36 33 71 30 4 8 81 18 74 52 48 27 85 85 61 14 39 94 89 16 70 37 52 41 99 92 5 15 58 22 41 81 14 88 76 81 74 24 60 77 76 40 59 50 25 55 95 41 53 1 99 95 72 99 81 10 54 68 78 40 75 
100
6 42 11 66 89 21 90 67 34 9 87 82 38 21 33 22 24 28 12 49 81 2 71 26 3 56 78 9 48 43 12 22 19 51 54 84 42 7 28 19 18 28 59 52 48 85 68 56 10 90 64 80 86 2 45 11 61 17 64 92 14 86 7 74 47 23 5 45 49 2 28 91 20 28 46 74 1 49 74 56 24 71 17 37 76 62 88 23 37 91 33 24 60 23 38 39 28 75 93 52 
100
12 74 97 73 28 27 11 37 46 23 44 21 74 64 46 100 95 67 49 7 35 40 9 40 68 76 29 21 97 43 57 97 33 54 24 8 66 3 43 48 53 84 86 95 67 81 60 69 91 53 100 33 15 62 91 80 28 59 23 49 78 7 66 65 51 32 60 1 18 49 41 60 63 56 35 98 9 86 82 49 12 60 20 59 81 86 39 53 67 14 49 95 47 11 60 59 9 10 26 6 
100
8 61 50 52 52 34 47 95 95 99 65 63 43 91 78 33 73 79 6 53 61 83 86 97 32 14 42 71 1 49 21 2 65 99 13 88 45 64 95 25 25 59 76 19 22 20 1 22 48 39 8 79 29 71 7 1 1 78 100 41 58 65 18 17 99 22 60 72 16 4 91 13 96 63 8 22 83 9 94 42 40 4 69 40 49 89 96 70 70 25 36 78 60 86 1 96 31 63 84 89 
100
82 75 42 74 90 11 33 99 52 99 40 85 94 88 55 38 36 11 56 8 3 92 23 33 91 95 85 82 22 54 55 58 60 53 45 48 96 63 78 66 67 78 80 84 95 49 93 60 50 23 15 60 65 70 60 87 23 97 59 39 34 95 65 83 65 26 67 71 6 51 55 28 42 50 90 50 25 11 81 31 12 58 26 41 10 61 21 55 28 44 74 80 73 34 73 4 100 37 49 8 
100
93 94 45 16 7 70 61 31 18 64 47 49 72 28 69 64 91 27 86 45 35 4 59 96 46 91 68 42 31 96 43 6 39 89 4 42 25 15 5 12 1 95 37 17 39 33 27 63 13 37 28 85 2 53 13 3 96 81 2 9 53 9 32 49 17 40 43 23 59 66 12 7 94 63 64 48 57 44 77 68 74 71 79 100 42 18 13 74 77 93 98 39 18 61 65 50 52 3 23 86 
100
27 4 79 75 16 73 67 52 39 99 99 91 20 73 42 49 72 1 47 40 32 19 64 10 78 27 73 20 11 98 52 59 88 36 5 41 93 53 7 28 15 24 8 22 33 39 50 64 42 100 34 81 1 7 69 89 16 53 92 87 5 48 21 90 42 65 72 83 36 83 67 48 43 24 28 39 67 72 54 74 14 80 63 65 76 65 57 61 39 93 52 28 52 3 90 32 97 6 64 100 
100
53 46 5 77 45 51 24 61 53 45 23 34 30 61 89 85 85 20 39 65 24 13 39 45 59 49 100 52 45 88 78 89 8 3 89 10 71 28 72 81 19 34 52 84 48 26 45 20 16 45 56 5 56 75 9 81 34 99 47 63 94 3 26 13 5 55 72 27 4 25 59 78 45 75 58 57 2 13 38 43 97 32 67 33 67 12 47 53 29 65 14 8 77 35 47 84 45 67 78 40 
100
11 32 62 76 63 68 29 8 42 76 37 44 100 29 53 82 89 63 69 27 44 70 98 11 88 100 1 94 26 78 90 58 30 86 20 67 41 8 24 89 55 20 89 66 2 44 70 19 95 34 90 94 23 60 71 40 64 49 30 72 45 71 29 61 32 99 50 92 99 21 75 25 73 21 19 18 69 88 37 92 3 23 62 27 62 17 19 40 42 67 32 25 94 85 26 59 41 83 84 66 
100
9 73 36 26 32 94 67 62 70 95 46 38 43 7 15 40 1 50 17 94 92 82 79 97 70 33 42 14 69 5 77 2 79 49 32 3 56 41 88 81 18 47 31 28 17 10 78 84 24 75 95 66 4 38 80 73 47 31 5 57 28 50 13 79 77 88 14 81 77 52 23 99 19 37 65 14 51 68 78 80 75 7 62 9 48 87 94 16 67 47 18 12 38 15 89 17 56 52 92 74 
100
15 80 79 69 35 20 75 37 43 76 45 98 79 80 49 2 94 32 74 18 61 25 45 88 3 93 29 32 70 43 18 93 90 45 29 30 17 66 86 64 11 43 91 33 62 88 9 21 61 55 80 16 100 96 43 20 76 95 80 57 72 86 97 14 75 75 28 62 64 89 57 59 98 82 45 25 2 28 13 62 13 26 95 25 62 26 24 85 59 44 55 23 59 9 17 18 68 45 93 17 
100
78 26 14 63 12 67 59 39 17 16 58 18 14 94 80 1 18 17 79 37 5 67 98 90 29 4 37 100 46 56 72 100 50 21 9 94 45 82 8 26 81 59 59 8 71 94 62 72 36 94 13 74 55 1 7 47 20 19 30 56 58 60 32 78 76 70 59 75 93 21 37 70 4 99 61 93 42 48 46 15 32 32 61 24 3 50 29 81 79 5 99 59 6 17 6 20 88 37 64 39 
100
44 82 65 96 56 14 76 56 30 62 56 81 66 33 84 41 39 14 10 96 30 91 69 12 96 3 5 69 70 89 87 24 90 83 85 54 88 5 83 81 32 17 35 15 42 39 98 35 49 9 23 92 12 97 79 15 79 98 10 5 62 55 13 37 15 38 52 47 60 80 87 68 94 49 51 32 20 11 6 26 15 14 23 6 55 15 2 37 90 37 76 96 36 32 6 78 99 83 3 32 
100
76 3 15 22 9 6 93 92 4 17 29 80 68 14 27 49 86 81 70 93 27 77 28 39 20 53 36 32 18 56 98 27 84 2 20 62 21 40 69 35 42 81 10 3 84 53 22 26 25 58 98 79 29 26 57 25 43 41 70 10 5 56 8 71 80 4 65 57 15 62 18 46 26 99 6 70 86 87 77 20 48 12 58 76 80 100 93 19 11 55 22 69 26 94 90 97 12 14 55 49 
100
25 1 41 76 53 58 8 6 48 76 27 47 63 61 68 38 60 31 69 15 49 18 97 35 51 83 51 59 64 28 89 24 81 37 66 25 13 19 21 62 85 39 73 11 95 38 89 32 53 2 47 15 18 19 6 90 46 3 100 56 76 14 69 94 9 62 87 18 40 42 76 70 61 70 55 57 46 38 28 23 31 63 67 83 80 58 37 30 77 42 92 69 89 88 44 9 35 76 35 78 
100
16 63 26 6 89 47 12 96 25 63 55 89 66 68 76 69 37 83 16 97 94 43 64 16 21 85 44 55 81 42 40 41 75 54 95 27 27 31 73 96 93 75 50 81 34 81 11 27 100 57 65 61 67 63 84 36 9 98 25 3 65 86 75 100 48 10 70 20 76 26 33 46 92 43 86 27 95 84 24 24 12 58 40 81 91 71 19 21 30 23 6 54 54 26 71 18 98 92 76 10 
100
88 3 57 17 28 47 99 60 70 4 78 17 27 16 74 46 18 32 81 88 46 24 40 47 56 59 37 95 3 52 44 3 72 96 80 17 43 31 88 23 9 88 69 57 88 68 67 87 92 37 91 32 87 17 39 2 83 76 52 72 34 22 43 49 58 31 19 99 27 87 86 17 78 93 14 12 35 21 90 12 65 81 97 97 60 82 94 28 39 47 69 7 47 74 52 20 4 17 6 86 
100
22 26 44 4 27 23 53 7 52 89 79 61 69 55 66 3 28 6 65 11 28 26 15 19 62 52 76 26 36 57 88 42 14 13 31 98 10 6 45 72 83 30 8 71 48 80 35 3 57 38 85 77 46 3 79 89 31 3 91 21 96 17 94 68 86 32 46 86 73 21 19 6 100 86 10 1 30 28 72 89 98 34 66 94 93 99 81 43 66 36 40 28 71 28 23 39 14 15 2 5 
100
62 10 78 62 39 39 48 48 55 75 56 31 3 6 75 1 61 69 60 32 11 75 51 20 32 17 44 75 26 58 87 10 68 23 99 46 76 86 52 98 47 13 91 95 76 85 17 22 95 68 29 56 23 92 62 88 17 33 96 76 98 60 60 45 27 65 78 85 27 86 66 14 83 85 10 64 57 5 11 21 73 55 67 40 40 74 86 20 89 76 96 79 50 51 53 43 79 12 34 55 
100
21 9 27 97 81 13 57 19 46 56 2 51 32 60 31 91 11 23 62 85 76 13 31 99 42 85 28 67 99 83 7 57 64 77 27 37 63 99 7 74 83 43 6 87 9 9 48 10 29 85 96 82 90 66 50 45 98 63 94 65 78 76 62 78 26 27 29 97 43 32 5 23 52 86 2 97 74 46 19 19 68 37 12 99 47 69 41 47 23 12 14 17 81 81 79 38 13 3 34 33 
100
39 95 58 46 42 92 3 34 5 25 60 36 74 47 19 60 63 11 99 88 27 98 98 100 85 55 69 94 87 9 45 37 53 34 59 62 27 11 36 77 21 57 10 61 21 98 89 70 38 40 1 17 7 23 90 5 10 14 9 89 42 60 99 78 99 3 16 11 88 21 58 98 41 57 41 72 39 88 65 64 37 24 90 28 28 8 3 24 72 82 99 91 44 82 51 20 28 19 56 33 
100
58 23 40 54 31 58 34 39 51 63 59 74 50 23 79 48 28 89 21 26 40 46 58 17 28 49 82 45 40 54 84 93 96 33 75 71 6 52 1 65 77 92 21 5 34 72 59 33 5 54 99 18 16 52 30 58 42 62 40 83 27 96 75 46 29 19 86 88 18 35 22 31 32 43 1 100 34 8 91 80 1 47 22 37 61 46 84 38 78 17 48 45 89 33 25 76 71 52 10 46 
100
27 62 39 12 34 48 83 83 36 27 55 15 6 27 85 1 28 45 8 73 76 21 47 80 14 20 100 55 29 77 63 91 85 2 39 8 98 42 28 75 38 41 58 9 7 15 13 80 19 68 9 8 16 4 100 59 94 14 46 88 70 42 20 54 44 40 8 7 32 87 7 15 18 5 24 95 84 39 45 5 36 97 72 74 34 40 100 46 9 43 63 15 44 51 94 88 44 98 14 42 
100
37 77 21 35 70 61 55 71 69 83 54 65 18 26 44 92 6 14 50 45 39 35 96 58 10 72 4 35 86 24 3 8 15 41 42 52 13 31 60 44 34 91 76 59 57 57 54 57 56 26 87 33 68 30 97 27 12 25 3 81 4 84 28 6 67 3 1 13 31 16 42 15 3 18 14 87 92 88 50 1 64 40 58 29 21 23 41 65 50 49 62 38 87 28 28 58 89 98 75 50 
100
92 68 7 71 52 34 60 34 13 47 95 40 95 11 44 33 68 80 28 1 68 37 74 40 20 42 100 74 78 23 39 35 72 51 39 28 93 53 16 7 47 60 85 39 15 76 89 34 79 63 32 89 54 97 54 85 33 96 31 54 16 43 10 21 31 84 55 94 90 20 47 6 78 18 86 25 38 63 8 47 12 1 42 83 1 85 35 81 52 43 11 72 41 8 60 91 41 57 75 6 
100
55 14 64 67 74 8 71 74 22 72 46 76 45 29 29 11 87 25 33 78 3 26 12 94 43 7 44 70 62 52 54 83 1 53 29 3 68 43 7 87 77 59 62 10 24 49 75 40 93 52 19 62 8 63 31 72 44 59 82 13 46 26 13 89 22 83 30 69 22 91 19 63 53 32 41 76 11 63 40 62 52 51 2 53 34 72 80 28 26 22 71 60 57 34 43 5 27 85 36 54 
100
53 71 6 18 56 14 43 78 13 32 1 61 82 30 97 1 1 30 90 92 15 90 83 79 39 2 21 18 61 35 83 20 29 73 90 64 77 90 87 52 74 84 66 66 61 41 61 96 60 77 78 3 26 76 45 39 97 52 74 28 70 73 74 77 63 87 63 50 16 48 81 35 42 51 58 68 7 12 6 9 29 65 15 10 83 8 26 27 73 77 19 84 48 99 38 69 1 66 42 48 
100
13 48 90 35 65 81 70 3 82 15 19 49 59 97 54 24 46 58 62 23 9 25 84 17 82 16 22 58 9 26 71 20 52 94 62 86 83 69 73 99 53 33 64 55 58 47 22 1 31 17 48 88 43 52 28 83 60 97 7 62 29 87 1 16 73 1 12 78 28 32 4 5 23 27 78 51 22 81 16 30 90 42 60 17 17 26 19 87 57 18 80 25 15 77 65 15 56 58 77 70 
100
44 34 78 68 2 41 61 93 96 44 52 33 35 38 55 94 10 66 66 8 63 15 58 9 58 91 70 33 29 49 12 10 51 67 80 5 97 99 88 34 78 28 61 20 14 66 49 80 1 66 77 58 49 84 33 40 53 26 89 19 72 26 2 35 89 11 10 27 100 20 68 49 1 84 68 83 27 65 33 74 20 16 56 41 87 24 64 9 34 42 18 8 1 89 3 8 27 21 99 78 
100
63 50 12 94 10 34 44 49 75 22 20 64 42 12 49 94 1 65 75 45 92 11 72 21 41 61 30 30 87 50 48 82 74 67 65 26 79 96 46 74 40 72 45 66 79 84 59 36 59 61 32 11 59 9 99 4 2 64 87 79 91 71 24 4 34 88 43 20 49 55 5 6 76 28 69 81 59 95 84 68 22 9 48 55 59 67 13 99 58 88 39 85 53 57 72 83 21 17 33 44 
100
45 51 18 30 53 10 67 48 86 24 53 28 48 48 78 61 20 42 35 30 3 26 30 51 87 99 7 60 20 81 44 51 86 83 5 1 17 86 1 40 80 68 69 38 98 28 44 2 66 34 88 99 11 25 71 14 99 92 14 93 15 14 99 16 95 21 9 19 46 92 76 60 45 79 52 10 81 59 78 73 70 63 37 96 72 63 95 45 99 39 9 32 87 98 59 19 46 27 90 21 
100
62 67 2 100 42 13 4 83 87 70 97 15 38 53 41 1 44 50 10 100 42 57 11 9 6 42 95 9 54 38 90 69 96 73 91 76 61 89 83 76 78 81 89 38 47 36 70 64 78 27 87 24 24 18 80 42 94 54 100 69 71 34 58 70 15 12 30 9 59 89 29 8 36 88 5 12 50 3 64 39 6 30 82 96 45 10 85 37 17 98 93 79 65 19 37 1 85 13 32 34 
100
81 99 3 68 15 39 30 17 53 63 88 97 79 67 16 68 97 72 30 78 97 57 15 39 88 48 69 92 77 51 28 83 17 72 36 86 93 85 59 75 13 76 38 3 35 94 81 36 68 6 30 35 45 68 78 42 96 47 78 94 47 24 71 65 57 4 37 78 16 55 21 48 83 14 17 4 5 74 44 85 54 26 70 62 69 79 61 15 33 30 13 44 7 70 93 31 40 70 30 34 
100
7 65 51 32 10 8 6 76 74 1 90 26 35 5 70 50 72 98 24 19 47 90 42 65 9 62 85 1 93 96 62 40 6 11 18 45 33 52 13 87 20 5 30 8 91 67 57 76 60 89 45 92 86 67 48 17 14 56 76 4 6 16 50 15 81 33 66 53 50 40 4 42 16 78 93 57 2 56 87 95 32 76 14 16 86 72 43 36 56 88 97 26 94 19 85 60 60 86 2 3 
100
100 33 86 20 38 90 87 47 97 71 37 3 88 94 63 7 36 67 21 11 92 42 17 62 41 65 36 54 7 40 2 72 63 51 73 41 55 4 79 74 42 21 15 68 21 36 77 52 66 26 24 89 58 13 23 25 11 18 87 21 46 13 76 75 27 73 6 58 29 43 17 29 11 70 32 15 17 14 71 43 14 78 80 70 3 58 20 17 72 93 41 61 37 38 93 12 68 37 96 10 
100
29 92 75 76 62 2 85 31 65 80 82 88 98 19 42 87 53 41 39 21 92 31 26 15 49 6 64 11 62 89 75 65 64 47 86 19 69 1 90 97 49 62 26 39 48 96 29 51 2 90 33 70 27 16 48 2 24 27 43 97 81 30 61 28 89 68 21 98 82 63 29 27 54 91 74 37 39 27 34 10 25 89 22 58 41 56 28 86 31 55 26 13 97 36 24 98 3 6 6 38 
100
63 39 17 27 54 56 31 94 30 30 73 45 45 25 1 31 82 55 61 52 63 63 78 56 27 71 12 87 20 51 1 47 15 98 80 73 26 57 16 64 43 78 77 27 92 55 87 65 63 41 12 75 22 31 35 84 33 78 2 64 23 21 31 59 86 64 71 35 91 58 86 37 41 19 55 56 89 43 19 11 18 81 20 67 54 99 100 11 24 47 33 72 16 61 4 56 28 69 17 67 
100
20 79 49 84 24 97 86 12 44 9 58 21 52 68 47 77 49 71 2 77 17 80 75 83 86 74 79 1 77 8 11 1 20 92 100 14 8 72 27 24 33 33 87 63 62 54 21 28 45 42 96 44 50 42 13 61 23 74 4 83 77 35 24 63 13 88 95 66 93 59 50 91 60 55 11 10 74 91 99 80 81 89 47 34 85 100 57 7 14 80 49 80 68 8 93 55 6 12 71 60 
100
75 83 46 6 85 26 6 96 34 47 57 38 85 88 54 87 68 92 87 100 35 63 47 63 86 48 33 16 3 24 32 60 50 32 31 40 16 55 19 68 21 49 90 28 45 75 34 69 45 56 63 5 71 68 61 25 55 35 21 71 56 40 57 11 14 2 54 97 5 58 66 71 14 30 71 21 77 46 71 98 3 89 52 73 92 43 17 48 64 12 73 31 69 83 43 92 12 44 67 69 
100
48 15 97 71 47 82 39 66 61 100 28 73 86 8 54 84 71 43 67 99 31 81 8 36 86 91 9 59 18 80 53 93 42 9 21 91 87 17 11 45 13 63 37 19 26 18 86 10 84 42 40 26 29 40 78 14 99 54 4 69 30 28 73 68 81 42 77 8 54 47 19 77 5 1 52 3 55 62 92 52 92 58 32 74 31 66 9 26 52 77 36 97 18 69 3 42 54 68 14 21 
100
72 35 22 75 49 95 90 73 5 18 35 1 57 28 10 2 43 87 83 15 29 76 96 7 64 51 81 100 98 52 23 10 45 23 92 65 1 92 10 9 100 92 44 73 97 100 67 66 91 31 76 22 70 66 89 56 42 18 90 97 47 70 46 7 93 45 42 73 30 46 26 84 60 78 30 29 54 74 10 11 26 1 65 97 100 89 42 23 26 85 16 37 79 97 16 9 77 6 84 11 
100
78 63 78 93 13 49 70 8 50 69 76 8 7 55 17 98 49 27 63 80 31 73 76 53 73 43 64 63 91 70 69 65 2 64 83 81 67 80 11 82 72 3 20 5 36 47 57 57 95 85 78 80 72 58 53 60 52 46 18 42 92 48 14 13 3 85 21 54 95 5 82 68 24 62 23 2 68 14 41 88 56 71 25 10 11 36 8 10 42 75 12 96 76 73 51 15 71 10 51 35 
