100
100
27 90 22 75 87 86 67 41 55 6 33 16 85 74 13 13 29 1 37 53 92 75 97 24 16 97 35 29 70 53 82 27 95 92 35 91 83 83 24 62 79 5 73 9 70 17 100 33 19 6 56 76 41 60 69 37 86 53 86 34 16 85 39 48 77 42 77 23 9 79 11 36 18 58 22 67 39 12 48 41 30 7 56 42 19 79 1 18 16 62 25 48 98 53 28 76 95 36 5 49 
100
62 28 12 54 36 6 61 27 65 42 60 10 42 54 34 27 39 24 30 71 64 75 15 52 4 85 57 61 79 80 87 39 65 62 76 41 93 86 84 12 90 17 49 14 31 1 37 36 62 51 19 89 100 31 1 60 15 4 64 93 43 29 18 37 1 63 31 44 49 47 75 74 79 99 62 8 61 65 98 7 91 72 49 95 27 85 35 70 5 3 42 35 13 58 2 73 52 77 68 3 
100
13 56 17 10 37 53 60 16 4 69 16 23 73 10 35 89 40 2 100 70 4 86 22 92 52 40 84 69 89 6 100 98 27 76 87 95 50 59 75 75 73 3 64 33 58 46 47 15 1 14 96 22 78 13 98 3 72 23 24 72 27 8 70 86 96 86 12 33 72 65 18 24 22 49 34 35 93 76 89 2 1 45 52 80 49 100 82 88 77 47 50 27 92 56 43 58 21 79 13 77 
100
89 63 14 64 17 72 37 56 14 48 79 13 84 86 8 84 83 74 71 52 79 23 52 41 99 81 94 94 28 99 14 50 47 60 18 61 8 80 21 13 9 17 10 37 90 3 92 48 90 81 25 89 74 72 73 78 52 29 28 59 75 2 74 16 81 25 95 25 45 93 88 97 18 69 52 5 59 46 78 82 85 11 71 78 70 15 43 70 19 90 29 40 84 56 18 76 19 34 44 51 
100
74 47 71 40 21 18 85 29 27 36 93 25 68 69 21 16 55 42 82 98 96 77 36 25 97 88 41 52 41 31 86 64 49 25 77 54 46 5 29 61 75 61 63 6 95 79 1 9 29 41 88 13 96 14 73 79 93 31 16 23 75 100 1 27 53 32 28 100 69 86 55 26 29 5 96 24 62 56 8 32 29 30 62 60 5 69 29 44 96 81 82 30 97 56 48 80 26 28 16 1 
100
63 61 19 99 66 19 17 23 21 93 65 45 41 7 95 13 28 90 76 67 73 42 56 63 19 9 16 56 51 81 66 82 94 49 46 24 55 60 78 35 60 35 62 97 98 10 28 38 53 12 90 1 58 30 17 37 17 29 4 22 70 71 18 89 31 27 32 42 18 48 50 21 27 28 15 67 37 65 8 75 77 44 81 8 14 61 26 65 3 5 37 22 54 29 35 64 91 32 48 20 
100
73 11 74 24 2 88 9 23 28 61 65 7 78 6 36 23 49 18 63 69 33 76 62 44 84 8 50 35 80 6 79 10 30 85 22 77 21 93 4 18 53 1 31 89 98 74 97 19 36 98 27 87 76 100 52 49 74 8 70 96 52 49 40 53 95 14 16 38 21 18 31 35 31 55 39 84 64 72 36 46 69 45 95 23 70 79 94 44 5 53 72 41 70 35 68 20 35 5 27 65 
100
24 6 39 38 69 81 65 9 43 51 59 2 13 27 2 55 76 38 5 13 85 67 3 1 21 78 14 71 89 71 33 90 8 54 3 84 49 12 84 46 25 65 19 3 68 55 73 77 95 13 69 29 30 25 92 81 15 15 63 47 71 88 35 27 91 78 20 7 74 44 61 35 73 20 19 64 79 15 91 37 70 84 41 91 5 81 83 72 39 86 55 23 20 44 8 78 43 89 58 42 
100
8 69 19 18 55 88 56 77 44 93 21 81 88 7 98 48 12 85 35 2 89 95 17 59 32 70 1 31 82 29 56 26 99 42 67 9 87 7 73 66 57 34 47 43 43 33 43 10 57 46 89 40 1 2 41 47 99 84 21 56 66 68 22 17 3 89 76 71 33 12 72 48 4 46 64 78 22 87 97 47 42 36 56 76 59 70 49 72 5 84 73 11 62 19 45 30 72 32 87 37 
100
93 98 73 62 75 96 57 43 48 89 3 47 65 90 13 45 95 36 14 45 38 47 8 83 18 82 77 30 50 52 76 77 31 34 77 48 5 10 65 61 63 31 34 36 69 2 19 60 93 36 63 15 35 1 63 49 38 21 41 51 34 5 22 53 47 80 60 62 13 26 60 4 86 57 22 72 46 62 91 71 69 70 62 8 62 41 98 64 78 64 94 83 58 82 94 13 89 72 57 61 
100
85 33 92 69 45 18 74 10 31 35 36 61 56 94 15 98 52 13 84 20 30 46 3 38 11 61 19 24 2 37 37 20 44 87 67 94 4 88 31 23 18 41 15 50 64 71 7 85 30 71 74 97 34 60 61 54 82 8 6 2 32 29 79 68 58 99 69 46 87 81 36 22 34 51 24 91 14 83 78 99 58 44 87 4 90 10 32 21 93 56 30 35 12 50 100 52 99 51 7 78 
100
7 34 74 15 55 15 70 23 75 64 43 14 2 96 16 40 26 60 51 51 82 97 40 60 39 17 72 8 23 13 13 80 66 38 36 26 65 67 42 14 93 59 47 34 32 27 28 86 87 30 26 94 63 82 8 92 91 58 46 8 98 34 34 75 81 99 43 80 32 20 95 73 90 20 53 97 2 72 56 48 91 51 95 36 62 29 21 71 98 49 42 5 80 14 95 15 5 75 34 20 
100
77 42 54 91 57 6 42 73 19 45 11 36 71 16 47 97 50 48 95 86 87 89 65 94 78 61 87 1 88 39 78 43 66 1 26 88 49 50 21 25 82 52 78 30 12 25 17 27 86 24 24 100 29 27 79 100 38 99 79 100 28 67 3 7 12 36 76 29 20 37 19 42 53 74 53 88 68 38 99 16 88 97 5 17 2 27 19 25 57 95 10 20 67 3 20 30 28 88 4 53 
100
9 45 36 47 23 43 63 80 73 75 5 31 11 15 25 21 69 17 46 19 40 50 93 14 7 43 58 40 68 18 21 40 56 30 43 52 32 50 1 30 38 63 28 89 63 81 82 37 98 65 100 58 21 4 52 5 27 94 64 15 90 71 16 50 49 10 29 54 24 49 42 60 18 40 28 21 44 69 44 64 97 70 19 48 42 21 50 57 66 25 15 69 40 38 48 84 24 47 17 27 
100
39 2 19 76 79 4 44 55 58 49 20 95 26 34 46 43 41 61 55 18 58 16 98 34 68 90 50 17 65 79 36 89 9 30 100 21 80 60 72 51 50 62 18 97 93 7 71 19 48 51 21 73 34 99 34 92 73 18 21 26 100 84 53 92 19 13 60 16 65 28 46 58 6 4 81 86 46 62 67 94 46 28 9 34 14 74 15 53 38 27 42 93 1 63 41 59 91 90 11 72 
100
42 27 59 43 75 22 61 42 38 75 25 14 59 88 74 99 78 36 92 16 13 73 52 69 49 75 11 10 6 63 78 29 55 46 42 78 41 42 8 6 11 33 54 14 11 31 70 58 42 15 54 6 73 24 80 63 6 90 80 97 37 34 13 11 96 30 77 8 37 74 12 77 6 38 97 67 26 73 29 26 78 73 100 90 58 56 62 33 37 30 52 57 94 80 87 87 5 29 84 12 
100
45 11 53 7 24 40 7 68 20 81 16 63 94 99 59 12 88 12 61 62 63 28 90 53 3 21 41 100 74 55 44 58 43 93 32 73 39 8 63 5 1 97 7 54 7 28 70 60 99 86 6 70 82 36 87 45 70 1 86 79 88 86 25 95 54 15 16 34 93 14 70 6 89 55 5 66 15 22 14 3 7 84 12 22 64 54 54 74 13 7 19 86 17 1 50 10 97 51 50 98 
100
56 41 100 68 88 60 26 68 31 87 74 36 36 22 52 49 7 97 24 3 79 1 40 79 3 39 72 67 46 55 2 94 70 83 96 38 2 15 72 38 8 44 67 100 55 26 73 31 61 87 9 96 23 45 84 82 12 5 62 27 12 68 51 33 50 98 27 89 35 94 9 58 88 21 81 13 66 79 8 24 77 6 76 45 51 64 99 17 70 3 25 69 59 78 58 71 16 39 76 71 
100
40 79 69 92 69 14 63 33 42 76 93 25 91 47 81 23 6 42 15 86 39 52 68 69 43 81 54 44 83 86 64 90 3 3 17 74 89 67 98 52 36 18 91 9 7 10 49 45 84 22 73 20 45 90 36 31 24 89 36 25 77 63 14 70 22 70 84 38 46 35 85 80 46 69 47 41 49 6 68 52 73 6 96 52 91 91 41 52 54 57 32 18 1 13 83 65 83 80 28 51 
100
19 43 45 91 82 1 64 64 13 57 5 23 65 4 69 77 40 64 66 55 77 74 85 1 67 90 3 81 80 57 18 54 96 11 25 69 91 41 27 62 27 37 45 22 36 89 59 39 50 9 12 97 45 72 63 60 84 92 65 93 36 68 56 86 97 31 90 40 12 87 87 99 71 39 99 45 31 93 44 7 72 94 10 20 98 99 55 94 42 48 41 18 86 55 10 3 6 47 80 66 
100
39 37 69 76 65 63 4 77 20 3 84 48 54 47 13 6 80 50 77 51 50 33 25 7 8 56 24 65 43 10 2 98 15 44 72 80 89 8 52 33 24 69 5 46 96 95 80 67 76 3 52 8 100 29 78 92 25 27 4 53 84 90 89 9 20 36 18 72 12 100 26 17 76 49 52 81 42 39 12 2 16 20 89 20 89 90 87 90 9 38 97 38 37 9 92 18 38 80 40 58 
100
92 13 62 10 34 60 3 70 80 83 77 91 38 38 20 83 3 18 10 99 20 8 49 69 74 96 88 17 49 26 4 28 55 28 93 35 76 86 98 100 99 87 2 46 64 49 35 34 80 79 23 22 30 64 96 93 99 50 76 46 29 12 50 54 47 41 99 92 52 7 57 7 81 71 99 72 24 61 61 80 2 93 79 60 99 51 40 70 29 69 73 18 50 51 25 86 86 12 96 78 
100
32 66 7 56 7 70 2 47 81 21 40 65 99 50 6 35 83 73 94 68 58 15 22 88 80 99 62 70 18 49 18 4 15 81 8 94 10 77 4 50 10 10 29 82 49 41 91 26 91 34 61 72 91 61 84 45 44 40 9 30 53 79 68 86 8 54 49 54 8 88 44 78 21 52 71 94 82 21 6 13 65 5 6 61 81 83 95 47 92 5 41 72 82 79 28 13 65 62 26 2 
100
83 63 51 17 85 91 75 97 9 99 41 53 14 20 68 39 70 25 62 12 45 88 50 94 97 45 94 12 77 92 66 96 41 26 4 46 2 75 12 36 54 95 2 41 31 9 1 59 48 83 18 72 8 91 49 19 42 25 39 87 88 90 66 15 56 100 37 66 80 60 43 26 81 44 25 53 58 77 45 44 10 64 2 1 35 79 82 64 9 82 7 90 42 98 89 36 87 27 10 16 
100
19 61 83 19 2 84 11 50 33 80 53 58 32 37 95 13 76 15 4 24 26 86 13 50 75 90 76 14 41 97 17 28 27 3 33 55 73 17 87 31 43 29 97 49 5 78 88 48 77 45 48 27 81 67 94 26 23 28 42 33 32 27 99 54 92 82 13 11 98 48 6 72 67 6 76 98 3 27 2 72 84 99 13 93 2 62 9 23 71 92 72 26 55 25 43 43 10 82 58 42 
100
33 97 84 42 43 93 63 72 9 80 21 11 96 35 80 67 61 19 39 11 41 76 70 92 14 18 42 74 26 15 77 40 78 44 12 40 42 31 93 24 91 32 4 52 41 3 45 88 82 46 40 20 6 35 59 75 57 95 23 3 18 44 57 34 30 25 7 50 92 32 83 85 69 9 32 32 59 71 23 24 86 58 31 94 47 12 44 7 72 97 72 87 23 38 51 27 71 83 96 88 
100
9 8 73 23 15 81 12 6 82 29 54 76 87 85 61 15 78 88 92 49 56 78 5 1 78 33 86 28 55 27 52 59 13 22 14 94 90 29 69 30 38 8 7 31 51 9 97 9 17 87 48 44 91 46 11 9 6 69 59 51 60 73 91 94 20 63 82 91 52 96 46 80 59 51 66 9 88 27 83 28 74 45 27 76 66 79 50 64 26 2 94 18 20 97 20 78 38 75 82 81 
100
62 36 16 33 57 19 30 71 52 90 77 62 59 53 14 54 57 60 45 53 16 39 30 29 17 27 7 2 75 6 42 68 29 59 70 80 60 24 80 56 45 68 69 29 31 24 68 81 49 28 57 40 95 58 27 58 81 6 58 62 35 16 97 1 43 86 21 66 84 45 24 32 25 75 55 44 41 71 26 89 8 80 49 82 70 25 82 83 31 100 26 78 79 77 72 99 62 45 57 5 
100
94 16 73 20 35 52 24 40 91 68 32 51 64 28 30 66 15 89 95 95 38 3 57 67 93 12 3 22 72 32 25 8 92 75 75 3 19 35 20 100 28 95 65 10 75 91 3 64 33 93 50 91 76 48 15 68 26 62 45 71 27 87 14 8 43 35 95 17 69 28 66 80 44 50 70 58 71 99 21 80 76 47 89 30 4 10 76 5 31 27 82 17 5 73 19 35 100 48 25 66 
100
72 95 50 72 31 31 62 16 55 38 88 7 100 73 3 24 86 87 99 99 82 11 23 76 52 11 61 88 14 94 68 3 67 95 94 65 77 56 38 87 39 5 91 72 57 40 70 53 30 17 4 89 77 34 88 1 91 21 87 67 28 53 13 55 31 65 83 66 23 39 2 11 75 12 31 32 87 88 66 54 92 69 96 3 43 67 28 15 58 91 66 96 44 60 3 47 97 45 28 24 
100
35 8 93 61 18 19 35 82 95 61 33 22 25 7 43 62 7 95 64 86 29 69 30 88 1 68 71 66 85 31 7 18 54 17 63 47 22 50 56 94 7 15 20 58 75 63 88 17 55 70 83 70 24 10 94 39 87 89 65 52 71 83 20 16 52 100 89 16 30 44 61 92 16 61 74 80 87 17 88 96 6 40 54 44 11 80 87 75 37 39 44 21 32 60 48 22 54 27 79 89 
100
43 94 47 65 7 28 88 2 58 72 38 67 28 69 57 87 14 93 60 62 33 46 8 30 18 48 39 21 22 60 40 28 39 4 74 48 10 92 49 24 78 77 39 87 93 76 99 44 93 94 94 51 6 97 66 10 6 73 4 28 30 24 77 32 11 38 81 53 55 53 47 20 28 100 18 39 61 51 12 5 13 70 84 19 28 93 54 41 1 84 88 51 32 58 49 29 43 16 72 85 
100
56 3 54 52 49 73 89 52 96 80 45 97 28 23 47 40 32 39 27 24 58 41 50 79 94 64 97 84 20 65 89 75 51 9 67 80 16 72 13 16 7 16 74 21 87 15 22 12 76 44 14 50 84 95 75 82 23 40 73 44 12 86 17 43 95 93 98 18 56 88 36 42 48 71 90 23 3 19 82 71 81 39 67 47 77 79 74 19 71 51 64 97 100 71 95 41 12 81 82 100 
100
95 78 30 35 16 4 62 78 66 11 55 40 11 59 53 15 40 78 68 79 33 25 70 60 9 88 56 14 6 62 28 18 56 6 34 17 67 4 78 90 26 35 48 23 79 43 68 7 57 74 61 44 63 94 65 32 2 49 79 21 36 31 11 62 55 92 1 71 94 60 45 12 73 87 90 56 39 48 29 99 27 19 20 69 52 6 42 49 90 85 98 83 16 58 88 98 52 12 22 85 
100
35 18 95 10 45 70 32 68 45 90 76 49 40 35 46 55 40 52 76 84 95 34 73 31 93 97 82 33 67 65 94 12 40 26 89 15 77 61 43 14 47 81 60 11 75 80 46 21 71 49 100 96 24 90 90 89 20 81 86 56 52 45 5 51 88 62 95 8 5 32 22 34 99 8 22 60 73 88 65 87 26 73 33 65 77 66 2 21 87 94 24 85 15 10 90 86 58 96 16 31 
100
9 19 82 8 88 13 57 61 52 49 54 97 31 96 5 24 14 74 92 72 43 32 23 38 8 29 22 25 84 18 21 47 9 22 15 97 62 46 46 16 41 56 98 88 67 18 16 27 31 37 49 17 72 3 4 3 31 86 100 77 49 18 45 5 85 40 76 49 4 12 81 7 64 68 100 27 62 78 56 69 76 97 4 73 23 62 46 99 81 56 29 22 69 49 9 44 57 91 50 38 
100
56 83 89 10 89 59 85 58 93 94 10 23 45 40 43 30 66 94 6 98 48 49 48 70 64 78 96 28 85 49 40 82 93 82 98 67 89 47 49 22 70 72 61 7 74 75 78 26 87 23 7 32 21 11 18 87 58 27 63 13 89 95 67 76 51 7 34 24 14 69 63 90 11 1 46 60 51 10 6 25 64 93 50 94 37 11 14 100 59 22 86 88 29 72 86 57 50 44 22 1 
100
86 69 12 10 30 60 80 66 12 72 75 25 75 60 55 39 34 21 37 82 79 64 72 24 66 34 58 39 18 58 73 96 55 55 11 27 41 3 5 42 90 95 20 64 86 27 65 71 86 28 63 91 30 97 90 29 46 91 82 80 24 57 60 11 31 38 93 8 91 76 21 83 7 61 94 53 67 72 40 19 76 26 39 13 16 85 83 44 30 60 67 60 82 73 42 14 13 44 13 13 
100
92 96 61 21 49 75 68 57 37 73 26 45 23 65 26 84 86 43 72 92 11 81 97 50 53 85 85 63 93 51 56 87 87 43 85 29 22 49 35 59 52 63 68 60 53 6 11 99 42 57 40 37 79 34 31 10 6 39 33 8 66 56 66 44 82 97 60 58 8 98 22 27 72 50 5 45 81 25 15 54 25 5 48 76 88 71 46 20 43 85 51 20 26 55 62 11 12 54 35 88 
100
13 60 58 22 57 81 87 22 19 54 61 81 84 44 88 80 69 51 41 61 70 44 31 68 64 59 93 21 73 61 25 48 11 9 63 78 51 33 30 42 35 24 6 89 1 78 47 61 62 91 41 40 81 23 76 95 64 94 18 8 53 79 23 41 49 46 16 30 14 79 91 50 29 93 82 76 66 70 18 76 94 15 89 49 82 20 71 77 54 30 30 83 85 36 88 3 91 87 22 31 
100
86 53 34 61 65 67 80 21 18 54 36 52 99 15 54 61 20 13 71 86 71 60 36 46 51 56 57 11 37 88 12 31 11 99 42 39 39 63 68 41 25 56 26 53 4 31 72 38 26 12 97 23 29 88 65 78 76 83 86 71 35 81 27 49 82 75 27 24 60 60 48 30 18 73 75 27 29 22 50 35 98 19 1 71 53 62 25 94 40 12 50 34 85 93 46 5 33 43 79 89 
100
10 44 73 79 75 61 56 71 46 54 25 21 67 50 46 42 71 49 87 51 64 9 98 13 31 25 54 92 45 85 48 1 86 65 34 5 15 84 92 40 71 45 44 62 17 43 77 97 92 82 95 75 18 32 49 82 61 77 27 45 7 71 62 52 37 29 40 55 6 61 4 99 25 28 92 9 28 28 5 67 30 97 70 40 68 65 100 32 15 13 88 76 41 97 70 71 89 98 18 73 
100
8 82 8 30 6 2 56 47 72 59 62 28 51 82 8 58 68 94 14 91 26 57 53 90 73 69 87 69 28 92 70 23 85 25 63 7 31 65 57 38 25 82 62 89 53 93 60 51 92 62 32 32 20 36 99 18 74 46 10 2 88 5 65 66 50 51 86 86 53 79 42 37 55 22 75 33 94 50 19 5 39 28 57 94 34 43 82 80 7 95 55 47 43 28 6 89 49 15 76 9 
100
18 13 72 29 87 94 49 88 25 64 37 75 61 57 70 61 37 82 74 77 98 1 53 71 68 8 49 21 87 43 2 98 36 51 79 88 71 96 69 11 94 28 45 50 57 69 79 62 3 9 65 99 2 100 17 74 35 58 96 60 65 57 91 73 37 29 70 65 24 10 62 53 40 34 35 53 81 4 3 88 50 48 34 21 31 40 22 48 60 6 96 60 25 50 64 16 27 51 78 96 
100
55 93 14 82 13 26 84 100 24 98 43 75 97 18 11 40 85 24 25 6 58 75 44 1 64 66 53 13 32 16 50 14 18 57 90 62 48 20 40 35 26 54 58 4 99 65 60 58 72 30 98 59 39 11 82 81 67 65 5 28 50 97 59 66 63 26 16 98 77 27 10 87 23 89 97 22 18 83 71 42 88 28 28 92 71 12 86 58 25 11 100 3 60 70 96 4 85 32 68 65 
100
84 40 39 15 4 71 20 17 17 77 85 9 33 55 43 76 44 87 13 12 17 31 88 72 38 75 82 49 79 62 2 28 50 39 78 24 95 84 6 69 40 71 40 45 52 54 76 23 71 52 83 49 73 58 30 2 12 100 1 68 95 17 85 42 45 72 12 37 81 12 63 83 87 76 84 80 27 35 91 21 48 91 79 27 72 41 77 46 58 56 16 97 12 53 21 79 46 51 97 82 
100
78 2 20 54 14 42 89 82 99 8 71 3 19 32 22 73 38 29 91 35 92 61 12 20 70 50 27 19 17 87 52 99 71 23 25 59 5 55 90 41 5 99 69 72 33 30 43 64 91 89 100 37 82 77 80 6 97 72 43 63 35 14 73 29 66 83 53 57 4 20 7 95 23 34 65 76 24 82 3 99 43 92 69 8 44 97 61 50 29 66 32 94 54 10 86 43 89 18 41 48 
100
99 49 25 8 31 14 1 100 78 12 34 62 18 21 74 37 91 60 90 89 86 73 31 36 88 72 72 89 46 56 4 4 75 65 4 78 99 34 52 99 33 88 31 73 20 65 18 99 21 20 44 82 96 5 39 50 87 51 54 12 51 53 35 50 14 2 75 39 9 64 12 73 67 50 66 41 57 76 70 94 47 83 6 85 75 74 45 67 69 21 6 30 59 4 38 77 38 46 83 63 
100
72 62 94 59 59 37 88 9 41 18 73 71 22 74 1 82 39 8 88 67 21 92 36 54 74 26 44 21 25 98 11 48 52 65 77 72 28 3 17 93 17 2 48 45 88 25 5 50 57 86 97 63 94 9 25 25 43 99 5 55 1 74 48 40 60 61 30 60 100 58 36 10 87 18 82 88 47 24 73 88 35 58 16 85 38 4 68 65 64 7 47 22 28 85 13 54 62 50 72 16 
100
94 27 58 99 45 40 40 85 29 19 90 84 79 70 8 28 88 85 47 89 88 81 15 14 28 65 51 51 57 87 16 3 18 85 67 88 81 29 94 19 36 61 55 19 95 39 61 45 84 8 91 42 95 39 32 52 12 100 66 18 1 90 25 29 40 30 14 90 93 85 55 2 51 79 89 96 89 41 37 34 14 40 26 99 34 83 28 39 31 87 45 31 46 85 48 78 64 8 27 52 
100
55 75 47 87 54 97 35 3 51 95 9 22 6 18 84 28 79 86 19 11 51 38 97 98 85 57 57 83 50 76 3 98 61 33 72 44 73 99 58 29 79 3 40 34 40 78 33 21 71 80 42 100 19 9 41 20 56 58 35 43 94 6 14 53 34 77 39 100 88 29 6 73 16 63 4 8 93 16 88 63 78 1 53 63 87 32 30 20 60 79 47 2 5 26 3 60 5 16 51 48 
100
19 46 74 35 46 28 41 90 35 92 65 73 37 52 23 39 55 42 31 6 74 2 24 37 65 20 27 55 44 2 14 26 38 16 7 43 61 22 24 92 35 22 29 51 10 38 56 61 63 28 45 87 40 85 71 11 79 83 77 55 78 42 16 5 61 53 48 14 41 24 45 69 14 29 36 78 18 31 22 32 3 98 28 86 31 69 63 69 84 72 62 58 67 14 62 38 56 2 78 99 
100
62 68 15 5 82 2 1 81 86 7 14 4 60 12 23 19 32 42 53 81 10 55 9 63 79 96 88 11 27 46 92 79 100 4 23 72 97 33 61 56 17 54 99 1 20 98 34 87 14 55 5 21 47 60 67 79 74 33 33 98 91 95 11 65 35 33 16 26 69 82 83 100 22 11 63 96 64 79 38 25 44 30 18 41 25 63 64 20 61 25 77 55 42 3 74 69 27 31 27 64 
100
52 4 48 28 59 96 58 36 21 52 99 53 48 69 100 59 18 55 91 73 94 80 70 24 89 47 50 15 52 62 59 6 97 28 59 52 35 11 73 97 13 17 28 76 89 69 88 1 5 1 69 10 74 22 18 31 77 3 67 36 19 65 81 58 95 39 49 65 94 41 12 8 18 34 78 29 79 58 46 18 54 53 33 92 6 26 13 88 52 15 36 83 86 81 85 18 52 23 22 33 
100
35 10 90 60 42 19 65 32 22 88 2 51 28 35 44 14 28 81 68 81 8 75 82 88 62 71 94 13 47 32 37 31 4 17 8 97 67 99 80 41 30 62 50 7 97 31 81 48 86 31 62 96 32 94 60 84 56 37 32 56 76 80 46 40 88 12 37 88 44 20 79 1 99 58 21 50 28 81 57 63 18 40 5 44 8 41 35 22 63 7 25 42 75 29 15 50 84 57 10 92 
100
80 72 99 87 37 46 57 16 69 28 44 50 62 76 10 26 19 96 6 50 82 11 90 99 20 21 73 16 18 73 46 89 93 64 48 8 32 59 74 78 32 85 89 93 44 54 35 17 47 87 94 93 63 91 42 47 43 34 91 94 71 44 22 59 78 16 97 54 84 97 70 95 18 72 12 53 6 15 100 37 71 18 79 10 89 44 99 39 73 73 91 9 75 1 50 11 39 43 51 59 
100
77 11 42 12 21 65 59 33 19 55 40 39 59 88 24 49 55 30 57 2 24 85 25 28 3 54 53 36 16 91 78 83 56 23 85 95 46 51 35 17 3 74 76 1 31 15 57 86 95 21 41 57 21 48 26 60 81 5 36 15 9 46 17 73 95 47 48 14 30 28 87 17 82 92 36 54 59 69 40 86 88 97 87 58 33 84 82 79 74 23 62 3 7 13 88 57 84 68 62 13 
100
11 50 17 42 76 72 83 87 4 39 90 56 70 85 54 39 14 26 68 15 51 36 76 100 92 12 76 7 93 30 69 18 83 82 49 31 97 60 93 50 24 60 58 21 61 91 87 28 86 26 69 16 75 80 97 86 57 54 37 19 4 85 89 43 68 100 92 49 53 82 16 6 80 90 66 48 38 17 81 27 95 80 100 68 97 50 10 74 78 81 2 78 32 40 71 92 60 87 14 3 
100
56 47 25 67 81 39 50 89 15 28 25 26 51 3 98 1 35 8 74 67 32 75 28 60 96 20 79 43 73 41 66 85 10 62 71 78 21 24 23 32 65 3 58 48 100 25 10 18 40 12 67 89 97 45 82 55 66 5 92 62 93 4 9 15 68 1 55 58 50 85 77 50 96 76 9 6 48 20 25 64 8 83 94 21 95 95 61 13 49 79 75 52 87 49 34 10 24 38 84 67 
100
62 98 59 46 77 85 26 95 82 85 83 10 82 17 77 6 92 44 84 45 5 46 55 98 15 40 54 5 80 67 60 6 3 23 54 4 6 39 64 35 94 20 11 20 68 41 16 32 6 22 92 20 90 14 33 71 5 13 92 32 26 78 59 46 59 11 61 5 93 98 68 99 28 32 54 82 1 73 26 20 48 19 97 21 56 42 80 75 5 3 17 4 52 83 94 3 68 83 1 52 
100
32 34 41 73 60 51 71 85 22 15 100 81 30 28 78 20 55 11 45 51 35 68 45 60 36 96 85 73 65 63 17 41 33 78 72 96 30 43 51 40 9 40 46 43 47 61 48 33 31 61 96 65 43 10 79 36 76 47 87 93 74 43 82 45 31 24 8 77 10 5 9 92 99 80 99 38 17 78 22 53 28 32 20 83 33 46 83 53 91 66 13 27 71 63 28 79 65 70 78 74 
100
28 29 66 24 64 18 11 23 35 11 57 3 39 31 82 45 57 59 2 97 61 3 54 21 84 82 62 35 33 73 77 62 13 83 85 100 37 16 67 45 93 87 20 3 94 24 5 26 60 31 52 63 9 55 79 13 81 62 72 45 70 53 74 65 75 22 88 24 84 24 59 25 88 3 8 46 31 81 6 34 80 12 73 60 5 37 68 74 78 25 64 22 48 38 61 36 31 79 64 81 
100
30 59 14 74 10 67 85 67 80 35 52 69 62 12 7 98 72 27 32 4 39 8 3 17 59 15 53 10 54 86 87 90 88 5 25 40 48 39 86 74 75 78 96 60 91 89 1 64 66 3 95 48 29 2 96 11 67 81 27 59 94 39 49 59 69 42 51 55 82 39 15 76 26 18 10 14 49 63 45 75 8 6 10 21 2 9 5 23 56 96 42 92 61 98 13 16 84 17 33 84 
100
1 98 61 100 71 6 85 87 70 32 63 37 44 40 53 32 11 91 26 49 39 20 31 96 62 67 56 98 91 40 31 70 75 9 68 70 65 15 29 60 81 83 5 41 87 13 15 23 65 13 20 33 82 33 89 99 40 77 42 5 89 21 20 1 81 76 63 91 79 34 40 47 2 63 84 12 85 88 69 20 50 67 23 92 2 66 93 58 49 5 94 75 34 37 61 98 44 55 95 98 
100
27 36 11 7 52 93 39 60 43 7 95 31 24 81 42 77 12 13 31 12 32 43 12 90 70 67 69 56 31 62 76 7 64 32 37 61 57 89 31 76 99 100 4 50 69 63 2 32 58 80 22 49 29 47 69 5 88 61 92 15 53 32 1 82 98 25 12 95 28 31 47 36 3 64 32 63 31 12 58 82 6 24 51 21 32 25 13 21 91 69 56 48 28 99 22 64 29 34 8 4 
100
73 14 37 5 85 59 32 73 41 1 79 82 2 73 81 29 69 92 47 61 52 53 43 53 63 61 84 24 57 84 22 81 56 83 73 78 91 100 76 81 35 6 60 76 96 2 41 60 28 33 20 45 60 79 17 77 66 27 87 75 82 59 70 97 81 51 12 35 96 65 67 70 93 63 22 89 30 57 34 71 37 36 83 13 51 84 63 41 89 9 6 60 45 63 95 60 49 79 66 92 
100
83 36 74 56 35 72 45 84 46 84 37 60 68 49 25 2 49 99 85 7 32 30 42 3 32 88 57 58 58 6 34 50 82 58 36 39 41 28 96 1 39 96 97 74 2 76 90 79 35 34 10 62 39 36 67 72 88 5 86 28 5 11 25 93 64 35 70 56 31 57 99 77 33 57 27 18 97 40 9 92 23 91 86 87 6 9 71 16 42 91 92 69 82 45 78 31 49 83 8 22 
100
65 21 12 22 72 98 79 54 22 63 74 82 39 39 39 92 73 58 21 10 72 70 43 33 86 9 46 26 53 73 5 46 67 13 60 39 76 13 4 65 98 27 11 12 93 10 6 24 28 99 51 22 64 90 44 1 91 19 61 13 96 82 41 15 89 72 94 57 73 84 43 71 27 37 1 38 3 32 10 12 3 43 74 5 84 3 62 32 43 55 26 8 82 15 21 45 100 48 28 94 
100
91 80 99 29 71 36 63 1 75 8 81 18 35 36 13 42 6 16 46 22 61 45 9 24 23 53 65 48 42 55 6 49 42 13 53 86 81 94 26 72 19 39 27 49 46 60 25 97 53 7 52 12 28 32 59 96 76 23 20 65 68 14 37 14 3 7 52 6 56 33 49 7 86 46 85 29 14 16 81 78 85 42 71 17 22 78 96 1 39 40 99 23 87 53 13 58 80 41 25 53 
100
98 86 62 51 76 95 3 31 57 16 78 74 62 74 60 81 6 85 99 93 57 27 42 78 85 64 85 80 30 20 8 24 2 93 5 22 89 74 52 10 49 75 35 8 99 42 46 44 52 74 89 70 87 29 55 31 4 91 30 76 22 88 68 94 52 62 11 43 13 77 89 46 4 31 89 33 46 60 34 75 76 32 93 60 15 38 81 53 87 97 55 19 50 13 46 24 92 41 72 47 
100
44 6 17 64 80 62 56 40 10 38 48 33 34 49 64 21 27 70 62 56 70 95 77 16 20 63 49 65 6 9 47 72 70 71 41 14 44 69 15 1 92 61 31 55 42 71 34 55 13 33 83 44 80 21 43 55 79 26 58 93 26 91 25 25 71 94 12 95 44 60 75 32 34 61 47 64 48 55 94 86 59 2 83 50 51 51 14 21 66 29 24 72 28 84 70 6 31 3 67 68 
100
88 99 55 26 29 82 93 16 60 77 73 84 92 66 91 85 10 37 38 17 83 37 80 11 40 21 56 100 30 40 66 55 24 10 12 6 17 80 73 51 22 61 2 43 88 73 90 50 77 26 18 43 61 50 13 85 87 25 42 22 97 8 80 91 48 32 13 41 91 70 26 50 34 91 54 54 66 71 49 36 28 96 34 80 92 88 53 67 87 55 46 21 94 10 58 9 4 54 55 73 
100
77 73 53 72 93 66 8 30 4 24 99 51 71 61 92 86 52 83 29 55 49 34 73 27 99 63 27 59 88 84 45 88 9 73 82 9 77 39 77 26 21 55 49 7 31 54 69 16 21 22 11 43 50 51 34 22 70 51 76 48 28 86 77 98 13 62 3 98 36 82 84 74 73 50 35 41 10 66 64 51 75 47 35 3 36 6 21 6 81 58 72 53 65 76 4 53 23 44 55 46 
100
40 15 86 50 81 95 96 76 21 11 39 57 90 20 48 85 25 47 52 9 78 23 48 88 29 89 56 43 45 78 64 1 27 26 7 11 95 43 61 64 13 35 90 89 34 97 87 31 16 37 53 17 27 7 72 100 45 14 89 31 9 86 99 52 28 98 38 44 24 6 21 2 40 19 78 75 75 64 100 16 56 54 84 77 27 83 11 73 94 59 26 22 74 90 99 58 6 92 96 78 
100
16 47 49 65 8 39 43 48 26 52 58 1 99 24 70 86 34 8 73 32 38 72 12 55 56 87 69 27 39 72 20 11 76 4 76 57 47 39 88 55 45 4 53 33 88 96 19 67 88 81 87 68 7 85 67 50 59 72 88 92 98 54 71 93 42 7 19 31 63 11 38 85 94 73 2 80 63 61 90 28 37 89 97 25 8 66 74 16 95 7 9 19 39 22 32 8 64 61 6 10 
100
82 66 48 12 23 67 45 63 8 45 35 21 21 31 66 19 4 6 97 39 60 54 55 23 82 16 8 54 76 65 92 54 2 69 91 46 82 18 37 20 67 2 20 71 76 20 43 11 61 50 73 49 58 95 23 81 79 79 75 89 16 93 2 68 2 4 54 78 21 97 15 46 12 74 74 41 38 32 80 89 30 62 2 6 81 59 29 23 42 32 80 36 67 68 31 31 62 3 66 37 
100
90 54 78 90 79 43 64 28 39 43 68 19 63 54 67 53 29 93 12 8 15 83 43 68 8 21 56 59 2 58 3 82 72 31 3 62 44 6 20 18 11 49 7 71 64 45 61 14 39 60 85 20 55 16 10 80 69 1 12 48 2 80 32 61 11 37 86 97 23 22 90 78 23 89 26 32 73 81 11 57 97 11 23 96 4 14 86 52 21 12 16 43 78 83 77 99 39 52 46 55 
100
45 61 3 1 1 81 81 83 90 48 54 27 36 84 91 39 3 79 14 57 84 13 51 55 2 37 4 63 39 87 19 49 16 41 55 81 63 35 31 26 55 51 6 3 89 97 12 46 45 61 100 94 78 34 78 89 82 27 22 1 94 44 74 58 6 7 13 81 19 32 33 63 52 6 58 53 30 98 83 47 16 25 72 55 11 1 73 83 39 92 98 97 77 17 99 10 21 99 66 57 
100
95 59 86 78 70 32 11 30 37 41 28 52 50 51 31 56 3 7 35 16 67 94 34 16 61 55 89 58 23 25 29 1 85 62 91 82 83 63 100 13 33 41 82 69 21 18 53 6 58 4 37 37 79 35 78 61 62 82 33 41 10 88 39 86 11 99 52 27 76 89 74 78 33 5 17 72 67 24 81 40 33 52 26 40 28 36 43 20 4 18 27 35 36 26 43 68 16 79 96 37 
100
70 11 8 70 99 74 14 31 7 15 27 90 26 19 19 48 56 33 17 66 48 46 90 53 48 9 30 29 4 82 28 89 40 33 99 31 54 32 81 45 61 60 41 61 90 32 3 21 61 10 51 94 4 16 62 82 94 38 40 11 71 88 23 34 97 35 62 84 42 83 6 3 44 27 77 96 66 32 39 60 85 23 26 57 25 74 20 54 58 9 100 13 13 93 73 52 67 84 42 86 
100
31 74 27 72 78 44 15 23 48 19 7 87 18 19 41 61 72 41 48 77 80 29 51 88 14 44 56 19 57 25 43 75 69 82 27 60 70 58 12 55 26 97 14 69 47 23 21 80 43 28 53 4 48 28 60 7 70 6 2 44 22 6 56 74 4 84 100 51 28 15 43 35 86 29 80 51 52 59 5 49 36 25 16 62 94 76 12 38 65 99 23 63 28 31 78 52 84 6 10 74 
100
65 25 9 95 14 49 15 15 65 19 66 45 94 18 92 72 94 66 14 73 75 55 60 94 18 64 44 39 2 100 3 32 71 1 82 52 37 87 24 76 58 43 40 83 13 13 6 25 76 98 7 5 84 18 61 55 52 37 99 25 100 24 28 22 51 79 97 53 31 36 6 39 55 86 38 51 28 12 2 57 12 24 30 41 13 75 9 85 18 77 10 22 59 36 32 62 1 90 23 30 
100
72 52 75 87 32 18 32 38 25 35 55 92 71 11 68 85 36 100 100 9 64 81 74 68 72 14 8 70 18 31 43 55 28 3 15 36 1 53 40 51 39 16 45 79 19 92 65 26 23 47 8 89 78 53 6 49 61 36 43 38 80 67 62 81 67 100 31 90 26 32 27 94 46 38 50 57 70 95 40 79 40 53 22 75 53 57 43 89 60 47 27 48 37 48 68 95 57 37 55 94 
100
19 46 96 91 22 92 39 94 82 20 30 48 49 45 13 95 63 13 93 26 87 94 32 62 63 59 4 14 54 100 34 63 93 97 13 71 92 95 79 3 65 19 98 26 4 29 59 12 97 56 31 50 72 99 55 28 96 31 94 97 18 38 97 57 42 47 70 77 26 7 91 67 69 8 33 32 71 7 24 26 84 71 66 81 78 72 4 76 6 10 39 84 5 10 35 65 75 61 28 2 
100
37 55 82 14 96 6 87 70 49 44 93 17 46 62 17 69 21 94 22 28 23 94 99 47 67 46 13 66 37 27 31 8 89 21 70 48 49 98 83 88 90 60 62 10 53 93 33 8 56 9 10 35 62 96 17 47 1 64 70 68 74 81 74 9 99 3 47 26 16 76 29 11 38 95 54 100 23 76 30 61 5 61 47 30 47 40 54 75 53 53 15 16 80 23 90 41 17 46 30 16 
100
41 88 94 51 37 89 70 31 30 95 99 41 15 61 94 36 38 6 38 11 69 69 88 37 46 56 30 70 1 70 59 76 8 50 18 46 31 41 77 15 29 33 96 87 90 75 66 1 51 81 80 16 83 60 32 95 48 53 67 14 1 99 93 64 57 73 20 78 56 68 12 13 27 39 62 23 30 73 60 22 38 22 44 89 37 98 27 91 77 90 92 17 63 57 61 55 68 46 37 10 
100
48 42 86 64 34 73 97 5 88 4 100 13 11 34 95 2 6 6 74 100 7 99 22 41 86 31 70 61 73 53 24 90 35 39 92 93 57 43 80 90 42 52 13 92 18 78 41 28 77 70 93 42 21 84 53 12 57 34 89 39 40 42 70 55 49 51 26 7 88 84 12 41 45 76 20 47 59 93 77 66 72 84 72 17 91 44 32 21 18 18 22 20 97 25 23 68 67 21 19 46 
100
79 26 8 30 34 90 100 5 35 62 16 96 70 48 69 58 33 97 99 97 56 51 84 21 65 9 6 30 7 18 68 42 22 59 13 2 83 16 6 22 32 28 97 38 87 84 83 92 15 13 8 3 99 13 11 96 58 32 15 23 91 7 48 52 6 96 47 36 29 43 69 42 92 4 73 93 43 63 8 16 10 77 76 91 75 39 25 83 38 68 19 69 29 57 100 27 21 41 89 100 
100
1 3 86 54 97 98 27 4 50 56 85 64 64 28 62 37 16 78 55 2 15 22 66 75 39 63 39 92 52 21 52 47 22 3 77 17 93 90 9 36 24 68 1 66 42 24 80 18 38 38 8 59 47 37 59 78 31 24 50 13 75 66 63 56 11 5 81 27 46 12 40 96 65 43 88 30 53 71 66 29 22 31 61 48 36 91 35 49 11 35 45 44 71 70 75 95 38 79 66 21 
100
94 3 18 72 38 41 40 91 87 98 37 11 70 85 69 45 40 94 2 44 30 17 51 13 18 26 63 25 22 50 70 57 56 25 59 92 37 85 23 76 6 25 85 78 55 32 98 100 98 87 35 12 88 46 20 38 34 54 20 29 19 14 42 50 99 80 50 65 11 49 73 100 92 48 57 88 38 67 96 63 58 6 82 20 89 2 33 21 85 14 69 79 93 67 21 73 1 97 8 34 
100
13 27 51 48 99 11 34 37 17 91 24 13 59 59 68 36 17 28 82 54 97 89 43 79 92 64 57 56 21 51 56 23 25 60 88 54 5 77 15 35 57 72 78 7 39 98 89 44 68 30 82 99 73 16 58 26 76 23 70 46 19 36 55 45 45 64 93 38 56 59 29 48 7 74 57 100 37 98 4 33 34 18 26 18 21 43 97 39 93 74 9 88 7 2 29 51 8 94 90 86 
100
75 89 11 72 10 36 50 64 38 41 2 14 91 57 30 98 52 78 12 83 87 98 38 97 37 6 77 61 41 84 22 84 2 47 34 29 9 44 61 67 12 57 94 36 27 87 17 16 68 81 85 96 2 43 48 41 66 16 16 4 26 68 14 51 5 89 34 77 6 96 56 14 36 50 13 29 14 44 51 27 72 88 10 60 82 12 47 52 40 64 93 66 98 39 53 84 12 54 22 67 
100
32 57 42 80 82 78 59 55 89 23 5 19 56 18 7 91 8 75 25 15 100 34 65 46 21 49 8 70 87 24 74 76 75 43 29 93 31 4 3 26 10 37 87 80 17 80 77 80 18 98 32 85 98 21 23 45 67 66 59 25 54 9 4 19 15 29 66 2 33 59 93 21 59 54 4 15 37 70 23 7 42 14 92 58 71 78 76 77 8 9 17 57 77 50 73 96 36 57 60 42 
100
61 24 7 8 90 50 61 19 13 52 90 92 2 23 58 63 49 81 47 25 4 11 6 3 13 34 96 35 6 73 43 85 24 95 70 91 73 13 70 81 29 50 86 87 36 64 49 19 26 46 93 14 19 64 32 82 20 71 27 61 5 82 33 44 77 28 57 10 62 43 13 3 62 95 86 25 3 63 58 66 77 57 34 42 9 68 12 54 51 15 66 21 1 52 96 98 19 86 98 90 
100
23 83 1 91 90 76 95 22 70 30 97 93 25 9 65 55 30 35 49 8 15 39 70 4 11 55 88 83 64 43 45 39 55 6 68 29 86 93 36 32 63 46 5 67 100 55 7 29 91 85 4 27 98 23 79 72 93 26 82 52 95 29 31 95 2 40 67 79 83 10 58 49 37 51 87 84 25 59 91 19 26 89 16 7 62 11 100 39 64 59 13 48 16 89 52 32 20 13 13 99 
100
36 43 77 36 4 97 22 32 8 41 86 69 36 44 43 9 81 95 54 45 29 60 63 47 14 14 79 17 49 16 11 29 68 76 80 6 64 36 67 36 25 81 67 51 22 94 21 48 5 82 100 56 42 86 1 17 79 30 60 39 29 7 28 79 89 84 27 94 25 87 90 91 80 19 43 38 14 99 3 92 69 45 7 86 57 8 49 55 98 52 61 80 96 44 1 59 10 24 55 32 
100
83 75 90 98 37 6 90 68 50 19 65 42 5 60 66 75 16 68 83 40 47 51 7 3 90 52 41 12 35 56 72 72 38 92 79 20 92 47 55 76 17 85 2 20 89 63 98 1 73 96 63 33 11 72 77 5 43 7 33 59 16 84 49 63 82 26 2 69 9 66 58 23 90 34 87 5 53 46 91 74 11 97 56 93 60 63 85 68 28 48 89 11 57 43 87 84 56 36 19 33 
100
80 39 45 63 99 54 59 38 61 20 100 85 70 80 58 96 71 79 87 59 71 81 28 4 2 67 9 95 42 36 13 45 2 49 17 23 15 53 31 9 45 99 61 75 86 58 94 10 8 94 16 30 49 8 98 74 43 46 52 45 30 48 33 12 69 2 25 80 62 47 43 33 65 49 28 99 95 66 4 44 44 22 60 14 27 2 33 74 24 85 40 13 98 57 67 78 70 44 18 33 
100
56 99 50 19 33 63 22 9 25 90 47 81 41 8 90 86 19 83 11 59 33 100 52 63 24 3 49 24 42 40 79 66 9 55 24 1 17 72 94 85 96 28 64 45 5 96 99 90 43 99 4 54 98 6 97 52 78 38 62 17 19 74 58 99 37 41 74 1 74 42 62 100 36 82 50 93 94 86 98 79 58 33 1 17 60 45 6 63 42 69 92 45 79 21 76 45 97 70 20 31 
100
50 75 70 49 65 17 94 60 14 97 16 12 15 51 53 10 37 95 79 56 23 21 52 53 5 79 80 39 87 98 9 73 2 92 27 77 99 12 39 26 64 47 16 49 24 11 97 61 11 69 46 96 40 74 33 52 12 98 86 58 68 40 54 13 31 29 17 94 3 1 10 100 44 22 71 90 32 38 85 84 96 71 49 66 59 16 92 90 26 39 36 52 32 33 99 7 27 70 3 15 
