100
59926 60109850 60209849
78 3371 5418
8806 16627628 16727627
19875 214356901 214456900
961 149053 249052
834 196637 208969
116 2995 5674
26 488 592
9 1 3
101 6361 6899
77 4913 5256
207 2899 23467
46 326 1760
131 4501 10007
15 107 150
116 3264 7527
274 20535 27197
5 3 21
53 299 1349
164 1226 14561
175 443 28879
33 427 1050
44 373 1427
86 1995 7062
125 2322 3106
194 14883 23299
65 2396 3938
66 2486 3195
50 413 2387
65 897 2034
245 16948 21623
80 384 3415
58 745 2676
44 234 1369
169 9757 20780
29 66 442
20 276 324
85 3857 4628
175 8146 28223
151 1325 13694
107 1780 4505
71 2058 2339
22 11 254
60 114 456
186 4338 28646
206 10449 28691
127 537 5367
48 2047 2092
148 12272 15493
127 11738 13808
33 187 959
166 2907 20894
14 22 76
124 3844 8677
139 1128 5712
2 2 3
92 4749 8278
61 2556 2612
1 1 1
305 26561 69421
76 489 5310
18 108 215
10 9 9
10 26 46
52 619 2561
136 14667 17615
175 2978 16866
125 2296 10158
8 4 17
179 7673 8050
18 37 157
160 7495 8240
24 85 358
489 7033 107032
87 361 4038
62 3087 3237
70 3998 4771
30 366 588
219 16759 31000
92 431 1711
86 346 4778
132 3320 12831
10 41 63
77 1478 5049
94 3378 4533
15 99 127
295 18520 36739
129 4155 13797
51 1737 2302
144 6826 13691
28 45 597
181 7998 16545
80 3052 3629
61 2726 3320
29 66 113
207 4926 32008
21 226 267
90 2376 5195
38 72 383
56 1536 1886
