100
63329 179200938 179300937
8378 12514372 12614371
11041 92669007 92769006
3212 1111618 1211617
1823 1011756 1111755
1656 517918 617917
1161 181352 281351
97 3847 6176
33 759 894
77 1808 5114
54 1385 2435
84 496 2914
48 1184 1272
73 1650 4451
329 212 26746
67 3132 3366
135 5979 10658
40 607 941
122 2907 13221
84 2746 2877
52 701 2231
174 8294 12682
67 300 434
97 3937 7242
122 1006 12611
5 7 14
238 21912 24134
37 812 1065
2 1 3
140 352 3710
197 12579 30167
107 5038 11337
7 9 20
155 5134 10248
30 111 613
173 26683 26789
85 1157 3676
107 748 9948
86 1254 7014
70 4084 4596
202 5944 35221
2 1 1
25 58 176
225 5225 9961
111 3040 8244
84 1342 6769
57 26 371
27 568 586
218 31600 42055
14 13 175
212 7029 11365
94 1233 4162
101 4657 7305
91 7366 7382
78 3516 4900
72 2557 3951
96 403 5305
128 734 12986
134 11782 17487
71 2080 3821
1 1 1
260 1089 50883
63 866 2343
137 4794 6693
52 642 1189
78 2356 3479
52 953 2058
18 15 97
118 3162 5470
50 1727 1769
297 1989 76729
118 2996 12855
22 283 370
88 1444 1463
44 1215 1219
48 100 769
291 11959 61037
89 3565 6043
51 961 1814
130 12823 13429
69 893 4398
35 380 537
81 1748 5141
244 8822 24163
120 4223 13405
77 219 1638
95 5118 7924
102 168 9718
2 1 1
111 4101 5027
87 368 4133
89 4146 4662
7 23 38
280 17191 61858
16 79 90
120 7598 7620
99 1779 7291
10 66 76
211 35770 41654
135 4869 7222
