100
17135 204538745 204638744
62508 22343177 22443176
8075 7871619 7971618
1056 247006 345058
1297 201959 301958
167 11764 15730
53 661 2612
103 3626 5371
348 41439 92851
23 69 167
12 69 128
132 4173 8037
99 765 9094
194 3813 30293
85 2196 3843
101 4965 7878
87 2360 6034
86 874 2382
19 214 279
129 4072 7567
100 1231 7214
85 782 7120
81 1743 6257
288 35701 64569
122 9492 9655
26 118 163
138 1179 5474
59 1352 2969
139 8532 17893
130 11839 14521
105 324 687
93 3870 6249
57 1751 2940
65 60 3431
152 17797 20156
104 9970 10031
27 90 391
170 6275 13444
136 3316 14070
56 956 2844
120 168 3503
8 6 33
125 437 12619
22 60 347
256 38883 60349
14 21 23
114 6408 8466
174 3510 24505
19 10 250
110 3024 6426
163 3478 15685
55 1876 1947
173 5524 23150
40 333 527
13 72 100
127 6565 8948
5 8 11
286 50605 58064
114 2935 3978
13 99 157
56 362 2529
37 84 1318
277 67433 73524
78 3070 4778
1 1 1
255 32958 52850
68 1070 4229
84 3137 3865
32 524 622
124 5465 8700
25 64 590
242 18189 27485
116 7986 12527
90 1953 4117
10 46 79
188 25443 33785
33 213 908
63 707 3800
55 230 605
227 45435 45827
5 17 18
140 272 16974
174 15991 19793
3 1 6
38 1200 1389
253 31835 41929
62 259 3764
140 11747 18631
5 6 10
165 6149 22982
50 613 2365
144 8644 17421
148 6088 20570
54 314 845
144 5790 15367
7 14 17
77 2179 4201
220 25750 28749
115 1729 3740
23 63 450
