100
27601 242873630 242973629
5142 10340169 10440168
32027 689934913 690034912
1190 276000 375999
3303 781616 881615
12857 60223900 60323899
1423 383556 483555
1546 591145 633859
2594 2730951 2830950
92 2135 2454
119 9336 10652
2502 540035 640034
121 9571 14003
775 169538 269537
43 1518 1748
138 8589 12697
98 7519 9302
117 3959 9141
23 131 135
162 4048 25609
52 1973 2535
75 2247 5372
47 550 1360
123 8499 11284
154 3451 4871
69 3217 4333
47 663 1980
29 81 702
14 23 154
156 12771 16883
69 1737 2337
119 288 5717
47 1811 1817
383 83083 117909
116 1850 9582
90 2538 2925
18 69 223
89 210 1563
92 414 5800
116 3178 12548
90 103 7795
122 6007 12468
145 4785 17462
71 1047 2672
149 1956 12090
78 2047 4960
18 110 206
241 6404 47299
85 4020 4941
95 6685 7122
125 3655 5451
20 134 278
116 1409 8616
18 104 268
44 719 1614
112 7074 8428
136 2143 5892
80 725 3732
206 13838 38484
91 2838 6210
17 134 179
150 16899 18158
103 7724 8350
113 10299 11038
115 4145 9992
51 528 1925
69 1970 2713
10 64 86
35 75 96
394 62512 125676
117 2623 4969
44 100 1505
96 3745 6869
52 791 1620
144 39 7673
114 5732 7046
111 8846 10762
24 345 551
55 267 319
53 1797 2306
57 2610 2735
47 213 1025
301 17146 61347
132 10832 17149
40 314 480
213 23096 30495
79 3788 5084
62 2916 3270
74 4001 4920
111 2487 7576
130 2672 14444
167 2880 7634
99 8869 8959
49 161 1371
10 26 55
76 2253 3708
21 154 364
88 177 7217
243 10114 58509
107 2650 6258
