100
22274 32310997 32410996
45584 393093725 393193724
11596 30319528 30419527
8757 18013372 18113371
378 65066 112656
1404 23000 122999
438 9425 109424
48 869 1494
187 7253 14362
50 1323 1349
53 334 1974
61 543 922
286 71242 77049
13 23 89
154 6632 19947
95 410 1675
150 17290 18124
119 6205 6455
130 9348 9357
107 10258 10404
3 1 1
46 1186 1953
251 5624 45935
38 743 1354
95 5831 5968
53 819 1689
185 1825 30319
130 11937 14481
59 2982 3407
1 1 1
15 127 180
72 636 4618
246 44978 52260
128 5985 9190
175 14660 14882
112 474 1705
48 249 883
22 148 311
186 575 13717
139 5749 13554
3 4 5
100 3877 6060
68 3426 4210
39 1105 1120
8 36 40
266 2633 16454
71 3571 4545
243 13356 49233
70 995 2529
135 8195 9289
16 59 151
126 3531 4016
148 11774 15206
30 29 817
112 11135 12248
124 617 14291
12 25 29
123 1996 8074
201 1969 28442
86 6568 7204
101 4874 5154
36 220 561
42 449 1075
150 3267 15284
100 2526 8355
112 4160 8543
111 5618 5767
2 2 2
233 34816 44041
135 757 8189
53 111 412
49 371 1710
71 65 2112
177 4155 6208
77 2336 4155
23 495 500
187 29015 32962
17 8 168
254 51459 63445
93 91 8296
16 96 209
108 5070 6705
62 1548 2694
13 36 78
16 97 106
253 18994 40877
99 3711 9509
241 6722 23550
59 1075 2794
123 7657 10331
111 1811 8958
8 3 10
194 4911 19568
82 2231 2793
90 3154 4577
16 163 234
93 3924 6748
170 11870 25052
96 3435 4197
146 18288 19302
