100
70486 88227850 88327849
18198 244953203 245053202
1006 97968 168485
33 635 1001
255 5622 15982
88 1434 1608
532 5495 105494
14 40 146
91 1480 7423
28 509 610
147 6550 16438
167 7444 25354
155 4667 18262
61 2544 3198
53 1946 2698
84 1258 3415
132 6640 11360
9 41 54
166 1450 4017
26 251 455
49 1106 1719
15 160 204
183 15444 23446
154 7185 22438
17 3 249
121 12263 14498
241 6049 17242
72 1002 4193
97 1850 4226
41 742 759
273 16295 50143
58 928 3261
134 6130 17232
62 2621 3195
107 4301 7677
17 237 261
204 24847 30597
13 78 151
80 4423 4812
153 2592 10030
59 70 2223
154 8266 17618
74 4141 5163
49 520 572
114 7007 11750
204 6679 22054
123 4004 8154
95 2457 7184
10 11 80
151 1914 7749
83 2898 3659
140 10201 12463
74 932 4523
124 5895 12190
109 6314 9922
6 2 29
134 2688 10450
90 931 4024
72 1603 2925
161 9872 18756
2 1 3
84 419 6861
200 8451 15396
58 370 1608
76 156 627
48 151 562
119 9832 10077
253 33707 59107
88 453 5388
39 366 458
10 85 90
234 22293 50394
32 7 632
4 11 12
299 78873 83057
47 466 852
46 1337 1361
51 1421 2483
174 10214 18244
10 23 32
78 5016 5723
268 30914 61441
6 10 21
133 8819 15595
100 5160 9383
84 2299 6803
56 361 2052
85 2409 5565
23 415 472
255 6661 60766
143 11925 13582
34 202 566
193 9030 18532
117 4401 11187
26 48 288
128 1755 10362
147 1384 13334
48 1198 1574
148 9573 16032
64 3522 3557
