100
88309 15878851 15978850
1585 608353 708352
183 81 26569
176 7759 25840
45 159 1827
199 2383 39005
64 567 3713
134 8407 14094
42 896 1079
43 669 723
4 1 3
14 144 154
67 2872 4300
1 1 1
453 105816 119922
7 10 33
63 550 3231
260 5244 55091
147 7947 11451
87 4453 6456
73 2362 4410
138 7360 16954
41 961 1271
158 1101 2644
20 175 241
58 438 3275
9 1 32
161 9450 19414
250 12453 18421
65 597 1629
83 2902 6299
104 2101 3997
12 37 46
243 4890 43309
50 1240 2387
8 11 42
215 15771 32848
12 54 130
12 18 105
69 692 1703
118 687 11462
182 2632 22287
147 5588 7588
51 755 1519
165 5014 22104
45 839 1187
94 6423 7649
47 210 2132
136 8347 13953
96 247 5060
120 465 2753
36 513 1120
191 15956 26580
195 3140 36101
12 44 78
94 1065 2406
100 1334 9553
19 282 330
184 9630 17538
187 3601 12665
53 188 2482
149 9148 12845
74 234 1752
126 5264 7943
11 40 103
35 1010 1160
190 18033 19035
165 4837 23601
45 642 765
84 1134 5931
59 312 2766
10 45 90
142 14879 19482
210 9511 31354
136 11487 15771
86 3130 3233
103 694 6058
15 120 166
53 148 322
58 749 844
203 7752 17892
189 4679 26186
65 1359 3552
80 3926 5728
12 54 119
149 11725 15718
148 19945 20677
25 403 436
134 3683 5031
179 14105 24939
38 126 402
164 14051 24333
4 2 6
118 532 4111
18 68 240
265 39658 53062
117 576 8635
58 3017 3289
103 1611 6204
61 158 2698
