100
8869 70356809 70456808
76978 320513705 320613704
1268 1134612 1215506
1639 739245 839244
1209 266364 366363
346 3359 64779
180 10246 29827
55 230 1742
254 13226 17260
63 911 1171
37 486 1061
190 19575 29650
21 108 126
120 3935 4091
7 14 36
15 168 172
38 358 1029
66 1972 2493
61 390 3171
423 8323 108322
62 824 957
105 1191 5059
161 508 13247
66 3603 3893
156 14922 20887
59 877 1153
90 2373 7100
147 12086 17054
110 3054 7700
99 2506 6058
63 2192 2457
113 1014 4610
127 3763 11858
77 2343 5039
74 3674 5076
88 4433 5966
55 126 2177
205 11960 15167
8 37 48
94 7689 7913
10 14 60
14 92 134
375 8962 65528
1 1 1
189 15798 34605
90 6175 6678
4 4 13
70 1753 3266
161 14809 21321
174 11913 21008
95 5935 6069
82 1452 5642
10 22 51
9 37 46
236 7156 35400
23 94 285
116 5957 9110
100 8346 8474
154 4444 16539
22 26 170
191 4170 17140
129 1702 8184
30 550 739
202 11769 22366
25 418 504
65 1519 1898
107 1437 3804
170 9544 16985
75 3125 3586
106 4497 9856
89 384 3532
78 1761 2376
10 4 34
16 209 229
228 1536 49150
54 715 1560
91 2184 3922
103 1304 6107
139 1675 10563
228 12931 47992
24 68 211
109 3073 3448
79 1691 5280
35 1029 1069
72 1489 1492
13 3 107
347 101475 116297
74 117 1315
42 36 586
155 267 16871
94 1538 1959
46 112 1949
212 2282 19270
60 2323 2781
117 10013 10085
94 738 782
115 1449 11775
100 913 6492
82 703 6128
17 89 200
