100
2612
4087
3749
7276
1050
7651
1277
8958
1141
6670
8228
4172
6019
7812
7885
9592
2684
5057
7936
8713
4792
1026
2573
5933
4711
7482
5541
3431
3882
2529
4199
7451
2000
6533
1036
6074
5453
3620
5109
6254
9143
5120
4436
3935
5662
5348
9457
4219
4579
7078
2719
1296
6701
9195
6961
5842
6279
2211
7880
3170
3795
6230
6219
2233
9476
1531
8136
7695
5995
6807
4739
6831
2282
5940
2914
8170
5008
4585
5122
2484
6620
3096
5093
5836
9640
4724
6285
3340
2282
9888
2615
5670
3630
5790
3740
3373
4914
6671
4905
3490
