100
3277
7152
9734
3382
5434
7441
5848
9306
4038
3039
5060
6378
2223
8496
3011
4509
3872
8791
1794
4077
4639
6545
9078
9480
7012
4520
9367
4895
3431
7823
9141
5567
1473
1935
1888
8578
8645
5867
4547
3999
1847
2827
6255
4657
9675
7370
7332
6653
4575
3149
9446
3058
5356
8170
8333
6786
7388
1706
6573
2031
3271
4980
6028
7866
8876
7272
2736
7596
9114
1391
8045
1973
3914
4985
7482
6289
7829
9064
6865
1196
5424
9506
6687
3876
8222
5037
2524
1681
4437
9602
6295
1928
3033
5878
7417
5284
4241
5868
3373
9789
