100
1165
7455
1089
9758
6692
2110
5104
6624
4348
9553
3666
6765
1208
5508
4239
6031
9572
4779
4975
9860
8795
7165
9602
6351
7544
9249
5446
6100
1081
4315
4047
9172
2043
7669
3953
7589
3876
7378
9161
5483
7661
1830
2629
2739
8812
7283
8858
7281
2837
4568
6454
9358
4604
6631
4095
7823
4423
6806
9421
9932
7836
3254
1232
1576
2008
9436
7629
8243
8438
1862
7897
7623
6231
4359
2743
9948
5999
2877
8689
9931
5249
7355
6523
3930
1443
2458
2525
6884
6976
7191
5792
6405
6631
8172
1800
8220
6818
3343
2093
3071
