100
6866
3075
6420
8191
8644
6739
9292
8486
2776
6752
3141
7002
7868
8371
5843
7763
9509
8690
1197
2973
8705
3275
2224
9145
5414
9241
8900
2282
8667
8925
8292
2981
6628
5518
9360
6913
2036
7619
9630
1619
7503
3788
3591
5278
2971
7169
9273
4698
5599
7886
6693
8422
3544
3413
5940
8832
8767
6497
1420
5594
1218
9947
8229
5131
5477
1632
4111
9577
1687
5597
5766
5915
7487
3194
5192
8026
7897
8787
6796
4152
2954
8961
9660
8945
9533
7794
4592
4989
7674
7700
4338
1547
1573
7947
3667
2400
9171
7888
6533
5296
