100
2862
7424
7361
5003
8015
9964
5723
9827
7681
3495
8898
6249
7816
9865
5229
7002
1599
6755
4107
8523
5508
2965
5903
1149
1207
6317
2419
1120
1960
6738
2957
1738
1283
2651
3827
2907
4980
2363
3382
9878
9656
8787
9345
2296
3962
6653
3450
8325
2527
2676
8189
9213
8980
8683
4118
3813
5749
7888
8997
6144
7377
1809
1626
3216
8911
9551
1105
4753
7085
9862
4721
3090
6888
8567
3061
1696
8812
7380
5884
4285
2482
1595
1860
4977
3362
8524
5151
2947
5845
5524
9090
2690
3715
2859
5916
9933
3382
8591
7173
8655
