100
1204
4662
9614
5153
4889
3724
9409
6797
3975
4639
9553
4430
3834
6193
3449
4606
7230
8010
4429
8822
1935
7067
8923
3474
7320
5007
2554
9862
7943
5818
9804
6108
1261
3982
6159
8415
4901
1627
7439
4616
3645
1082
5019
8657
8087
4544
7101
8757
9794
8024
6352
5869
8454
9288
7509
3906
9557
5611
3032
5064
4584
2452
6022
1413
1524
4855
1278
4380
2171
6748
2386
4597
7573
7777
1636
8355
3042
6834
5965
5307
3503
9917
7984
4753
8121
6751
8913
9809
7348
1161
6026
3027
1147
3946
5623
1957
6632
7988
6306
4639
