100
18426
66312
50413
22664
37039
13060
41232
38470
79909
43688
21258
28567
83732
28363
48032
47855
71865
61606
52236
31881
85584
22338
92746
33435
46729
68762
95223
23221
87103
80574
72899
54363
37064
24542
78239
97233
57454
45261
48053
98620
34054
32891
30064
92594
68570
78093
69098
53454
20872
46444
93635
88386
17719
78625
22669
90716
95681
39408
31876
25963
14151
64535
25572
61763
47271
50027
72732
86712
73113
92859
57134
11796
69072
87752
50734
22283
44753
75112
65469
82716
46607
98781
90158
97497
68742
88767
45560
98888
40491
76493
67647
82188
45399
35821
42454
92254
28192
29633
17593
82452
