100
59854
71199
46358
16871
25221
84219
14898
12978
30257
37952
45607
31028
43687
90737
37658
54089
10106
95656
40298
46272
89355
39800
40571
82001
44906
16470
75773
56683
30196
13532
94234
58936
77219
26318
80052
66906
11912
34125
85137
66341
98229
45678
81915
95620
16435
86736
57240
74535
94574
34115
44297
38440
31034
60525
80645
85762
70951
52372
86661
20187
78423
77031
88691
34450
86153
48692
80413
42246
83848
92894
64170
59266
67072
32526
43551
29339
70529
19629
48662
28643
75768
40073
93421
73215
95066
35105
26755
40414
86320
64712
20130
33709
57778
34389
53891
36520
69266
25187
34607
16917
