100
66793
32424
33090
81985
13557
11252
21135
29972
76417
64981
18394
54906
62265
17045
39140
78418
30796
15628
67718
82788
73484
62525
22805
74073
72366
99599
53332
66245
12116
49814
39262
72625
46758
13207
79793
96458
16933
87640
65002
58590
38622
30004
89345
19034
73332
71159
57449
99218
31131
23019
37993
86127
82046
76463
83240
99822
35912
49530
52130
59089
58859
34694
79179
91761
14827
61245
93163
36236
15553
92889
24593
26770
78235
67615
82159
28826
79209
69097
51063
50215
21658
97909
53393
38607
26029
44256
56641
72997
78783
65900
63510
15415
29800
10364
89839
43987
50541
66869
56901
65346
