100
50805
77134
54074
65977
79961
82254
60174
49800
35313
98503
76407
21277
15390
67880
52144
93280
18450
66737
79900
10115
57205
31967
13450
66011
42256
13603
23359
23106
73377
53174
14689
20216
52758
88884
14806
75290
26141
63692
28887
33877
41140
26126
83021
84950
84361
48678
16933
91173
84041
58362
97473
44632
51839
84224
45464
90487
96157
59403
94554
75692
37825
11471
47819
59713
42815
74423
32206
89514
57566
63992
93326
50982
34374
22872
14963
17750
51211
63301
47028
19263
46358
27485
73635
31755
71895
90336
76980
65854
45916
81641
88330
88295
19937
47094
51692
35765
10516
21013
89975
19998
