10000
65 49
40 29
26 16
13 8
88 33
95 85
76 18
16 14
66 58
53 20
68 61
35 27
64 10
50 48
58 42
60 2
5 3
67 50
20 10
50 31
48 35
97 60
65 8
99 56
49 9
21 7
40 18
65 20
30 4
88 12
29 4
93 39
9 5
13 2
36 14
16 2
24 6
53 30
29 19
66 30
76 22
92 77
16 13
62 52
34 34
84 38
23 14
26 16
53 7
79 78
61 47
90 66
15 7
69 10
14 6
95 21
38 38
69 38
64 13
55 42
95 54
95 77
74 69
9 8
59 5
66 34
75 37
16 3
65 13
83 75
54 49
69 17
40 9
89 63
6 4
10 5
38 33
63 57
52 46
42 35
59 22
10 5
22 17
6 4
2 2
12 12
24 14
59 31
58 11
5 2
36 17
47 20
66 66
95 43
88 10
40 26
2 2
71 42
66 11
35 10
95 73
66 15
31 4
39 19
26 20
16 13
73 29
54 2
72 47
9 9
38 3
65 15
75 57
96 27
79 39
97 77
88 12
14 7
59 26
72 36
5 2
37 28
29 5
44 41
76 51
3 3
2 2
53 6
56 38
39 21
25 3
60 44
91 69
58 8
3 2
54 24
67 42
49 42
19 13
8 7
97 36
73 23
49 7
29 11
89 70
19 8
59 3
50 23
61 26
58 31
72 28
81 19
90 83
70 5
11 3
26 13
83 15
42 5
38 10
20 13
49 10
11 2
3 2
55 29
36 24
10 2
48 44
70 41
74 46
44 40
7 4
35 18
80 53
9 3
36 22
2 2
95 81
15 15
68 20
53 34
29 5
63 63
27 26
68 66
52 51
27 4
43 24
37 28
22 13
57 33
86 31
64 35
30 28
39 7
45 37
65 11
6 6
7 5
98 38
95 76
51 48
66 7
8 7
48 44
81 19
67 48
26 2
17 7
81 29
46 33
3 2
3 2
36 16
82 47
75 14
21 19
32 12
11 7
64 44
4 2
49 40
15 3
13 2
58 36
95 42
24 5
4 3
95 38
13 10
70 61
74 65
15 2
66 6
29 3
57 33
82 65
96 39
42 36
11 11
2 2
58 22
39 19
98 63
18 4
33 24
5 5
93 31
50 36
25 19
73 16
36 4
12 8
41 14
87 86
6 2
96 37
25 6
59 52
7 3
62 13
75 53
86 69
77 64
48 24
36 33
51 27
84 2
21 19
28 3
73 62
18 18
19 4
96 28
84 42
23 15
53 4
35 21
83 14
22 5
3 3
44 40
48 33
38 17
29 29
14 12
71 46
60 41
51 6
44 18
74 21
93 15
87 3
6 3
47 28
57 20
39 29
17 8
5 3
95 69
28 11
100 28
95 65
39 23
8 2
8 7
9 6
12 4
40 19
80 32
95 64
36 9
2 2
55 19
86 75
61 13
29 25
2 2
68 40
65 8
75 7
44 38
92 7
51 49
29 14
10 7
26 16
45 15
37 8
83 57
67 47
20 20
16 3
46 20
49 45
2 2
31 14
79 60
85 67
90 24
62 34
84 18
7 6
76 64
23 15
71 60
34 26
3 2
21 15
33 20
28 25
16 16
12 7
10 6
43 32
2 2
9 5
82 75
85 46
32 7
56 22
17 2
52 6
63 37
90 23
31 18
27 19
97 97
86 5
76 30
29 9
78 76
80 10
39 34
93 64
19 18
77 20
58 16
71 44
77 70
49 14
83 41
40 16
71 5
55 22
61 59
90 23
20 3
26 6
88 80
41 4
78 46
17 2
79 64
37 3
55 17
93 50
45 19
40 33
83 56
8 4
74 9
42 38
88 62
49 24
6 6
51 48
74 42
24 12
87 18
32 16
41 30
11 10
98 9
13 10
56 38
36 20
54 19
93 32
98 11
61 29
81 9
14 4
5 4
62 44
52 52
64 38
2 2
31 22
55 41
23 15
22 8
92 28
67 14
51 28
40 33
58 33
47 31
56 46
19 4
73 50
95 77
67 67
96 35
21 7
54 16
19 10
59 56
90 59
79 61
46 33
83 75
14 3
79 3
89 38
13 8
42 34
97 49
12 3
61 23
73 52
92 31
16 2
98 61
4 2
14 6
47 12
17 5
4 4
95 37
33 32
63 26
72 40
25 21
93 31
82 20
18 17
37 4
25 8
46 38
78 59
22 7
77 64
67 55
64 49
53 33
60 46
52 23
70 5
84 35
63 30
81 37
97 83
82 19
12 6
18 4
80 38
25 5
56 52
67 49
34 32
14 13
99 34
13 5
73 69
82 39
79 32
60 22
75 65
52 28
91 63
6 5
7 5
72 17
11 7
83 52
41 7
21 14
29 25
25 3
67 20
99 30
26 10
79 60
45 24
27 4
22 15
94 2
15 15
100 30
81 25
46 35
16 8
5 2
80 53
78 5
23 9
98 5
41 18
39 8
32 31
28 28
68 31
33 13
64 50
86 52
17 14
37 37
37 7
24 23
70 58
39 39
47 44
99 86
71 22
3 3
22 17
22 8
51 3
62 4
5 2
23 8
49 3
2 2
27 19
48 22
52 33
36 21
3 3
51 42
88 11
10 4
61 5
57 6
86 57
17 9
58 8
84 81
77 63
32 2
68 62
51 7
87 36
79 24
59 49
100 76
89 88
80 26
98 55
28 9
28 7
36 13
54 25
21 20
79 74
88 65
5 4
59 27
10 4
26 25
30 7
12 6
67 64
11 3
72 10
68 12
83 33
52 24
48 21
51 41
5 5
49 36
40 30
44 28
72 4
83 62
18 3
30 6
81 55
19 17
23 2
12 8
57 25
20 19
61 18
6 3
69 19
55 30
97 95
18 14
71 57
24 24
16 16
17 15
87 8
45 12
10 6
37 25
90 57
98 88
29 23
19 10
10 2
87 68
56 13
50 43
11 7
94 65
31 23
62 31
95 36
6 4
24 15
34 27
9 3
70 49
88 47
36 13
51 18
44 18
2 2
68 27
20 3
12 9
48 19
38 30
24 17
10 5
99 91
79 55
45 25
80 51
14 11
31 10
22 10
16 4
51 41
81 39
53 24
79 21
25 10
78 24
45 25
88 58
20 3
20 2
58 41
9 3
63 18
35 22
22 9
86 84
36 19
32 31
73 4
94 31
38 3
12 12
28 13
8 7
98 41
30 20
90 51
57 31
56 17
78 64
47 8
62 58
53 18
85 20
97 33
64 42
78 53
41 17
37 32
96 12
11 10
13 13
63 56
62 33
31 30
20 6
31 12
25 14
26 24
82 2
56 14
13 10
73 15
10 9
74 12
7 7
4 2
87 14
52 50
53 39
57 57
87 61
3 3
8 2
14 12
4 2
12 7
45 13
64 46
60 23
55 28
65 58
44 2
26 11
70 6
93 54
48 36
55 49
87 33
78 31
90 84
29 15
57 26
42 41
94 46
10 3
73 64
39 38
30 4
16 14
44 27
98 5
53 53
78 70
24 8
68 65
20 8
25 14
93 89
7 2
44 4
98 82
7 4
53 25
20 3
3 3
78 53
88 40
77 7
87 47
70 26
2 2
96 68
57 16
88 8
64 27
19 3
13 7
99 76
43 23
74 3
72 54
62 4
47 8
74 28
65 42
69 26
25 23
35 31
90 40
93 78
16 2
32 16
37 3
34 10
8 5
44 4
97 16
22 2
51 40
58 57
40 8
88 86
72 29
63 50
18 10
68 51
14 8
69 59
55 5
5 5
80 12
81 72
62 31
79 58
29 25
45 26
10 3
33 17
6 5
17 17
19 10
97 29
86 72
36 22
79 71
85 57
87 3
29 29
83 14
41 41
26 3
82 53
71 8
62 32
45 12
74 4
14 10
62 61
43 24
51 13
79 37
63 18
89 28
60 8
2 2
91 48
97 94
37 10
38 3
3 3
50 12
46 32
51 40
27 5
56 11
12 11
24 11
4 3
98 37
10 10
85 64
99 77
46 35
19 10
63 9
18 5
97 53
61 60
37 17
6 5
16 13
87 30
51 26
56 3
3 3
84 11
8 6
13 12
54 30
86 12
29 21
84 44
16 4
22 14
35 20
67 41
10 9
38 13
86 48
66 21
70 26
69 54
93 17
9 5
39 13
71 48
74 12
87 43
96 86
78 33
90 34
35 15
84 80
54 47
13 5
87 54
17 5
92 28
26 16
68 9
81 5
53 34
9 8
66 8
54 49
66 24
53 21
69 9
84 82
58 31
94 45
86 41
9 9
72 14
45 5
32 32
26 19
26 24
28 6
27 9
8 7
86 11
54 28
56 11
83 10
4 4
71 70
38 17
6 3
29 18
61 19
2 2
51 11
3 2
68 60
42 26
40 11
95 64
82 19
19 15
24 23
34 28
23 2
71 5
43 22
31 19
71 24
10 6
75 16
57 28
12 2
10 3
56 50
69 12
14 7
64 2
24 8
53 31
28 6
53 42
37 10
61 12
71 38
9 6
75 69
65 23
22 12
82 4
66 41
15 13
35 12
37 22
65 46
67 61
81 64
5 3
9 6
51 14
27 12
76 25
67 62
63 49
49 45
50 7
32 7
58 38
49 7
7 2
23 5
43 5
19 5
84 24
43 21
63 12
61 20
33 29
84 19
48 11
31 12
69 19
49 4
69 59
29 10
10 3
93 25
78 10
33 3
93 75
6 2
33 12
84 75
60 43
70 26
77 49
86 26
80 9
7 3
37 37
5 5
8 3
79 28
32 26
86 78
94 32
21 8
85 5
18 13
12 6
73 50
40 8
80 27
32 26
69 57
52 35
6 2
58 13
46 40
52 13
58 30
22 17
40 11
94 94
69 65
8 4
35 18
56 49
88 30
68 13
12 5
66 14
60 45
85 76
11 5
31 21
67 37
6 6
73 72
89 15
46 30
6 4
2 2
77 47
61 52
76 58
14 3
91 69
83 60
97 49
95 30
38 31
90 49
55 15
41 23
36 21
13 13
18 5
30 30
74 32
2 2
63 28
19 15
100 8
60 11
23 7
86 77
57 11
4 3
63 11
39 10
84 11
4 3
93 21
23 2
61 21
29 13
49 37
5 4
68 48
4 4
20 4
91 4
50 47
69 55
48 36
44 23
34 26
81 73
95 85
76 43
59 15
20 16
33 33
88 44
100 10
55 10
9 8
82 36
51 42
61 28
36 22
9 6
15 14
25 25
36 17
67 32
86 16
33 6
56 46
46 15
81 32
84 30
40 23
7 6
96 61
69 47
78 68
78 24
30 12
94 93
11 5
31 23
15 7
31 4
39 13
63 12
50 21
89 60
26 13
80 37
71 49
82 46
81 18
62 61
89 50
38 24
41 6
30 15
83 67
29 7
56 55
2 2
53 32
38 24
50 41
78 25
4 2
88 61
18 7
21 17
88 30
60 15
27 11
85 22
39 3
58 26
78 76
33 3
80 80
14 5
34 19
15 12
99 64
4 3
97 7
90 73
12 2
36 6
81 37
70 64
88 85
78 78
72 28
17 12
41 26
70 13
94 12
91 71
79 61
72 19
15 12
100 18
63 13
68 64
55 2
9 6
53 37
19 13
71 28
81 63
46 14
2 2
45 41
38 26
12 5
96 77
71 34
3 3
20 5
18 16
24 11
71 34
32 23
66 63
34 15
43 30
96 51
76 47
65 3
13 3
38 16
19 12
82 31
53 42
19 4
85 71
88 21
80 42
67 53
36 28
85 63
57 11
66 17
4 4
19 17
84 63
60 55
97 22
71 13
60 20
87 73
88 18
99 54
63 28
79 60
13 11
6 5
26 18
48 5
21 11
77 40
56 56
99 15
3 2
28 27
8 2
96 17
72 22
9 6
69 68
73 70
68 13
12 7
44 36
37 35
64 3
38 21
65 64
91 89
49 36
55 23
31 30
94 82
64 48
17 16
41 17
3 2
3 2
46 22
58 38
88 38
28 18
23 9
30 20
49 37
63 47
64 30
99 74
73 52
95 34
9 7
96 58
11 2
27 16
47 16
61 36
77 21
34 20
21 2
85 31
58 6
58 39
91 72
18 6
15 7
50 50
77 35
64 4
84 16
68 59
49 5
56 40
63 29
4 3
87 86
48 15
94 49
75 30
69 26
70 54
20 15
16 2
29 29
89 71
71 4
12 5
53 32
92 39
54 13
57 21
91 85
27 6
7 7
55 37
96 23
88 21
45 12
33 3
19 2
57 19
38 16
53 25
15 9
100 38
7 7
2 2
51 34
48 6
91 83
37 32
85 39
84 6
83 59
99 8
74 64
40 37
24 11
75 50
56 9
86 82
45 17
43 12
97 66
65 48
48 23
47 13
39 33
75 69
100 97
59 35
72 9
79 67
58 48
89 4
95 80
78 62
47 14
28 21
99 85
3 3
48 32
23 12
32 10
100 88
93 59
37 10
73 49
5 2
2 2
35 16
47 40
97 19
46 40
48 33
92 14
12 12
70 70
47 12
76 36
75 17
20 17
16 16
75 37
55 16
75 33
21 2
62 56
70 23
94 15
65 18
66 47
61 60
49 26
72 18
10 10
66 60
68 21
65 6
72 22
46 13
32 10
14 6
93 11
74 68
47 36
11 2
36 17
71 34
26 8
79 63
7 4
33 6
76 8
95 31
71 66
44 10
84 4
79 57
96 86
92 84
48 15
61 53
54 50
26 5
15 4
19 12
67 42
69 68
37 25
74 59
29 14
21 19
48 43
70 38
57 9
100 77
73 10
75 32
40 25
14 4
20 5
28 17
87 18
74 27
79 65
68 3
56 25
12 12
28 26
79 4
69 57
96 81
59 17
98 22
26 14
46 25
18 2
72 35
18 17
57 54
47 33
2 2
60 19
62 8
19 9
86 28
93 57
25 22
15 12
63 3
23 13
56 42
5 2
58 18
17 11
3 2
3 3
97 75
3 3
6 6
30 22
12 10
74 11
11 6
27 23
83 35
96 8
24 11
78 55
8 7
68 53
18 14
40 10
37 2
53 52
85 73
77 72
91 85
35 21
2 2
26 15
19 10
9 6
10 5
97 73
13 5
52 5
15 11
14 10
41 39
77 71
21 3
21 11
32 30
70 68
4 4
32 10
98 20
87 15
9 5
81 34
23 16
3 3
28 9
80 45
47 31
25 19
24 2
80 18
67 38
66 44
21 3
67 58
51 14
86 11
9 5
80 60
57 40
62 56
84 62
57 38
33 13
53 16
58 35
8 4
31 30
92 91
33 28
3 3
91 61
55 14
73 34
6 5
22 20
28 11
17 4
22 8
92 28
74 9
63 8
32 28
72 56
32 17
54 33
93 67
5 3
39 10
6 3
70 31
34 3
92 57
79 34
42 9
31 5
96 24
71 9
79 18
52 18
87 53
21 11
3 3
74 61
79 20
55 46
7 2
85 70
86 71
20 14
29 14
40 5
94 11
37 2
100 43
59 34
17 3
91 55
94 63
71 9
84 56
35 22
78 14
79 74
24 14
90 13
42 26
11 10
80 15
49 15
43 13
98 2
61 49
71 43
7 6
36 16
46 10
39 8
51 8
76 61
27 14
37 33
72 16
21 9
67 41
31 2
20 16
86 41
12 8
17 7
95 18
25 15
6 3
8 6
51 5
36 20
2 2
97 78
25 12
59 27
100 81
28 23
58 8
55 35
72 68
48 35
20 3
76 12
18 7
62 52
36 25
34 13
91 20
74 34
70 45
60 26
27 9
8 7
46 5
36 35
55 46
49 16
57 27
74 66
33 14
99 26
12 6
69 48
36 9
62 28
35 12
40 36
71 45
84 42
90 51
30 5
85 59
67 18
87 66
43 3
68 42
68 30
69 9
4 3
29 19
20 14
23 14
19 10
72 26
24 7
83 56
66 20
96 58
72 23
92 29
6 3
8 8
22 6
7 3
51 26
2 2
81 16
81 36
81 63
47 19
26 25
12 4
32 4
18 8
39 14
73 4
60 41
89 14
65 33
65 52
13 5
11 5
91 5
7 5
5 5
9 2
42 29
59 46
71 52
4 3
6 6
4 2
57 29
89 52
79 39
47 30
30 4
9 6
29 27
67 28
88 45
13 4
70 4
46 33
98 38
75 22
21 11
35 23
34 27
38 28
96 84
44 4
48 40
85 77
77 14
92 28
8 3
35 20
89 31
77 21
97 93
38 37
21 4
74 59
85 65
32 6
54 45
21 17
94 9
15 2
72 17
2 2
48 35
93 26
13 6
36 4
97 70
46 32
64 55
65 30
76 43
93 72
41 10
20 18
95 90
95 9
83 56
86 44
53 32
27 3
87 43
36 19
68 64
96 63
20 10
65 59
99 87
82 8
51 39
68 68
64 33
47 32
73 8
58 4
65 23
33 5
13 3
64 57
8 7
24 19
44 17
80 23
6 6
13 7
100 77
42 28
42 26
89 47
10 10
30 28
14 2
13 5
92 57
68 14
13 10
99 2
74 67
60 28
44 8
65 56
11 10
48 32
69 8
92 50
70 63
75 75
27 19
68 9
94 94
44 25
26 7
79 68
82 82
73 36
63 44
46 33
25 15
25 7
85 76
10 2
50 30
70 28
73 43
68 8
67 36
2 2
71 70
44 18
74 34
20 5
69 18
28 6
79 70
100 17
87 32
61 14
95 8
68 28
9 2
89 60
47 18
99 76
31 26
94 3
37 37
2 2
67 4
50 18
86 10
47 3
30 6
34 7
87 7
66 18
46 13
63 31
10 7
40 8
44 19
62 47
33 12
40 6
20 7
65 27
68 12
14 5
49 32
98 89
87 6
63 56
97 53
46 6
7 3
3 3
20 10
69 45
18 17
58 16
59 27
5 3
23 6
93 80
85 67
34 9
74 46
7 6
45 36
32 21
41 20
11 3
83 52
80 35
40 36
40 14
46 4
54 15
12 6
98 61
32 5
15 12
8 4
46 2
28 16
69 12
21 5
77 13
42 23
68 25
12 9
59 15
57 37
66 29
89 22
14 11
85 35
29 20
52 3
21 2
43 27
44 16
47 40
47 34
48 23
89 8
9 2
4 3
51 37
89 19
62 12
43 18
66 32
84 83
24 14
84 69
28 14
67 16
84 47
25 18
24 18
79 2
99 58
10 7
3 3
56 28
12 7
22 19
11 11
32 16
85 59
27 15
36 32
34 28
61 36
47 32
49 46
57 27
87 29
33 33
56 11
48 25
54 32
87 48
71 52
88 3
80 66
52 23
61 31
30 21
98 64
81 76
44 16
67 20
68 42
84 39
14 6
31 2
16 9
67 56
82 14
79 69
16 8
54 23
84 9
42 13
11 2
15 5
86 38
33 12
2 2
12 11
76 57
95 23
98 70
20 4
7 2
72 69
62 48
29 10
56 26
36 10
46 27
7 6
99 76
61 23
69 52
47 26
3 2
99 22
27 9
64 10
23 7
84 49
66 52
21 19
84 84
3 3
17 8
77 55
71 58
26 26
29 17
100 66
21 17
38 31
71 69
22 3
79 76
17 3
14 10
47 25
47 19
58 28
57 44
8 4
81 52
26 3
19 3
84 16
17 16
89 62
71 28
33 25
94 33
95 92
78 2
56 16
38 27
85 3
7 7
68 46
62 9
56 16
53 48
83 39
34 5
99 13
13 2
40 25
3 3
55 44
3 3
16 10
91 69
63 43
27 10
73 35
4 4
78 64
68 53
60 60
27 2
80 35
16 8
17 16
66 20
55 37
46 22
66 65
99 44
25 24
72 22
15 12
53 20
50 13
93 63
91 36
37 26
69 17
40 6
56 11
100 51
80 41
20 9
9 5
24 22
12 9
73 8
40 24
86 45
83 35
34 30
61 7
92 65
99 56
4 4
65 48
54 35
12 9
11 7
5 4
42 8
90 70
41 3
91 44
90 25
69 47
5 5
9 3
4 2
100 36
23 20
87 47
86 17
26 13
16 16
76 50
72 17
53 6
91 31
38 28
27 17
12 11
67 8
80 69
26 11
27 6
43 31
92 73
56 40
37 29
37 35
36 15
90 23
87 9
5 4
26 18
68 49
11 10
35 22
95 2
14 7
41 11
8 3
86 63
67 3
43 27
11 6
10 4
100 96
48 27
12 6
33 13
74 15
45 23
84 68
5 5
62 30
89 38
77 73
19 19
6 3
9 8
95 91
2 2
6 4
15 4
20 15
80 31
74 3
7 5
97 82
77 75
53 2
44 31
64 42
58 18
44 4
65 15
43 8
59 11
37 27
34 11
58 3
67 12
14 10
54 17
8 5
56 6
26 14
96 87
15 7
17 7
83 6
40 14
10 2
78 31
54 52
48 11
49 7
24 17
90 74
42 4
82 45
73 2
89 60
69 69
68 31
26 10
24 14
85 62
16 4
57 37
16 16
54 21
20 15
53 29
77 59
62 50
82 62
92 17
23 6
5 2
98 24
77 71
23 17
79 24
62 3
66 55
67 26
86 25
20 17
19 8
46 8
20 4
32 18
9 7
50 8
99 96
2 2
36 31
8 3
37 22
26 22
25 20
65 62
5 4
91 91
74 61
79 23
57 31
60 48
77 42
36 34
76 56
8 8
15 3
63 41
98 29
76 15
42 31
41 29
64 61
53 52
5 3
64 29
95 19
7 3
44 18
73 64
53 52
69 39
70 65
73 48
100 70
76 74
53 20
78 6
58 15
33 12
84 46
40 6
16 14
28 28
56 31
83 38
15 4
15 9
78 47
79 20
46 7
23 8
18 18
36 25
22 7
6 4
3 2
62 5
31 18
90 69
34 12
45 31
13 9
53 50
17 16
22 14
22 6
35 6
22 13
83 63
11 4
97 13
55 6
15 7
55 10
66 47
34 29
7 5
53 30
28 14
82 13
40 39
64 31
66 5
99 15
48 33
93 32
11 11
52 21
22 7
52 12
61 22
97 20
4 3
38 31
87 20
45 41
89 29
52 13
5 4
75 6
56 41
76 39
86 46
52 30
65 56
40 27
62 39
56 37
82 59
36 35
90 73
35 5
78 48
31 14
19 3
87 34
50 18
78 57
25 12
16 12
14 5
62 33
3 2
2 2
35 23
12 7
83 62
43 5
19 3
54 23
82 53
52 39
13 4
80 64
24 4
35 2
6 6
29 18
67 58
16 11
64 38
84 73
81 20
62 15
5 2
30 9
33 3
29 17
26 17
23 3
69 11
91 49
78 43
17 4
5 5
24 23
19 8
52 34
17 10
34 22
46 29
50 20
100 58
26 19
87 46
95 4
69 66
40 20
97 32
57 29
27 23
41 35
29 14
26 7
3 2
72 59
93 50
97 45
50 47
24 13
7 5
84 32
13 5
83 55
74 60
7 6
80 73
2 2
70 20
83 43
28 18
23 10
14 4
15 5
97 53
64 7
79 57
30 11
6 6
97 15
84 55
71 12
34 14
83 82
88 11
69 15
4 3
50 43
43 42
76 14
64 32
20 7
100 56
39 14
6 3
48 11
66 35
99 77
78 52
83 65
98 54
53 3
34 14
62 61
17 15
29 5
6 6
53 4
52 20
15 8
34 32
73 29
98 92
48 42
92 75
100 94
61 29
71 23
57 43
45 42
98 58
56 52
58 50
87 38
27 15
27 10
46 21
60 53
30 30
86 9
94 20
65 34
48 11
85 76
75 56
98 25
68 62
96 26
92 56
19 11
34 11
58 7
49 33
97 5
95 12
5 4
66 13
56 50
18 10
53 17
42 4
71 54
58 21
38 27
84 30
33 8
52 51
41 27
84 36
76 56
59 49
64 58
36 20
95 50
69 59
28 13
86 35
84 5
75 41
69 35
90 28
76 67
18 12
91 32
98 13
77 30
83 52
6 6
100 92
66 61
18 15
30 3
60 11
78 52
96 92
70 27
84 52
97 3
8 6
22 3
89 50
42 24
42 37
24 6
86 74
70 57
7 4
75 48
49 34
37 24
68 51
92 44
9 7
35 29
44 35
52 5
19 7
2 2
71 66
51 44
18 18
24 10
90 31
93 87
32 3
51 20
24 14
66 57
52 13
58 12
89 78
45 8
53 24
72 20
60 24
33 24
65 48
79 29
11 9
34 6
10 3
26 9
25 4
6 6
38 23
97 28
64 43
71 17
69 33
77 40
96 19
93 89
92 6
16 15
66 41
59 11
88 67
97 86
3 2
62 15
99 22
15 12
29 13
39 19
61 30
71 21
14 4
12 9
27 18
48 8
26 19
69 20
67 40
80 6
46 21
83 22
17 11
3 2
19 6
28 2
4 2
23 20
56 20
33 2
18 18
6 6
16 11
19 15
9 9
3 3
43 40
13 3
21 3
15 13
80 19
38 32
6 2
49 44
84 70
57 49
49 28
66 64
32 18
58 49
68 53
12 11
39 12
48 31
77 32
94 38
88 5
53 31
81 3
86 15
99 41
92 9
39 13
80 18
57 55
17 13
7 7
86 3
49 6
25 10
16 8
29 27
17 8
24 8
26 23
56 2
31 12
2 2
57 44
88 40
44 7
66 27
65 62
66 60
75 32
33 18
87 79
12 11
55 3
84 70
97 27
57 45
24 12
72 60
37 15
33 28
32 24
45 40
20 20
92 6
89 11
70 68
49 12
92 9
34 25
48 46
31 30
61 6
35 18
100 81
58 35
5 4
71 20
99 38
51 19
26 9
91 59
60 34
50 50
98 96
70 67
24 15
12 9
100 10
8 5
95 92
11 8
79 60
58 55
89 40
91 16
70 47
10 10
10 7
33 11
88 83
92 28
63 46
89 5
68 9
55 28
16 12
77 47
40 11
29 27
12 10
78 73
8 8
30 13
63 17
62 25
23 2
74 8
38 27
77 52
88 88
77 47
62 31
58 9
83 63
77 43
100 21
30 2
5 3
8 5
3 2
20 6
52 34
88 42
33 7
23 3
75 46
15 13
73 9
63 25
55 34
96 17
33 25
52 13
64 7
56 47
93 3
97 85
58 3
48 10
99 59
95 13
45 38
24 2
95 88
78 71
3 2
8 6
64 12
20 14
4 4
87 16
68 28
22 5
25 23
24 9
27 19
29 20
45 45
31 31
47 39
70 9
34 21
89 6
75 46
13 6
71 26
42 30
26 11
82 5
84 33
3 3
17 14
49 34
42 34
61 3
54 33
52 51
59 16
61 17
2 2
57 27
93 23
59 48
90 7
4 4
13 9
82 24
9 8
29 8
75 24
97 56
80 70
47 41
37 14
87 82
28 14
77 16
40 13
36 19
41 5
61 27
5 3
60 14
50 30
39 26
74 17
51 30
73 7
54 29
40 18
15 7
69 26
56 52
82 48
27 6
35 32
65 16
86 52
78 60
60 44
79 57
99 28
32 7
47 31
7 3
89 36
64 8
3 3
86 23
99 51
97 82
14 12
89 15
57 47
20 8
37 31
89 73
43 3
78 17
12 10
48 4
9 7
80 58
18 9
95 90
84 61
30 23
56 24
71 55
93 45
95 8
74 31
14 6
16 3
57 45
73 38
68 27
81 51
12 2
30 20
45 14
20 11
5 5
25 20
41 22
86 72
74 23
50 39
89 83
43 39
34 29
63 12
79 45
81 39
47 25
91 4
48 41
90 26
2 2
90 89
92 77
5 3
65 55
21 18
88 45
57 16
61 60
79 22
86 4
96 7
33 26
22 9
93 58
59 58
29 27
20 4
83 28
31 29
64 2
56 21
34 8
75 32
3 3
86 9
99 41
92 24
85 49
24 8
22 13
3 2
52 18
92 27
64 37
96 86
25 21
75 72
25 14
22 10
67 60
33 24
10 6
37 20
78 10
67 40
78 52
58 9
7 6
38 7
49 10
64 7
41 7
69 64
12 5
6 2
75 27
75 13
54 17
87 14
84 41
59 8
31 9
82 56
85 24
69 8
16 9
98 49
64 9
66 33
50 46
14 5
92 37
95 93
22 2
45 11
63 26
20 6
11 8
34 4
10 2
95 11
76 49
95 42
45 30
73 57
18 4
64 21
37 10
100 15
36 19
30 23
15 6
48 5
13 11
73 32
99 12
92 16
53 25
99 51
50 11
40 40
27 4
19 15
31 31
93 67
42 38
23 11
96 85
97 23
95 89
39 10
74 71
32 22
56 18
28 11
57 49
53 34
82 43
58 58
49 41
44 16
90 71
7 2
24 12
18 9
11 10
83 54
11 7
11 5
76 34
29 3
43 14
25 23
12 8
53 39
70 52
18 3
83 57
25 8
23 7
54 28
44 13
20 10
43 43
63 31
97 86
70 55
59 35
34 29
59 14
6 6
26 9
76 25
98 20
11 10
36 9
19 16
4 2
10 2
46 7
8 2
50 46
92 11
39 10
26 23
38 2
32 28
63 37
36 17
65 54
41 39
34 20
78 52
32 2
87 87
23 5
99 91
4 4
96 88
3 2
59 13
8 8
84 60
29 15
21 2
88 55
99 73
16 3
95 70
64 4
19 16
51 30
49 35
74 41
73 53
69 30
42 22
50 20
59 50
97 31
39 18
13 12
26 18
62 57
12 5
70 37
30 3
44 14
45 44
100 46
16 13
57 4
37 14
23 23
83 19
72 46
36 34
99 48
95 5
87 9
81 78
71 69
8 8
65 31
89 64
84 57
7 4
100 16
20 13
52 2
74 49
26 21
24 22
33 25
98 51
29 14
26 4
93 48
29 17
14 10
22 7
91 49
31 18
45 8
86 66
23 16
10 5
18 9
28 12
89 66
56 32
98 46
21 12
27 17
14 6
92 5
7 5
51 12
63 60
23 10
87 8
30 3
98 45
77 42
11 4
80 75
67 48
78 15
91 51
54 9
31 12
45 28
5 2
15 5
51 46
36 16
57 16
44 28
23 15
50 4
43 11
68 55
4 3
20 14
35 5
80 51
22 8
2 2
72 32
39 14
90 59
44 35
79 76
17 5
71 10
63 3
9 9
4 3
68 39
61 9
68 13
86 20
18 2
62 30
4 3
32 4
50 48
93 69
80 20
5 3
18 18
60 18
17 7
35 12
95 8
69 14
80 73
75 70
52 11
26 21
6 4
48 17
88 45
13 10
7 6
98 32
26 16
13 10
96 18
57 36
39 32
51 40
68 41
72 56
36 25
49 25
93 5
52 30
37 21
75 14
64 3
70 7
8 3
4 4
49 8
58 47
25 21
30 24
66 56
49 16
77 74
46 46
8 2
14 4
5 3
66 23
62 12
38 23
19 13
49 17
13 4
60 16
98 39
98 81
92 74
87 33
9 4
71 71
84 42
37 16
15 3
16 10
40 31
100 48
75 56
30 7
92 23
95 10
8 2
8 3
90 38
45 3
18 9
66 46
97 60
7 7
39 2
36 27
86 4
21 15
25 17
89 43
48 2
84 84
72 31
48 43
12 11
72 50
82 38
71 48
63 51
83 71
92 63
14 6
45 4
8 6
63 26
94 94
6 3
98 90
49 11
56 34
33 16
42 24
29 21
84 5
18 4
21 4
39 4
18 3
55 40
80 48
71 31
57 57
29 12
32 5
79 18
79 67
56 11
32 26
97 5
15 10
69 16
65 17
44 42
62 33
81 66
34 34
66 38
88 51
94 64
83 38
24 4
23 16
79 11
13 11
48 35
17 15
75 55
27 8
5 5
2 2
96 9
44 39
91 39
40 24
87 25
74 13
45 25
8 6
38 5
48 31
42 41
44 15
77 9
79 17
78 54
89 52
86 8
62 12
85 12
9 7
76 59
31 3
66 10
78 38
51 44
65 40
31 6
90 4
54 26
60 22
13 6
95 15
16 15
62 62
13 7
61 25
9 8
31 30
100 41
83 57
46 17
26 8
97 43
66 13
39 2
99 10
98 45
30 3
62 25
52 3
16 5
22 2
86 3
28 20
92 25
12 10
5 3
84 11
27 12
80 8
61 28
21 10
5 4
89 37
82 69
33 7
39 15
67 50
37 7
27 12
88 14
10 10
5 5
47 6
52 7
82 65
58 45
52 34
72 54
12 3
17 11
98 39
58 11
8 5
83 63
96 22
95 85
64 26
20 17
66 18
9 4
96 95
80 68
44 26
86 68
50 12
31 28
48 39
39 7
93 83
16 2
40 38
81 70
8 7
90 64
46 3
75 26
29 25
16 11
40 28
56 16
57 35
40 7
61 19
78 31
33 9
61 21
82 31
33 21
54 39
53 39
95 59
9 3
72 46
48 24
59 8
29 8
67 23
2 2
64 29
5 4
16 10
19 3
83 57
92 65
92 38
98 24
5 4
55 7
48 32
57 38
72 14
47 30
77 2
81 22
35 13
7 3
36 2
8 8
66 12
68 32
23 4
55 42
39 37
58 20
76 61
48 13
72 20
9 9
8 5
29 23
15 13
34 14
98 74
72 50
47 7
82 73
3 3
76 32
28 25
44 24
76 45
92 57
69 41
89 9
94 20
72 54
38 16
9 8
95 33
99 43
6 3
47 19
18 15
82 49
52 33
77 32
25 15
58 39
83 60
67 34
73 34
82 24
15 12
2 2
59 11
96 39
15 3
6 4
53 18
48 21
27 18
59 52
56 43
67 2
69 52
51 6
37 10
79 17
7 5
85 46
67 35
83 27
81 41
33 23
92 58
15 15
2 2
22 18
45 27
79 19
57 33
11 6
19 4
96 86
97 2
64 20
50 49
88 19
6 4
23 11
65 46
61 4
77 34
70 56
53 19
21 16
17 11
76 5
68 48
46 34
88 59
32 30
42 13
94 2
80 37
83 42
82 8
79 48
2 2
99 62
12 9
72 19
93 27
10 8
75 42
12 9
20 16
84 78
30 30
51 33
33 29
59 2
13 2
40 34
90 65
65 20
39 24
11 5
67 14
74 16
87 76
97 44
78 39
49 11
75 36
62 47
13 5
50 32
41 4
56 2
89 61
95 79
64 36
38 13
98 74
82 71
80 76
62 42
73 69
72 16
51 17
40 36
45 27
34 29
5 4
32 9
42 39
67 49
91 69
35 3
24 10
77 62
29 3
48 10
77 53
3 2
87 40
10 4
7 6
61 60
16 7
2 2
9 7
30 19
7 4
25 5
72 16
87 40
94 36
76 76
85 73
20 13
72 32
75 12
67 61
72 68
27 5
90 65
2 2
52 35
12 7
10 9
25 10
36 6
79 68
93 66
68 10
93 20
34 14
66 26
72 9
10 4
89 40
37 6
38 24
5 5
78 46
75 3
9 5
2 2
14 5
71 24
48 26
25 17
46 20
66 32
77 75
64 49
30 27
46 2
86 33
31 18
36 4
45 20
73 21
53 25
73 40
7 3
81 4
46 23
64 15
26 3
26 4
12 2
97 11
77 38
50 36
52 10
83 27
67 40
49 36
78 30
28 19
5 2
18 15
21 14
31 27
62 56
100 79
35 8
17 16
40 11
66 52
91 42
77 10
57 44
25 16
96 86
10 2
54 18
41 10
32 27
75 16
18 11
89 28
60 31
93 89
15 10
24 17
74 12
61 43
14 14
58 5
41 20
74 13
81 54
28 13
6 2
9 9
31 22
15 14
74 40
9 4
90 31
17 15
45 12
60 33
15 7
24 5
81 16
81 54
9 5
7 5
46 46
17 4
36 11
79 50
83 51
25 2
93 83
32 5
91 51
16 8
92 73
36 13
72 21
14 9
13 13
93 74
42 16
67 54
63 44
4 2
66 25
50 32
92 90
20 10
79 20
68 43
5 4
67 55
46 21
58 4
37 22
44 25
60 38
15 10
10 8
47 37
33 19
33 7
35 13
53 19
88 85
86 64
75 30
88 56
49 7
42 40
91 56
48 46
69 65
71 51
27 14
16 13
83 11
21 14
93 67
10 7
6 3
96 86
95 36
87 14
35 12
91 13
41 36
30 11
69 66
19 3
33 8
38 14
37 12
7 3
66 56
60 55
73 13
7 3
81 5
74 64
100 58
90 37
58 50
48 36
50 19
67 48
71 44
47 8
97 31
65 19
18 15
39 2
41 12
99 85
45 33
23 6
74 43
22 22
99 71
71 51
4 4
84 58
64 23
16 6
18 14
87 84
67 52
32 20
2 2
86 69
53 44
99 92
74 64
26 17
18 11
85 68
82 66
78 76
35 9
34 13
11 4
63 24
42 37
71 68
67 11
31 25
51 3
6 2
50 32
42 33
3 3
57 5
29 25
73 47
97 90
84 54
33 30
23 18
94 5
41 14
52 51
100 87
97 57
64 32
12 9
9 2
69 30
58 30
29 3
63 61
9 9
31 2
48 46
100 85
61 34
88 38
31 4
4 2
30 12
4 3
100 18
51 8
29 5
12 4
46 27
29 7
62 49
95 2
34 2
54 29
28 16
95 60
39 16
76 42
98 47
74 71
19 8
35 13
18 11
17 4
58 40
33 31
19 17
98 88
58 48
16 9
23 16
37 25
14 12
25 7
91 48
20 3
99 98
71 34
10 10
24 11
21 13
54 39
23 17
7 5
49 49
99 55
24 6
80 6
53 25
100 88
63 23
18 10
37 16
94 70
33 28
59 32
33 19
87 53
97 37
9 2
37 18
65 58
22 18
57 56
4 3
95 83
23 2
80 38
85 57
43 12
82 48
59 18
54 6
22 13
38 7
98 25
71 42
71 41
74 59
62 31
96 23
30 3
5 4
71 54
2 2
95 10
49 42
36 31
92 20
79 12
30 5
51 17
4 2
87 70
64 4
54 23
12 12
52 35
22 17
30 19
32 8
88 88
49 22
36 30
99 11
64 51
72 9
58 53
17 9
87 45
53 34
84 21
60 47
39 16
100 72
6 2
25 21
98 24
36 30
57 19
58 25
96 49
89 31
80 33
25 20
97 49
16 7
39 2
84 69
37 34
75 64
94 34
48 18
77 6
18 2
90 85
99 52
95 45
14 11
66 4
20 18
60 42
93 20
26 6
58 10
9 2
93 61
15 15
42 7
58 9
69 48
32 24
69 64
21 17
32 25
74 74
78 28
46 27
53 13
87 50
74 35
57 36
52 5
77 9
37 19
32 8
20 8
70 67
20 15
48 2
27 18
39 13
96 29
25 11
40 15
30 19
69 28
2 2
32 25
98 18
65 46
47 26
7 7
29 7
18 10
52 20
48 42
17 7
31 14
7 4
71 63
11 6
28 17
14 5
10 5
17 15
49 26
22 12
22 2
12 5
20 10
36 34
41 3
28 15
98 63
6 4
43 6
63 7
78 77
28 17
58 29
63 41
100 10
61 8
94 4
98 13
43 32
2 2
6 2
27 24
31 25
30 26
47 22
14 7
27 21
43 28
17 3
74 21
75 7
40 9
67 56
4 4
36 10
79 10
50 31
90 59
66 41
50 6
100 91
81 21
64 25
91 18
79 74
38 19
19 5
61 21
32 19
80 67
8 8
57 47
95 80
59 17
45 5
89 21
75 67
78 4
59 22
87 52
19 4
18 9
37 13
85 42
23 6
99 18
69 37
34 11
42 20
37 13
10 9
99 19
51 7
51 47
12 7
32 13
50 6
29 13
96 45
43 38
82 80
54 5
80 30
54 41
44 17
91 4
92 33
77 7
33 20
10 7
65 64
83 35
26 13
21 8
66 43
22 6
20 14
30 11
44 39
90 32
52 28
83 47
86 38
2 2
92 46
86 62
41 28
12 9
36 15
65 16
5 5
38 4
28 2
47 8
53 33
97 35
83 59
78 33
28 22
67 7
15 11
48 39
62 47
3 2
54 50
10 7
43 10
7 6
37 35
19 7
61 15
75 34
10 3
23 7
31 30
68 34
34 14
54 48
95 80
12 2
21 6
82 18
90 77
42 14
32 29
22 19
94 8
52 23
40 16
68 53
12 2
68 36
68 19
69 51
73 12
52 42
14 7
58 54
70 7
45 10
35 33
96 44
57 30
96 67
67 58
30 18
18 18
18 7
3 3
10 5
83 79
36 22
53 6
51 36
54 16
86 65
93 48
6 2
67 27
35 22
5 2
16 12
98 66
66 4
18 17
55 52
4 3
33 18
79 45
63 48
86 49
94 81
22 4
17 17
62 11
22 7
66 40
97 18
52 43
91 84
49 22
90 18
2 2
53 28
5 4
36 22
2 2
67 4
88 24
20 8
11 10
69 41
74 65
69 8
49 27
70 39
11 7
11 2
6 6
23 9
61 23
57 46
65 51
19 17
99 41
39 17
42 16
30 5
88 14
100 8
50 31
8 6
30 21
98 98
87 57
67 28
24 18
37 37
45 15
45 45
86 82
62 43
87 2
14 9
11 10
13 4
47 41
95 70
71 71
47 14
96 73
52 15
75 36
49 18
57 47
17 3
6 3
29 20
97 50
18 3
63 53
61 30
5 2
8 8
25 21
54 48
26 10
59 23
53 26
60 17
20 3
86 78
51 42
83 69
54 9
50 30
81 77
65 35
94 65
92 78
18 16
40 19
87 37
98 15
32 18
100 6
24 19
52 45
71 59
5 2
82 23
6 6
26 24
66 50
32 10
39 15
90 86
59 52
37 11
21 3
70 66
93 72
38 18
23 22
52 51
23 5
27 24
8 8
65 64
40 33
34 8
35 23
33 7
59 46
37 4
34 19
35 16
38 26
45 11
53 6
34 10
32 11
10 9
78 59
64 31
26 3
66 37
55 29
77 6
22 16
93 88
33 7
88 77
84 71
6 5
79 9
65 34
89 83
50 31
68 51
42 11
27 25
96 81
73 54
6 5
22 9
44 26
53 8
7 7
76 57
24 23
83 70
8 7
29 5
4 2
85 26
43 18
97 49
24 13
91 76
42 34
27 5
86 28
29 2
15 4
91 65
23 21
87 58
89 63
52 52
69 43
20 18
90 82
39 12
8 3
52 44
19 18
68 39
38 21
40 5
51 39
42 10
40 24
71 55
47 46
20 13
36 7
94 88
21 21
62 18
68 41
72 18
64 64
41 17
30 30
48 11
62 49
62 42
8 2
14 6
30 30
73 43
82 8
85 6
78 54
95 50
57 32
51 22
3 2
33 5
30 4
31 28
20 18
9 2
26 2
80 9
25 24
47 37
31 14
84 70
33 18
7 3
86 67
4 3
71 47
8 5
32 20
65 45
79 27
43 31
60 20
19 18
85 74
39 2
52 31
53 18
38 17
10 9
99 47
85 11
28 9
39 10
37 28
27 23
46 42
3 3
90 42
80 36
49 34
52 26
89 5
52 49
96 62
12 9
100 61
39 24
43 23
6 5
48 9
78 65
9 2
23 18
57 18
28 3
61 40
12 2
76 58
17 9
25 18
42 11
25 12
64 34
95 92
21 10
99 77
64 56
52 11
56 20
49 6
23 5
51 28
36 2
77 68
6 2
76 73
64 57
39 16
14 14
7 2
78 67
57 22
4 4
28 13
19 6
98 80
14 11
27 12
77 26
88 62
23 8
100 11
35 34
58 34
44 4
47 16
19 8
76 71
85 47
42 31
20 20
98 86
48 38
39 10
23 23
95 83
13 7
2 2
45 28
53 26
52 32
42 15
34 11
15 7
68 62
9 8
78 32
3 2
2 2
17 2
69 23
57 25
36 33
91 12
8 8
60 48
63 2
42 30
79 18
78 35
97 87
96 31
43 43
54 33
49 15
15 14
2 2
10 7
23 14
66 4
41 9
30 26
60 2
35 9
74 21
58 3
18 15
70 48
31 4
69 30
23 17
42 28
44 18
4 4
3 3
30 14
15 6
15 9
66 54
63 35
72 43
23 4
2 2
90 3
93 31
83 38
54 5
74 56
67 57
50 8
91 21
70 41
33 5
74 34
91 17
7 2
20 15
43 37
50 47
84 39
99 44
5 3
3 3
25 2
93 42
9 7
75 41
42 42
34 24
12 3
74 14
99 63
85 75
91 24
34 19
75 13
57 34
31 20
27 24
61 3
50 16
82 25
39 9
66 8
8 5
32 11
52 50
43 10
72 56
89 58
11 7
70 37
38 9
21 17
14 8
18 4
16 15
93 76
83 25
19 5
20 10
18 10
90 73
34 2
18 12
60 55
37 29
84 17
48 22
64 34
66 24
42 7
4 4
66 24
21 4
83 69
87 53
95 40
25 18
65 62
81 62
70 15
97 61
99 6
98 16
53 49
40 5
72 6
61 51
56 20
79 60
98 33
91 31
81 37
7 4
26 26
16 11
52 2
47 15
40 24
11 9
98 31
36 17
89 65
58 4
9 7
98 5
86 34
18 3
52 23
57 36
59 24
78 6
35 11
27 9
50 29
52 43
14 2
54 31
70 38
57 28
100 68
22 19
60 40
33 4
57 24
26 12
17 14
20 13
84 17
7 6
17 11
42 26
2 2
64 7
99 53
67 34
40 6
16 14
5 4
9 6
65 34
61 13
46 14
83 43
68 58
26 25
6 3
5 2
38 34
52 50
17 16
66 43
25 3
63 19
42 25
22 9
47 47
69 55
37 8
6 2
27 15
81 48
25 11
45 17
18 17
44 36
16 4
90 32
55 5
34 32
61 9
59 20
22 10
84 26
99 8
98 84
20 5
69 9
32 28
85 14
67 67
24 14
69 48
16 5
62 55
50 43
6 4
83 43
64 31
11 3
98 40
84 34
38 21
43 23
10 9
58 56
15 11
74 15
34 23
93 69
26 22
9 2
85 47
9 6
15 8
10 8
94 85
32 11
74 21
96 38
25 19
30 8
78 54
7 3
74 44
27 20
69 20
47 42
77 52
95 50
69 5
100 100
32 26
32 13
99 97
69 14
11 10
72 7
8 7
60 48
97 3
24 24
76 30
60 12
42 8
15 5
2 2
72 9
63 10
68 54
40 29
12 7
79 16
9 8
42 34
32 17
31 31
56 52
91 67
71 61
77 62
13 7
87 48
83 13
8 2
88 5
29 16
61 44
44 37
55 8
64 18
88 79
73 61
18 3
78 20
73 64
19 10
29 11
63 50
67 18
39 17
74 36
2 2
54 40
9 2
45 10
35 5
83 82
3 2
37 26
15 11
17 16
44 6
83 23
38 32
39 5
56 37
30 8
66 56
55 35
90 61
22 18
29 17
23 20
92 81
35 24
27 23
80 4
80 72
55 20
69 32
100 17
66 60
64 43
79 41
28 17
3 2
22 14
98 77
75 68
71 3
26 5
14 4
100 11
68 4
33 30
17 14
82 67
60 30
38 8
99 2
93 90
54 37
57 56
69 54
62 46
34 34
29 2
93 35
25 19
56 31
28 28
100 30
84 28
66 59
75 75
17 9
72 20
91 46
62 19
97 95
91 73
100 65
85 2
16 12
75 2
47 38
68 54
43 42
93 89
9 3
76 68
40 27
42 10
16 16
35 10
30 15
70 3
58 17
59 14
32 32
97 2
40 20
22 15
85 36
66 7
66 44
92 31
92 5
21 8
65 52
37 3
44 31
63 15
60 43
31 19
54 49
70 2
100 44
44 15
13 11
87 2
84 9
97 58
75 28
14 11
91 56
23 2
49 44
46 3
73 24
21 16
84 24
54 30
61 48
59 28
17 14
29 15
75 56
12 11
62 16
54 30
25 16
81 50
85 42
28 24
14 3
95 43
27 14
96 26
67 52
9 4
74 39
3 2
76 13
7 2
17 16
45 18
50 18
53 14
42 17
12 12
52 23
73 38
46 46
15 3
43 33
85 38
81 13
49 45
21 21
88 76
5 5
35 25
19 14
95 84
51 14
75 56
72 49
36 3
96 15
54 6
96 15
17 10
24 9
66 7
67 45
15 12
52 11
66 47
8 2
35 28
35 33
37 15
20 20
70 38
76 7
47 43
85 36
93 28
31 28
39 32
12 5
60 54
5 2
73 36
31 24
44 2
18 15
72 34
70 58
15 14
73 56
54 31
27 15
58 13
51 14
5 5
46 25
68 53
22 2
55 37
45 38
88 15
14 2
85 71
90 9
42 23
24 4
18 14
41 29
87 62
64 13
17 2
46 31
99 81
12 11
44 39
97 81
97 58
97 38
79 33
77 35
88 75
8 3
26 6
20 16
34 7
81 56
86 61
95 30
66 17
14 13
13 13
66 49
93 69
46 44
85 42
89 88
83 74
36 11
65 19
80 18
31 27
4 3
24 22
4 4
15 7
98 93
74 71
61 21
21 2
96 73
92 32
98 76
49 33
10 10
22 20
89 3
46 41
34 6
79 2
75 52
55 39
68 67
87 20
93 30
70 7
6 2
30 2
31 21
13 7
90 37
39 13
27 22
69 16
36 33
78 66
41 11
90 12
27 10
80 50
41 22
55 17
15 8
14 5
62 49
24 24
71 47
30 13
10 6
95 56
5 5
98 96
68 61
17 16
85 38
10 2
89 22
98 17
72 20
88 23
81 79
66 59
76 17
24 17
10 8
54 22
25 11
92 50
9 8
64 40
69 2
60 56
79 21
24 17
99 9
68 26
44 18
75 60
90 35
3 2
36 24
14 13
83 37
24 16
22 5
85 7
23 13
16 4
76 66
11 6
78 45
54 39
2 2
91 86
100 35
81 27
23 22
2 2
86 66
43 3
92 56
38 2
5 5
88 51
83 49
68 43
22 12
17 2
72 29
19 17
71 19
98 2
100 36
43 14
83 58
29 12
60 49
43 14
51 28
48 29
29 14
74 71
4 3
26 23
70 64
25 11
23 20
96 47
95 32
92 4
14 6
42 20
43 9
32 16
30 27
34 3
37 10
53 50
87 67
96 47
64 30
58 22
12 12
70 12
30 3
73 23
7 2
76 73
72 13
94 15
40 18
14 12
28 12
22 16
80 2
96 43
89 65
84 48
9 2
89 30
51 23
84 60
64 24
8 6
87 65
19 11
12 7
71 70
47 7
49 46
9 8
68 30
77 64
79 61
74 4
6 2
15 9
18 16
8 5
69 67
12 6
51 50
77 48
43 27
77 23
79 61
59 4
94 28
26 9
94 86
30 4
16 6
60 3
58 43
31 7
23 22
35 19
7 6
76 43
69 49
27 13
21 10
21 5
57 20
87 52
74 47
57 15
28 17
23 8
25 22
76 68
87 10
55 14
18 6
4 4
14 2
29 21
62 23
43 13
25 21
52 51
56 31
11 6
66 23
75 34
30 23
30 22
52 11
13 7
97 24
3 3
73 66
83 23
68 44
65 19
36 2
64 9
70 18
64 31
95 3
74 53
20 12
67 13
75 58
97 73
6 6
77 17
27 25
57 21
26 16
99 42
16 2
35 17
23 4
52 31
96 27
55 20
92 62
95 24
61 52
42 23
12 2
5 4
81 45
71 20
56 4
19 8
88 58
100 66
30 23
23 18
20 9
37 20
80 27
41 29
83 8
86 70
61 37
39 27
60 60
43 34
44 8
44 28
89 10
76 33
54 50
90 39
56 22
6 3
79 48
44 26
85 25
67 46
22 15
61 27
97 68
56 14
96 5
11 6
58 4
78 20
10 9
95 39
71 17
2 2
90 83
52 22
27 4
17 13
95 28
47 26
15 3
90 47
84 80
15 11
45 17
14 12
45 11
56 39
100 55
44 42
25 16
97 51
8 8
51 42
36 24
57 11
32 27
22 21
13 8
30 9
99 51
32 27
31 21
22 18
90 60
65 43
40 7
61 39
15 12
94 63
43 29
71 33
97 51
51 17
79 47
85 71
87 6
20 10
84 38
73 21
91 12
35 33
74 34
84 14
75 71
38 20
27 24
13 4
88 71
17 14
46 25
76 30
44 13
89 18
62 3
93 75
36 22
19 6
42 14
81 69
33 17
15 13
15 12
41 5
10 9
70 44
96 94
24 6
4 4
61 46
96 28
84 32
14 11
78 6
9 7
27 18
100 37
49 41
44 11
100 61
65 60
42 42
20 7
56 18
58 56
97 56
54 33
50 19
2 2
30 28
45 45
15 3
20 16
66 57
57 46
55 4
58 19
87 32
68 19
45 19
28 2
40 23
82 6
84 60
17 3
97 36
15 12
82 5
31 10
41 24
89 82
41 11
78 5
17 10
17 5
81 32
32 2
84 76
5 4
13 6
5 5
19 14
74 71
16 11
90 76
32 24
11 10
14 5
44 10
48 34
33 3
17 9
88 3
23 17
95 5
33 31
97 71
80 68
73 19
44 40
8 5
93 41
42 39
19 4
55 45
83 11
89 62
17 7
3 3
55 46
64 31
62 9
97 34
53 15
37 17
74 67
66 20
59 17
10 9
16 2
16 12
62 15
52 10
54 32
49 23
24 13
95 21
8 8
6 6
33 2
42 33
98 20
20 19
5 2
45 27
83 78
70 61
20 8
50 48
45 31
31 17
9 7
72 5
49 25
10 3
53 23
29 21
45 14
50 30
72 71
48 34
90 63
4 2
46 22
35 34
54 44
79 15
97 30
7 7
97 84
96 68
43 29
31 26
68 20
38 10
83 57
36 19
78 30
5 3
39 30
22 19
2 2
13 11
91 60
79 74
83 27
52 46
57 37
86 9
88 67
63 23
60 6
19 3
8 3
44 9
10 5
72 48
32 15
60 42
29 3
88 60
39 37
61 47
75 49
27 3
11 2
22 20
16 3
99 32
82 27
50 22
48 19
87 6
57 34
79 35
32 2
13 7
57 50
25 24
15 4
6 2
88 8
79 43
6 4
74 26
26 20
50 35
28 17
3 2
26 12
3 3
72 65
65 22
91 80
84 76
88 59
52 22
19 9
71 48
93 91
32 16
22 2
87 50
60 5
99 70
59 32
56 48
35 20
93 41
97 9
39 34
64 52
6 6
76 31
49 39
97 6
78 5
85 25
87 55
11 3
29 16
39 16
99 69
42 4
67 19
62 43
57 13
47 17
81 44
50 44
5 5
32 2
59 31
5 4
21 11
53 35
99 56
78 10
74 5
41 8
90 49
50 8
24 8
96 64
58 12
77 75
17 14
48 23
54 48
74 50
28 26
45 9
19 17
80 67
50 27
34 8
19 10
11 8
64 11
39 23
8 4
56 3
34 3
23 2
77 72
45 40
77 30
40 27
23 13
21 5
42 8
43 38
54 2
100 47
61 38
67 50
24 20
69 36
33 33
87 62
65 12
74 25
78 64
99 59
75 42
94 78
76 29
62 30
79 76
32 15
67 14
99 72
76 2
36 17
77 14
81 15
100 31
92 53
15 14
28 23
28 24
28 26
37 30
81 20
82 56
94 21
51 33
79 5
16 6
19 18
71 16
28 5
35 12
32 22
40 4
49 14
54 10
49 23
77 63
81 74
73 55
68 49
80 18
17 4
39 33
41 5
76 10
58 53
37 6
3 3
19 19
100 15
91 4
76 37
38 23
32 31
96 9
47 28
34 6
18 14
24 8
16 4
82 56
58 53
27 10
29 12
90 34
16 7
99 69
18 5
58 50
35 21
89 2
15 12
65 64
55 16
82 7
29 21
78 31
80 25
59 3
54 7
76 2
94 41
43 19
66 11
35 35
23 5
94 43
74 42
68 52
56 22
90 57
85 65
81 27
32 30
52 47
82 11
2 2
4 2
79 67
51 9
6 3
89 73
64 25
31 23
36 30
15 11
87 50
22 17
66 30
57 27
46 21
90 61
44 31
64 58
88 40
74 28
24 24
30 25
97 64
33 17
48 46
79 72
6 4
76 48
77 66
26 11
86 7
4 2
68 36
93 49
84 9
11 10
83 39
18 14
16 3
24 19
83 40
77 67
70 70
77 76
17 10
16 4
12 3
32 12
38 12
46 33
86 6
13 3
7 6
52 37
62 17
15 10
61 58
20 4
82 31
55 31
85 17
76 69
12 9
51 2
74 9
31 31
65 29
6 4
61 33
57 36
97 44
24 7
5 4
14 6
94 52
59 39
42 9
7 5
23 21
22 15
27 10
24 9
14 4
17 8
38 35
24 15
92 80
100 76
89 39
4 4
11 11
70 55
85 11
89 29
62 19
94 26
85 24
55 29
42 26
80 23
32 2
39 39
81 4
55 38
8 2
18 6
93 44
13 7
60 34
16 10
93 52
51 15
85 19
34 13
99 94
57 55
49 39
85 6
33 15
41 18
91 13
22 8
4 2
88 14
92 12
31 4
90 89
92 73
73 35
82 49
82 13
44 3
94 83
71 20
50 22
89 68
89 88
77 17
89 3
72 58
83 30
64 20
32 22
92 92
82 80
60 44
79 37
81 24
48 11
71 33
58 12
46 24
90 16
42 40
10 9
29 5
45 28
7 3
31 8
85 28
74 7
23 9
31 13
99 8
71 44
85 16
5 4
63 28
70 64
28 15
40 38
54 50
88 76
38 25
81 64
37 29
51 47
51 39
53 37
89 89
54 36
51 26
42 29
8 7
4 2
26 16
25 5
46 46
99 16
70 45
24 20
32 13
2 2
22 18
14 14
15 2
3 3
89 25
28 16
65 52
35 25
98 48
55 45
22 21
87 58
58 43
50 16
57 2
2 2
8 7
85 75
29 16
63 31
59 8
30 26
24 22
95 15
29 26
85 54
100 59
36 23
52 21
16 8
2 2
79 15
19 2
34 23
75 65
11 6
15 14
50 11
32 32
45 41
13 6
92 3
91 70
69 24
69 9
81 14
44 37
9 9
49 20
18 11
99 51
48 38
36 30
95 24
98 61
42 17
13 10
17 15
76 9
28 4
64 48
18 11
24 2
91 85
30 23
59 10
49 12
65 21
69 36
66 40
64 35
15 6
58 27
62 2
56 20
34 28
34 12
13 11
12 10
70 18
18 9
15 11
49 21
92 41
16 16
14 3
30 26
8 3
74 19
96 95
5 3
26 23
25 8
6 5
68 61
4 4
94 84
22 19
10 2
88 63
14 10
65 49
57 14
35 6
41 25
51 17
44 41
41 23
67 53
29 28
97 92
32 24
21 17
35 16
48 13
69 65
97 53
70 68
80 11
10 6
75 68
21 9
40 16
45 26
58 11
49 48
93 86
29 21
99 61
60 31
25 17
50 22
27 5
42 39
12 9
61 35
20 6
81 61
77 35
32 22
90 33
67 38
98 34
91 39
42 15
26 23
32 21
4 3
57 30
57 20
77 28
100 24
13 10
26 26
43 38
24 13
82 54
65 51
69 61
62 23
84 44
36 8
80 68
43 41
11 4
56 34
64 31
84 72
18 4
98 20
43 31
13 6
19 15
100 86
23 14
53 51
59 48
46 15
83 62
97 62
64 21
31 29
66 58
39 33
7 5
8 7
27 11
48 45
51 26
24 23
54 11
75 45
24 8
17 12
44 44
37 29
32 29
61 13
4 3
89 51
35 25
54 16
34 26
8 4
44 9
78 66
14 8
97 57
73 9
2 2
67 34
47 21
82 54
25 13
33 8
48 3
25 2
44 7
93 22
68 10
12 6
71 6
100 57
17 8
98 35
76 38
19 5
83 62
22 12
87 61
95 64
96 78
94 86
64 47
37 14
23 9
81 14
73 51
33 12
58 2
45 4
22 2
95 93
71 70
81 56
25 13
52 50
45 3
58 13
19 4
27 13
87 83
88 88
77 26
14 7
46 2
25 10
12 4
55 51
23 7
59 54
59 56
53 43
32 4
96 67
51 50
16 6
12 5
23 23
23 8
53 43
4 2
75 35
13 11
45 6
78 41
37 2
93 83
51 18
53 15
4 2
51 49
87 82
27 4
70 3
88 24
46 30
12 2
71 16
55 27
15 3
48 40
75 55
36 32
59 39
45 30
93 60
31 13
86 30
51 46
83 77
12 3
24 14
9 8
42 18
4 2
16 13
99 35
77 5
87 67
92 21
31 14
23 5
95 9
59 16
31 24
40 33
86 70
44 44
44 10
54 47
45 2
48 26
87 55
37 7
13 8
85 56
33 11
85 85
84 52
13 5
82 66
14 2
7 2
100 48
83 22
29 6
100 8
84 34
19 6
49 33
69 11
16 9
60 29
42 29
100 65
73 40
79 53
16 16
6 5
31 31
21 17
83 5
43 23
87 5
75 73
87 2
78 39
97 22
74 25
37 35
98 91
81 27
24 8
41 16
22 22
91 83
20 10
72 36
62 25
92 30
9 7
80 73
95 13
42 32
99 44
23 17
9 2
84 71
87 4
80 9
57 32
12 7
72 71
5 3
58 47
83 52
40 34
93 58
28 6
96 79
25 22
36 20
54 8
44 14
58 26
74 36
65 65
11 5
98 98
85 83
65 13
46 18
65 40
76 16
58 14
81 7
72 48
91 41
80 21
82 2
64 39
35 13
46 8
10 8
47 19
28 7
52 10
97 40
74 21
57 31
50 12
77 67
17 9
18 15
9 7
41 19
62 59
12 5
51 14
49 25
24 20
87 53
39 31
16 14
20 9
7 6
84 24
26 3
66 13
80 42
99 36
22 20
95 34
50 35
54 37
100 34
5 4
98 98
92 4
80 2
7 5
74 24
81 15
70 61
23 22
99 63
2 2
12 3
77 33
62 23
46 14
9 3
64 52
50 20
19 16
49 4
68 25
6 2
95 87
44 39
5 2
45 3
15 8
34 8
20 4
15 6
57 14
8 5
64 17
27 18
12 5
64 41
13 2
30 3
98 59
12 8
46 41
87 6
61 41
55 18
92 91
12 8
35 24
51 49
94 68
51 34
5 2
17 2
100 62
43 4
60 10
69 20
63 23
47 41
39 8
32 24
23 20
53 15
95 68
7 4
56 51
29 27
77 44
29 15
79 20
49 15
67 59
32 9
30 12
69 61
68 39
93 4
49 16
93 66
84 57
20 12
54 40
33 30
32 6
54 4
54 48
94 61
99 7
58 22
48 16
54 14
62 55
47 17
84 5
54 50
16 5
79 26
17 12
73 48
63 61
77 54
70 30
34 2
18 13
96 43
7 5
39 6
39 33
84 34
94 22
81 68
9 4
64 27
47 10
44 20
100 25
73 48
89 78
88 2
99 3
85 72
64 13
86 67
68 27
5 5
20 2
59 25
17 14
43 39
18 5
47 41
66 44
89 63
14 8
63 55
4 4
36 2
20 10
96 43
25 3
50 11
41 12
96 64
16 11
98 24
42 33
97 73
17 16
51 35
3 3
30 22
93 30
49 36
47 2
12 10
6 4
53 37
67 8
98 94
16 9
21 17
8 4
19 2
89 28
27 16
44 38
97 14
55 32
86 69
31 18
94 92
42 3
48 38
7 5
95 64
20 12
2 2
43 22
30 4
68 24
17 4
25 10
30 29
38 34
41 25
43 12
21 5
29 27
88 64
54 36
55 38
24 12
47 30
75 42
75 2
30 8
40 3
60 47
74 59
26 3
8 8
95 83
4 2
42 13
100 12
33 21
29 13
58 4
29 25
60 41
25 9
32 31
18 3
52 2
11 8
95 19
100 97
46 16
11 9
16 13
100 29
7 7
76 42
75 18
45 9
40 31
56 39
20 18
3 2
84 20
37 36
46 36
36 17
63 30
76 16
12 3
65 61
67 11
82 54
4 3
30 12
27 4
60 55
78 78
66 10
16 4
13 4
52 4
20 11
44 44
2 2
21 6
15 7
23 18
57 41
23 14
90 2
32 11
77 40
68 49
82 18
16 4
81 77
11 4
2 2
31 17
83 31
3 2
76 15
92 57
77 68
35 2
77 12
82 11
49 47
2 2
27 6
12 4
12 2
70 18
38 9
19 5
32 31
92 27
50 28
12 9
45 40
30 16
48 29
58 47
8 4
95 89
94 26
88 32
10 3
38 29
70 45
77 4
77 35
89 20
38 35
85 67
99 53
66 6
91 14
72 71
98 2
2 2
12 9
100 49
7 6
48 30
18 15
99 11
22 10
56 33
32 20
18 3
64 19
49 26
81 68
20 11
63 5
52 41
36 15
31 16
30 7
52 34
72 48
70 61
87 85
36 24
84 29
29 27
99 90
35 10
57 17
94 47
51 35
14 14
27 17
20 18
3 2
36 30
57 21
97 55
39 9
19 2
21 8
50 38
91 67
85 43
14 2
65 39
95 14
29 10
22 19
36 33
73 67
25 4
73 12
47 36
49 5
17 11
44 8
99 7
63 2
14 14
53 5
82 43
26 13
79 42
14 10
88 8
98 55
61 32
19 11
13 6
74 64
64 56
71 70
24 13
92 57
79 12
91 53
25 21
67 49
93 20
90 53
3 3
48 41
39 17
45 41
46 31
79 56
13 5
68 39
80 42
82 52
52 9
35 23
17 7
94 53
92 47
37 24
44 39
29 13
86 3
100 53
97 33
25 19
24 21
73 10
31 28
44 37
77 74
38 2
35 12
71 24
20 15
86 9
65 29
15 13
54 53
12 8
75 17
14 3
23 22
44 20
48 13
72 23
23 21
40 6
2 2
64 21
53 33
21 12
47 29
5 3
68 68
7 4
69 50
40 13
69 48
81 4
33 10
99 4
20 5
29 26
38 25
12 7
34 19
36 27
11 4
52 22
36 29
45 19
32 4
11 5
86 54
35 24
85 12
54 28
34 11
53 42
35 34
89 12
96 43
88 39
93 42
89 34
98 10
6 3
51 9
29 2
20 16
27 18
22 15
48 11
53 42
75 61
41 34
69 61
10 7
25 7
44 36
62 18
32 32
69 56
7 7
35 18
90 72
98 55
40 18
43 21
29 8
65 39
33 25
77 58
93 41
93 77
85 74
53 30
75 65
19 4
31 23
53 45
30 29
93 6
13 9
43 20
47 38
65 37
16 16
48 39
44 2
62 58
23 9
12 3
78 64
56 24
14 14
74 55
86 56
16 6
82 62
31 3
86 57
49 5
23 22
41 21
9 4
100 44
48 8
100 75
49 12
85 35
32 30
27 12
48 16
71 58
73 30
3 2
48 7
80 52
57 20
70 16
40 7
80 21
81 46
32 23
64 6
100 30
73 58
93 49
20 3
85 80
43 40
4 4
9 4
54 29
50 6
17 14
42 16
22 2
13 5
2 2
18 13
68 27
42 16
24 21
58 47
56 56
89 29
51 46
96 30
67 24
78 40
69 3
94 3
88 66
48 47
2 2
84 25
74 17
12 10
22 15
83 10
100 70
22 16
70 21
74 40
36 17
13 13
30 10
29 12
92 46
5 3
90 6
73 70
65 4
14 10
29 18
9 5
67 55
82 26
94 16
68 3
78 37
86 33
67 45
11 9
60 41
86 64
52 6
28 5
31 14
49 5
53 31
23 2
7 4
66 39
99 73
97 90
3 2
56 40
46 27
69 12
25 25
96 36
66 30
43 22
80 41
76 5
16 11
25 18
59 11
55 30
98 83
74 74
89 57
53 50
27 11
27 5
5 5
25 13
50 25
19 18
83 78
12 2
46 13
89 7
67 49
59 25
71 10
45 3
10 4
78 46
8 2
98 21
95 84
72 13
75 9
48 47
70 67
41 41
69 44
84 71
63 40
58 40
81 50
20 15
24 22
73 21
12 9
5 3
95 33
97 51
10 10
17 3
85 52
49 6
65 58
99 20
11 7
48 9
100 47
2 2
94 39
25 14
75 32
17 11
5 4
75 30
46 25
16 9
10 2
37 4
51 17
71 16
34 24
36 22
26 3
86 5
57 11
60 26
84 17
82 14
71 42
62 4
56 41
87 29
38 13
46 30
98 72
46 8
88 64
45 18
79 46
34 20
54 51
64 59
79 53
30 13
58 22
60 36
83 10
38 19
26 3
17 3
29 27
34 11
90 77
39 38
50 20
79 48
71 41
21 5
96 58
22 7
6 6
53 5
62 51
49 22
48 42
35 10
52 43
62 26
58 22
68 7
23 7
97 43
26 3
71 51
68 12
55 51
97 5
29 25
28 9
13 11
52 29
97 77
52 15
68 48
29 12
12 8
8 6
39 20
83 37
56 11
23 22
61 5
8 2
28 19
94 8
96 88
5 5
30 29
14 2
82 61
42 40
88 49
52 25
88 86
24 16
44 15
55 34
81 16
70 9
77 35
72 63
61 35
16 10
44 25
59 53
11 7
68 43
5 5
87 3
12 6
17 6
32 16
15 3
33 6
51 25
91 62
96 80
89 55
15 14
51 21
7 3
52 45
68 67
24 16
24 19
21 11
39 36
57 57
47 8
96 68
76 25
95 89
57 48
11 9
21 9
3 3
41 15
86 38
34 16
91 52
14 11
9 2
6 6
3 2
6 6
75 61
74 27
2 2
64 31
23 2
96 94
95 95
2 2
81 39
59 38
86 39
47 27
73 8
85 71
50 15
98 92
7 4
22 19
50 47
58 48
12 2
65 60
96 54
94 50
15 10
86 49
52 7
92 24
35 29
73 12
22 20
18 5
21 16
80 53
22 2
99 97
85 13
98 17
42 21
22 16
98 92
31 4
94 2
90 13
48 17
71 65
27 17
75 73
70 17
89 53
43 41
74 49
74 27
12 4
84 75
11 6
9 2
10 9
2 2
19 6
31 14
66 58
73 14
55 44
95 85
20 19
80 25
81 58
72 18
80 59
46 11
26 17
43 2
88 64
89 52
63 56
94 89
23 5
27 14
90 90
35 23
44 12
29 25
69 25
78 76
29 18
19 13
86 69
17 8
64 35
90 65
81 12
43 6
37 23
93 51
98 88
44 39
25 18
12 11
70 30
72 62
66 59
40 23
78 3
14 10
77 38
48 40
80 5
85 27
77 28
54 10
92 48
59 36
27 9
10 10
54 35
51 31
79 23
17 15
13 2
64 36
75 36
63 7
92 12
82 24
32 8
13 4
23 21
63 19
75 31
44 21
74 32
80 78
98 19
67 25
38 37
50 42
90 51
24 18
75 71
29 17
20 5
48 16
94 26
49 46
85 6
52 33
63 12
14 2
32 29
43 19
57 4
29 21
33 2
29 23
41 19
83 4
33 7
79 50
9 5
85 73
4 4
41 27
95 9
56 53
2 2
19 9
69 64
39 20
85 54
93 16
22 21
68 53
41 13
42 30
4 3
34 21
49 25
46 15
25 2
35 20
49 35
15 12
40 38
24 4
21 11
73 44
22 15
98 10
86 35
24 3
2 2
49 8
60 53
31 18
100 31
24 23
47 16
50 42
2 2
32 11
84 40
69 39
12 10
12 12
43 32
17 9
33 3
49 13
65 13
58 38
56 13
77 23
99 20
14 10
99 58
80 36
41 6
35 2
70 47
62 42
45 32
24 15
12 9
16 16
7 4
48 36
62 40
43 5
30 2
23 2
87 3
45 44
16 8
40 23
31 4
73 10
46 29
35 15
89 87
65 23
75 39
49 42
15 12
15 10
75 24
40 36
15 12
41 41
7 7
70 53
52 10
56 46
55 13
80 45
14 9
94 17
93 64
50 41
47 19
9 5
22 4
80 9
97 38
59 57
31 2
6 4
100 73
90 25
6 6
7 2
57 49
76 53
15 2
85 84
76 50
92 69
45 23
75 39
94 94
54 6
78 53
88 25
15 10
15 5
98 10
100 46
88 31
76 17
24 22
100 73
57 14
39 33
76 55
84 38
84 70
3 2
29 21
14 11
65 2
7 6
100 65
36 32
14 4
24 20
95 9
98 70
11 5
55 39
13 10
37 37
30 7
45 43
52 28
5 5
53 13
20 20
22 8
85 55
81 36
99 6
7 4
98 7
71 25
99 71
65 41
90 64
48 46
85 62
20 7
59 52
87 23
30 21
74 67
62 19
60 53
2 2
24 2
43 6
11 11
36 12
35 30
89 17
76 24
91 51
76 13
57 22
73 15
47 42
19 13
83 30
3 3
38 5
45 38
78 35
79 30
21 8
25 9
48 7
53 22
24 23
73 32
7 3
82 37
74 48
47 21
48 16
57 53
51 6
99 55
21 18
58 46
62 43
86 42
50 33
66 58
77 50
76 38
3 3
41 21
8 4
24 18
54 11
97 39
47 34
48 47
27 20
89 76
85 38
44 40
25 18
87 16
40 4
41 10
10 7
71 21
77 30
62 42
45 13
35 6
37 6
70 27
98 67
87 48
26 8
24 15
71 36
26 20
22 7
13 11
50 23
33 26
7 6
89 65
75 32
6 2
71 56
60 60
49 5
74 23
24 19
100 97
87 24
16 7
79 60
10 7
45 40
69 34
12 8
11 4
86 26
13 8
88 76
77 34
37 7
97 32
13 10
51 3
12 3
87 81
79 22
11 8
15 13
73 59
84 15
33 9
48 28
14 8
8 7
8 4
32 10
30 20
60 17
83 26
45 42
96 91
93 63
14 12
66 43
39 18
97 88
65 9
70 41
33 25
12 6
27 6
32 29
23 7
56 39
66 58
53 47
7 3
28 12
19 2
6 5
80 2
87 41
7 4
50 9
90 33
18 7
18 11
22 2
70 9
25 16
29 8
76 48
94 55
40 8
98 63
9 5
54 20
37 9
46 4
13 5
3 2
77 77
89 67
15 7
74 42
42 35
32 7
25 8
45 21
22 11
4 4
9 9
37 14
27 18
86 29
82 31
52 40
81 64
17 17
64 42
21 18
100 45
96 46
37 27
68 19
29 19
57 44
96 58
48 11
67 28
67 15
12 4
76 48
9 8
71 50
81 37
45 30
4 4
17 11
79 74
70 64
10 6
14 3
33 2
3 3
8 5
54 43
52 49
9 6
89 87
20 2
64 8
25 22
88 5
64 56
18 8
82 63
47 36
88 85
36 24
94 13
73 31
49 6
42 5
90 71
18 17
14 2
22 6
75 37
27 21
83 6
75 55
32 23
46 45
16 12
23 2
60 49
41 10
27 23
31 10
76 39
10 2
24 22
50 2
78 45
13 3
50 17
4 2
25 10
75 54
3 2
39 14
15 4
92 77
35 29
43 18
58 43
28 9
93 9
44 32
70 18
4 4
30 21
24 19
68 25
38 32
58 45
99 33
98 87
3 2
28 24
14 7
94 23
86 52
15 7
27 4
25 15
62 11
90 13
85 82
60 37
71 15
69 22
94 54
36 25
39 15
4 4
77 9
28 21
22 20
52 3
38 24
99 55
3 2
89 61
25 3
70 64
23 23
66 44
66 11
30 17
33 8
91 81
55 27
67 23
5 3
89 70
11 6
60 28
3 2
57 14
48 8
18 4
45 26
40 37
44 4
38 2
79 41
11 2
26 17
100 13
52 49
25 11
70 44
27 2
74 22
2 2
60 60
35 29
66 3
71 4
44 37
14 14
8 7
12 2
50 46
87 72
79 30
92 32
36 5
28 19
52 50
74 21
82 15
91 19
54 7
72 21
64 33
77 77
98 94
35 23
92 77
95 61
89 70
53 14
2 2
63 52
75 3
87 74
18 3
53 46
23 22
86 14
77 7
4 4
38 4
93 13
70 34
88 21
37 23
33 28
2 2
53 48
76 12
43 35
15 3
11 8
9 9
18 13
67 53
5 3
34 34
90 70
46 41
26 12
69 45
14 8
28 4
72 53
39 20
16 11
21 11
51 40
82 7
72 24
46 3
47 22
29 27
31 24
23 16
22 6
80 2
84 60
42 4
50 3
64 16
99 44
24 3
98 56
66 18
75 21
13 5
35 4
99 18
68 21
61 8
28 23
33 19
77 27
51 32
24 4
22 11
90 55
57 18
61 40
58 24
54 11
94 53
97 2
33 10
29 25
79 2
91 90
7 5
15 15
44 6
56 49
69 2
4 3
36 28
84 16
78 61
67 53
100 46
31 7
33 15
70 51
7 5
85 22
74 46
21 2
96 76
23 16
86 67
68 43
21 20
10 4
40 3
92 86
44 34
85 69
84 51
11 6
47 44
49 46
89 84
68 17
13 9
90 87
63 10
91 35
42 30
4 2
20 19
10 2
78 48
37 33
77 42
17 5
16 4
76 72
23 19
15 10
25 7
10 7
48 39
82 71
58 44
58 8
99 41
71 54
97 59
81 30
24 17
81 73
27 12
69 24
96 75
54 5
35 28
44 33
99 68
23 12
56 45
73 15
13 2
8 7
70 50
45 4
41 11
63 60
40 29
14 3
55 9
94 49
73 8
7 5
40 32
72 2
92 85
4 2
68 64
80 6
6 4
45 39
68 59
35 15
26 18
33 30
19 4
75 70
86 18
7 4
67 41
5 2
40 15
58 22
15 7
36 32
41 34
41 4
38 20
18 16
42 26
5 3
100 71
14 3
32 15
37 37
89 62
100 55
12 11
95 8
18 15
16 6
13 9
30 3
87 12
76 19
45 26
44 21
65 35
70 45
54 52
16 7
61 27
55 28
49 16
58 30
36 9
87 27
15 4
5 2
76 57
65 35
61 40
91 90
94 87
37 29
67 3
52 8
88 87
94 20
10 3
14 10
9 6
67 8
40 40
25 23
86 57
29 9
62 52
83 8
39 15
54 23
43 16
15 2
41 8
93 31
33 24
96 38
63 49
61 16
39 31
34 28
87 77
84 42
2 2
23 7
37 32
6 4
40 2
92 27
23 21
58 3
74 59
8 6
25 7
19 6
61 8
42 21
88 73
68 40
49 12
67 34
37 18
94 90
69 32
99 25
2 2
67 29
18 5
32 7
77 58
9 8
55 8
67 5
62 61
60 44
73 14
41 7
92 89
96 52
17 2
5 3
26 6
89 69
87 3
4 4
44 21
31 16
56 23
12 11
57 33
88 51
71 27
6 2
91 39
36 13
79 47
72 54
32 26
83 35
24 11
99 92
94 71
87 39
40 28
32 22
3 3
42 14
10 10
94 66
3 2
10 6
99 75
75 20
54 52
80 63
8 2
34 7
21 8
99 28
40 19
5 3
74 73
53 33
100 56
3 3
70 59
46 25
89 10
41 32
85 32
2 2
7 4
87 54
8 3
90 32
47 31
20 11
87 52
44 10
79 41
26 12
32 10
63 14
72 72
22 19
70 9
70 5
87 72
25 8
4 4
44 17
22 22
22 17
74 8
27 18
15 15
39 18
47 11
40 3
75 25
37 12
34 13
99 55
86 33
89 42
91 65
5 3
53 27
5 4
19 9
45 36
28 7
42 8
10 10
86 49
66 36
72 36
89 46
92 91
15 9
9 3
47 41
48 9
87 87
75 2
39 18
15 3
85 21
31 23
48 14
15 14
53 28
68 66
60 44
95 9
48 32
6 2
39 11
52 48
70 47
78 70
46 16
100 20
24 17
27 10
71 56
27 8
89 9
32 25
45 11
4 4
54 17
70 69
99 79
14 5
17 4
54 48
15 14
40 40
8 5
18 12
76 2
56 31
98 19
66 56
65 17
55 39
53 28
59 43
25 5
61 38
87 62
97 20
13 7
19 8
71 34
87 38
29 11
84 37
61 54
99 35
64 24
78 14
81 23
83 65
45 20
25 5
83 19
12 8
71 64
78 59
36 21
16 6
99 44
90 75
69 48
68 7
32 6
21 15
86 48
79 70
42 16
54 27
5 2
13 11
56 44
55 12
10 5
8 7
35 33
48 29
19 17
22 5
68 15
44 39
61 48
33 9
3 2
71 27
9 4
95 79
55 38
12 2
24 5
35 26
21 18
4 4
29 22
47 19
90 84
17 4
68 28
31 23
65 5
18 7
11 6
10 7
20 14
88 30
14 13
94 69
60 31
6 2
23 8
56 22
26 16
63 16
11 8
80 24
85 76
78 10
95 18
30 10
36 36
28 27
55 55
79 20
8 5
63 62
35 10
98 27
65 52
15 12
95 7
2 2
87 80
16 12
47 22
39 6
82 2
33 12
81 48
20 9
11 8
5 3
98 71
78 76
17 9
75 30
12 11
23 5
13 3
7 7
36 4
33 25
60 36
38 4
25 3
100 39
92 45
72 40
63 61
37 14
86 60
39 15
76 56
27 2
25 3
35 29
61 34
86 81
17 14
9 8
87 22
3 2
86 58
28 10
48 23
29 18
39 10
43 30
64 5
92 72
10 6
40 24
33 29
58 14
39 20
59 59
87 37
44 26
72 65
52 5
71 11
87 59
78 19
32 15
78 41
94 84
58 31
97 91
77 71
73 38
31 21
88 11
71 43
85 72
52 40
69 35
67 56
100 81
84 58
93 38
50 3
45 42
83 72
68 54
8 7
24 15
77 45
73 47
67 5
78 35
21 11
64 64
52 32
23 17
30 26
76 18
80 54
40 11
4 3
61 5
89 8
56 49
39 30
92 41
8 3
17 3
8 7
41 11
17 13
34 34
80 38
60 35
28 12
42 27
88 63
87 14
5 2
83 47
57 6
27 15
36 11
61 19
35 15
18 9
34 26
80 32
36 33
85 75
9 7
80 80
42 16
19 15
92 23
15 7
78 74
76 2
24 6
68 16
59 58
20 17
63 26
34 19
19 4
82 70
50 39
10 8
73 38
87 61
62 19
26 9
13 8
72 3
42 10
90 22
18 4
16 10
92 40
33 22
56 40
54 4
83 39
22 17
72 49
57 8
22 15
76 68
63 28
77 11
7 7
18 18
65 65
6 5
67 47
70 57
27 3
23 11
34 26
51 46
92 50
23 22
37 8
34 26
26 13
56 44
45 11
24 16
37 9
79 44
15 7
76 47
15 6
13 9
60 33
81 12
63 53
69 57
2 2
21 21
60 14
22 15
83 32
20 20
3 3
46 32
95 52
7 7
55 29
38 30
73 36
51 36
65 27
83 26
9 8
26 13
31 4
60 4
93 41
30 25
25 3
70 40
64 8
13 4
100 86
56 37
30 15
94 50
43 7
42 10
9 2
34 18
25 13
18 3
87 11
69 15
100 56
12 10
9 3
54 20
43 28
73 3
27 8
42 22
34 7
94 28
22 18
26 11
80 7
31 23
18 4
25 22
49 21
97 72
69 56
91 43
79 16
56 56
77 2
90 63
22 16
10 2
55 33
8 2
24 20
9 5
41 17
21 8
94 47
79 47
32 8
6 2
41 8
15 2
6 3
21 2
59 19
46 19
15 11
81 44
79 27
91 73
95 38
48 36
13 5
35 3
64 31
3 3
40 31
78 16
23 18
22 8
86 9
47 26
18 7
57 49
100 39
27 19
36 27
23 7
14 3
20 14
9 9
43 31
76 59
66 58
39 14
37 22
54 38
63 15
15 11
87 5
39 12
47 7
28 17
16 12
42 42
91 91
48 4
83 42
48 8
82 80
22 17
88 24
18 12
88 24
79 4
33 15
34 22
74 22
82 20
76 43
35 29
68 56
23 17
59 31
70 9
67 19
79 78
99 93
67 2
36 10
60 46
21 17
64 22
21 5
22 14
38 30
81 4
41 8
72 56
77 54
51 36
5 4
36 18
84 72
73 41
50 41
87 66
62 35
26 17
30 13
84 69
30 29
17 4
8 3
6 4
94 41
91 59
39 26
85 75
99 23
82 21
48 42
66 66
35 15
66 11
88 83
78 16
89 13
28 25
51 34
48 3
51 38
85 81
75 10
79 12
68 8
34 7
66 65
83 54
25 20
96 67
90 71
81 68
67 35
36 26
73 10
94 50
83 47
61 18
50 47
68 54
92 14
60 34
2 2
83 21
89 75
21 6
73 68
46 5
51 28
14 14
37 22
97 76
36 21
40 40
60 56
72 49
75 11
16 8
82 73
27 25
7 5
48 7
93 70
7 3
25 9
51 11
7 7
50 30
66 23
36 27
34 13
98 41
11 3
2 2
10 2
15 13
67 64
39 2
51 11
84 84
68 15
77 45
66 5
90 54
69 3
68 45
60 49
12 10
93 77
41 25
33 17
47 17
99 34
59 15
24 11
99 43
16 12
97 80
14 9
97 57
7 5
78 40
88 58
87 62
10 4
38 33
4 4
81 35
86 29
26 24
4 4
71 13
80 20
80 9
25 10
8 8
94 45
71 18
70 68
47 20
58 8
84 82
5 5
4 2
48 17
32 29
31 3
6 4
88 19
17 7
36 31
68 11
45 17
45 13
47 29
52 10
63 25
82 21
67 56
28 19
100 35
92 2
48 22
8 2
4 4
61 12
97 65
31 12
8 6
3 3
91 77
63 34
16 14
68 54
78 3
38 21
15 9
16 10
29 22
52 29
15 5
3 2
50 15
29 9
16 6
98 20
37 12
28 28
85 59
83 80
32 5
5 5
28 19
85 15
37 29
71 19
48 7
52 28
12 3
12 10
11 3
22 14
89 50
22 6
43 34
50 31
24 15
27 9
44 15
54 51
67 52
84 12
14 5
55 32
56 4
11 2
88 59
25 13
33 28
61 50
9 5
25 14
81 18
85 64
92 82
74 17
46 6
63 30
59 20
21 20
64 18
90 77
12 12
94 48
94 94
8 6
57 15
69 48
92 50
94 52
28 20
55 3
31 9
13 2
57 25
80 59
2 2
68 6
68 48
28 26
91 15
5 4
100 64
96 45
76 71
21 19
42 13
64 62
28 19
20 20
47 27
99 3
99 97
48 20
42 12
68 13
72 34
12 7
23 2
83 41
42 4
76 58
52 3
21 6
57 17
29 24
23 6
8 2
86 41
4 2
54 14
52 45
46 33
87 45
11 2
41 8
100 41
55 5
30 26
8 5
29 6
54 20
86 60
27 25
56 33
95 18
80 19
79 16
24 6
48 21
11 7
44 2
65 47
26 2
67 16
42 28
43 16
84 70
24 9
43 28
87 17
54 31
51 31
72 38
65 55
91 18
77 2
48 35
56 16
68 41
16 13
80 64
2 2
90 52
58 10
64 19
78 14
55 4
46 17
46 24
44 7
20 15
32 13
96 55
49 35
49 43
88 22
38 35
96 69
71 63
38 17
45 41
17 7
68 57
29 24
33 12
82 61
5 5
21 17
72 32
56 19
75 53
12 9
52 52
22 7
13 4
78 38
21 12
63 47
67 29
59 46
34 21
5 2
99 46
57 13
92 75
45 25
70 13
78 56
41 32
32 22
70 22
8 4
90 74
10 7
54 12
22 10
67 2
25 11
91 26
9 9
21 17
32 14
56 8
36 34
69 40
13 10
57 42
16 3
58 16
26 16
42 10
80 31
3 2
59 55
49 29
80 19
89 48
23 11
25 11
81 2
82 39
69 27
85 6
81 76
79 48
37 16
72 7
70 66
32 31
26 11
98 94
32 6
19 12
67 51
26 23
54 29
2 2
79 62
25 15
86 78
73 67
75 10
61 4
76 75
35 29
21 18
24 4
60 52
68 39
34 26
66 28
89 82
41 38
52 48
15 9
2 2
6 6
46 27
77 30
38 10
89 71
83 5
78 27
17 8
44 32
93 75
23 18
2 2
66 24
16 7
23 21
30 22
81 16
15 3
47 7
61 44
32 22
43 3
44 6
61 5
74 46
65 16
71 15
88 33
89 23
100 95
74 8
17 4
40 20
37 5
83 47
36 10
67 25
31 29
60 29
95 40
51 45
24 4
4 2
44 21
33 10
27 17
23 11
33 30
96 3
12 10
98 68
60 14
18 9
97 38
65 50
42 18
30 10
80 10
23 10
29 6
65 32
58 44
91 42
28 12
88 36
57 26
4 3
57 21
86 33
37 4
96 92
65 37
30 20
89 32
77 30
58 2
77 63
36 10
61 33
6 4
5 2
52 5
38 21
17 4
81 57
50 20
8 8
67 21
22 22
66 10
97 81
26 15
94 10
74 6
12 8
54 48
10 8
7 4
11 8
13 4
4 2
93 29
34 28
75 13
52 46
16 16
59 52
10 7
52 16
19 18
80 18
81 8
61 9
4 4
76 18
27 2
18 11
31 17
97 48
25 12
31 22
45 23
8 8
42 38
3 2
5 2
4 3
9 3
10 9
33 23
100 43
66 40
81 41
69 23
8 5
64 5
49 14
22 14
87 84
5 4
21 6
28 28
46 31
82 51
40 25
40 32
65 8
34 6
86 57
6 5
14 5
79 76
73 12
74 31
42 11
92 60
74 61
57 20
71 42
28 18
88 85
7 3
63 36
58 18
47 47
97 30
64 54
52 43
92 78
62 42
89 88
67 51
65 8
10 6
100 72
83 11
38 9
29 22
74 20
34 31
12 6
5 5
53 16
31 31
100 87
76 8
71 18
57 17
47 45
46 26
25 8
95 35
81 80
63 59
36 9
23 7
92 4
76 55
27 24
77 22
72 37
68 27
4 4
57 15
90 67
17 8
51 35
65 26
58 25
56 45
26 24
99 31
94 10
93 86
7 2
3 2
99 32
79 59
72 69
34 8
6 2
62 20
97 6
19 15
18 8
85 20
79 55
59 49
74 69
68 25
54 27
60 12
43 25
94 68
4 3
16 14
8 4
25 6
98 16
61 15
97 18
89 20
89 20
39 23
47 26
73 24
88 82
82 11
80 49
6 6
40 35
3 2
46 28
78 8
29 10
81 8
74 2
38 19
19 15
14 8
55 5
42 18
28 24
27 18
82 40
60 15
52 27
3 3
92 48
57 45
50 17
64 36
30 7
3 3
29 29
13 5
99 58
39 2
19 11
76 24
71 54
13 10
39 30
49 31
24 8
85 32
23 2
90 17
39 9
33 21
27 21
44 34
91 16
31 17
7 7
10 8
74 48
90 52
81 67
71 35
27 24
89 61
7 5
8 7
81 7
63 61
2 2
29 3
47 9
33 8
24 22
72 2
12 9
52 34
93 17
94 33
6 6
27 7
89 25
59 34
88 63
76 24
29 15
96 68
46 36
62 12
43 9
35 22
38 15
46 9
42 35
40 8
45 29
74 32
46 9
43 16
96 75
57 38
13 5
89 69
49 49
38 14
94 60
64 13
30 22
23 16
10 3
54 36
35 30
11 7
62 57
65 53
23 19
10 5
56 46
99 40
5 5
69 7
66 28
64 47
28 17
52 19
49 44
91 8
87 26
87 66
69 20
45 2
2 2
52 9
20 3
32 31
30 5
96 34
45 35
23 2
36 29
6 2
41 25
20 19
90 5
34 13
10 4
80 76
77 39
10 6
34 33
29 5
30 14
21 14
87 14
24 6
22 15
57 35
82 12
85 50
42 17
52 10
13 7
24 24
99 93
80 62
86 8
58 57
49 32
74 35
37 33
30 29
17 12
99 21
23 4
77 9
45 6
5 3
77 42
24 20
11 10
6 2
64 7
13 12
49 31
79 56
