10000
30 28
45 2
48 30
7 4
28 5
3 3
22 12
89 24
77 32
59 52
5 2
27 7
85 40
52 18
53 44
67 56
33 7
4 3
70 24
40 4
80 35
65 4
39 6
40 14
53 37
87 3
5 3
82 59
44 20
22 17
52 45
96 19
30 7
80 61
85 66
2 2
20 19
52 11
31 15
32 23
15 14
90 18
79 70
75 45
12 2
49 3
74 60
25 19
38 25
8 3
39 29
72 24
4 3
29 18
15 5
57 57
69 49
28 9
56 18
64 32
37 14
21 3
25 16
4 4
37 27
26 24
81 61
93 24
88 56
74 44
83 14
27 13
35 14
9 7
26 25
85 60
72 66
49 23
60 30
62 30
100 28
30 29
56 4
79 41
18 2
63 59
81 18
83 57
46 46
55 46
84 58
48 34
64 60
13 9
95 30
27 10
7 3
52 43
29 20
34 17
5 3
49 41
87 44
88 65
77 48
27 4
21 9
22 22
34 2
86 65
73 17
77 71
73 23
38 7
70 18
92 77
32 31
57 54
44 25
18 17
20 17
79 44
5 5
8 4
31 23
12 8
65 60
61 10
18 12
12 5
15 3
22 14
28 23
62 15
16 5
95 45
46 43
52 15
52 3
96 35
16 9
43 27
41 31
4 2
15 6
52 34
77 39
37 25
61 30
93 24
14 11
19 11
33 3
5 3
72 49
81 76
65 37
43 35
58 45
20 11
38 35
75 74
49 28
38 19
29 18
6 5
18 12
4 2
10 8
39 16
67 4
16 4
55 16
70 19
55 54
68 16
48 39
11 3
14 5
3 2
85 57
90 69
95 64
97 64
51 10
53 32
32 5
14 12
60 28
50 3
34 9
27 15
46 31
95 69
48 37
11 9
26 5
94 53
95 21
21 18
14 14
53 19
95 73
21 8
83 57
50 40
2 2
75 25
90 32
34 21
34 26
73 24
20 19
2 2
100 93
42 33
87 82
29 9
80 44
72 24
15 4
29 17
17 10
42 28
68 63
72 47
34 10
33 14
89 6
50 18
28 17
32 22
85 83
8 4
2 2
47 21
55 12
87 83
43 27
81 15
94 87
48 30
57 8
80 61
73 24
16 6
75 11
63 9
8 4
13 4
9 4
72 46
63 42
93 74
37 16
43 6
25 6
99 2
93 37
21 18
79 45
58 23
87 78
57 43
12 5
22 21
56 22
77 75
43 7
11 6
77 34
90 86
89 25
85 81
38 32
8 8
32 10
16 16
31 16
8 2
54 43
79 18
38 22
81 81
92 69
69 24
48 30
19 2
100 15
7 2
8 3
38 14
66 44
11 2
94 47
69 45
20 3
67 55
24 5
76 44
43 24
25 7
26 5
42 32
28 7
2 2
54 32
86 47
5 5
90 53
2 2
98 32
22 5
80 72
18 15
73 17
8 3
58 22
80 54
6 2
57 52
17 4
92 9
71 50
97 5
81 78
10 9
59 4
14 13
22 3
75 54
56 9
16 9
99 9
45 37
86 75
56 27
70 19
89 71
100 32
36 2
23 4
98 54
41 15
94 64
20 4
86 68
28 14
66 50
10 2
87 39
63 7
50 3
59 36
99 22
43 5
27 20
33 22
53 25
41 32
4 2
98 51
75 27
23 20
57 46
69 37
97 9
5 3
10 3
6 6
5 4
11 8
47 44
72 14
68 52
58 3
9 8
78 23
18 16
77 66
73 39
14 5
99 77
98 29
58 9
98 34
74 25
52 30
60 18
80 2
56 32
23 8
93 92
5 3
24 20
18 6
28 8
45 37
11 8
47 13
64 51
11 5
71 67
71 10
41 32
51 22
51 48
96 40
94 74
31 23
38 18
31 10
45 21
78 61
12 6
71 21
8 6
23 14
80 60
79 21
80 79
45 10
39 38
60 44
52 36
24 16
27 11
47 42
65 27
20 19
6 4
24 20
84 83
12 8
79 43
72 13
39 39
48 35
52 41
67 50
30 10
29 15
21 17
33 31
57 55
76 21
71 6
18 15
60 28
38 10
22 5
24 9
64 5
42 22
45 40
3 2
25 25
34 19
14 3
81 68
30 20
34 20
10 5
27 7
87 83
29 4
83 61
10 8
15 15
17 8
24 9
29 19
16 16
76 20
34 2
22 7
67 46
4 3
15 4
97 66
59 26
90 52
62 18
66 28
65 65
5 3
70 13
23 23
39 15
7 4
90 53
97 27
76 56
92 10
85 27
95 72
26 26
100 46
61 15
32 18
89 48
75 12
30 18
51 43
30 18
54 50
68 7
71 43
10 8
33 11
2 2
18 17
37 12
86 36
6 3
35 15
89 10
36 15
70 66
12 7
11 8
61 45
16 7
37 28
77 38
94 78
89 55
22 3
29 19
18 9
96 72
35 13
37 14
48 26
52 48
92 40
73 26
8 6
4 4
20 20
42 25
2 2
56 14
67 66
8 6
14 6
16 10
23 3
20 9
98 71
41 33
83 30
38 22
69 58
95 59
6 6
99 99
45 3
14 8
4 4
8 3
7 5
79 68
9 3
37 16
12 10
66 10
64 5
53 38
47 39
2 2
41 9
28 20
12 5
96 37
53 9
33 21
37 31
67 45
46 43
74 26
8 8
9 6
17 7
95 49
9 8
100 10
74 29
62 59
14 12
15 6
45 15
62 23
29 26
23 10
78 3
75 47
61 26
83 14
83 41
99 79
18 16
59 13
44 30
66 4
30 6
59 59
35 32
56 45
85 25
12 11
39 15
53 28
84 61
69 42
67 4
81 68
63 27
95 57
90 70
73 71
35 29
55 48
73 70
74 29
81 23
46 9
63 21
90 74
44 3
9 6
61 26
32 3
30 26
21 12
3 3
91 69
29 11
62 14
8 5
80 65
82 24
7 4
18 6
86 4
15 7
37 22
72 21
41 39
98 32
10 6
83 2
52 15
78 55
62 57
92 24
61 38
55 34
62 50
59 30
68 23
55 15
53 30
85 67
10 2
58 23
42 11
55 29
61 41
46 40
100 31
84 6
20 11
86 82
62 47
5 5
74 40
20 16
20 10
58 20
14 11
40 17
49 41
100 45
65 16
49 27
28 10
30 17
87 86
47 43
61 41
85 67
88 33
100 6
92 24
67 6
11 11
54 40
67 28
75 32
39 21
13 7
5 3
19 8
94 82
4 3
36 33
98 87
6 2
85 49
61 47
4 3
4 2
24 24
14 13
54 30
15 15
46 10
38 18
89 82
29 25
19 18
27 6
96 16
95 24
75 16
38 17
94 69
36 30
22 17
23 23
43 25
53 4
66 64
28 16
12 2
89 67
51 15
38 16
80 11
51 35
91 59
98 51
81 56
79 64
34 31
10 7
9 2
55 35
16 10
26 21
28 3
91 49
96 91
37 10
24 4
69 67
97 58
94 66
8 3
92 31
83 48
12 6
90 23
38 18
21 16
30 13
29 5
8 2
64 55
55 38
78 28
29 2
65 61
17 14
53 9
45 23
77 26
25 9
76 24
88 19
45 42
48 20
49 19
80 48
71 28
17 13
51 20
25 8
21 21
73 56
24 5
52 3
2 2
43 37
27 4
22 20
60 17
6 6
42 15
22 14
31 24
39 13
85 51
22 22
57 14
53 26
33 19
40 7
96 82
36 26
92 3
11 6
51 51
67 26
22 21
60 41
81 56
15 9
10 6
42 37
63 37
79 63
95 21
22 3
98 34
37 31
26 23
68 28
69 58
73 41
5 2
23 16
86 62
76 22
59 47
7 2
53 21
80 30
29 18
39 15
40 25
72 19
69 49
53 22
62 52
69 40
38 28
48 39
47 15
44 38
13 7
65 11
78 29
65 38
40 11
3 3
49 8
73 68
96 39
35 30
73 70
69 54
59 48
8 2
19 19
48 48
80 32
66 32
74 33
77 51
96 10
11 11
50 36
11 10
42 29
12 12
13 13
17 8
66 63
96 54
94 59
24 3
91 6
45 21
14 9
65 60
97 64
2 2
63 31
72 62
13 12
97 43
86 61
82 60
30 11
26 21
92 92
70 46
48 47
7 4
7 3
58 24
44 37
30 9
5 4
39 16
93 50
47 47
43 17
66 7
11 10
35 34
56 21
79 15
100 89
55 2
35 19
90 11
56 35
20 3
86 7
14 3
13 8
72 71
34 15
8 7
88 75
62 16
66 49
65 34
14 2
81 13
100 63
89 54
27 13
65 60
46 32
34 5
88 6
55 45
29 7
80 74
57 23
45 36
87 31
18 10
100 78
46 26
48 40
46 8
68 30
35 8
29 11
30 12
41 38
35 27
59 18
63 19
30 14
78 10
34 30
78 11
6 5
67 18
42 33
85 38
24 2
50 45
93 45
95 24
39 25
38 31
28 21
86 29
80 9
56 29
62 38
23 3
75 44
62 8
48 18
84 59
39 9
19 10
7 2
18 9
65 8
2 2
58 49
44 32
84 14
30 10
95 43
61 59
17 9
18 16
52 33
54 49
49 49
65 40
19 7
88 26
80 40
21 14
86 79
6 4
78 69
50 5
94 43
55 44
85 66
25 23
82 51
69 29
91 13
66 37
59 25
51 5
59 26
48 48
74 11
80 34
59 12
95 78
74 14
71 20
63 21
97 74
17 12
39 31
52 47
44 42
99 65
42 31
25 20
35 18
62 22
65 26
84 71
15 3
17 7
57 33
27 23
37 25
75 53
53 44
2 2
61 7
61 57
85 68
3 3
32 18
45 33
96 83
72 62
2 2
29 18
48 11
67 34
2 2
86 20
48 27
88 46
96 57
49 35
33 15
78 36
47 33
72 52
86 84
55 43
73 52
26 10
19 4
48 33
49 15
45 4
12 10
92 46
69 39
64 57
65 40
98 93
87 4
60 28
81 18
72 71
10 9
65 43
20 12
98 73
36 29
18 17
25 4
95 81
85 66
45 33
61 59
41 9
47 41
4 2
9 9
65 50
43 36
13 8
53 25
4 4
47 44
4 2
44 33
11 3
62 23
14 3
87 38
56 43
2 2
40 22
30 21
48 27
34 9
100 5
67 10
38 11
83 3
32 27
48 47
99 34
21 3
59 49
21 6
31 19
72 64
73 49
12 10
42 17
88 82
45 21
50 15
66 33
98 28
81 8
67 66
96 23
76 73
78 5
84 81
78 68
50 35
74 40
2 2
65 8
94 58
29 28
36 35
43 40
91 91
44 33
20 14
38 21
48 31
81 37
82 54
19 3
13 7
80 79
23 11
89 41
56 48
43 35
81 38
37 8
89 28
90 69
22 17
9 3
54 21
45 38
94 59
45 22
20 7
42 18
21 15
83 45
18 18
21 13
48 41
7 2
2 2
46 37
48 20
37 32
94 73
13 11
81 73
40 20
6 5
88 87
5 2
35 5
40 34
4 2
78 74
59 29
70 39
61 53
83 18
29 28
3 2
24 23
50 43
88 41
45 5
4 2
18 10
80 40
24 14
29 18
20 19
86 3
61 56
82 70
18 17
5 3
35 24
2 2
18 8
36 23
41 7
9 4
84 75
12 11
28 10
88 54
83 75
17 3
85 21
64 12
63 20
33 15
23 18
19 14
19 5
59 24
83 49
38 17
75 10
16 13
39 31
82 49
73 52
63 41
24 14
45 3
66 44
55 4
38 17
61 14
97 90
83 46
44 4
34 17
83 37
18 9
2 2
94 87
86 26
99 65
44 3
30 9
66 24
73 23
80 77
81 63
4 2
19 19
11 10
6 3
94 62
26 13
42 26
46 11
83 78
7 7
25 15
49 44
37 32
9 7
49 38
98 44
9 5
53 21
58 28
75 40
29 24
45 18
61 21
13 2
30 17
62 19
32 16
70 18
74 66
96 73
59 2
57 43
31 20
47 22
43 35
15 10
29 17
70 60
59 30
78 50
72 12
39 4
88 32
86 23
67 44
50 33
66 38
27 4
28 3
22 13
38 12
67 19
13 13
74 51
76 20
11 10
4 4
24 5
58 26
16 12
51 3
55 13
54 27
85 72
74 29
59 23
56 32
67 35
79 6
15 5
81 49
73 61
27 16
6 2
91 46
72 58
13 11
87 22
35 26
24 10
26 25
31 31
85 76
50 33
33 7
27 12
88 86
38 17
91 64
92 7
9 5
8 7
20 5
95 31
78 59
12 2
72 69
81 56
66 7
100 60
29 23
89 7
23 21
31 9
98 81
12 4
17 7
98 40
98 12
76 7
24 2
32 5
96 30
16 11
26 19
87 50
40 40
71 23
79 32
33 10
42 30
75 47
51 18
6 4
85 16
29 8
97 43
46 2
45 19
29 3
49 39
46 16
78 44
2 2
86 39
4 2
33 2
73 30
99 71
39 23
80 80
54 28
66 5
70 35
40 14
18 4
90 59
78 61
32 5
41 31
95 82
16 5
80 48
68 54
83 39
92 91
18 7
43 27
54 15
75 12
43 17
40 30
62 55
41 37
81 42
11 3
45 2
91 5
81 69
13 4
93 2
27 4
66 45
18 5
72 71
69 13
62 44
84 34
75 6
98 19
30 9
63 20
2 2
54 5
84 64
61 38
3 2
28 9
34 22
20 17
43 35
97 14
86 44
88 27
69 39
29 18
27 26
82 70
60 2
18 11
31 10
58 49
17 13
77 8
87 64
5 2
17 8
89 58
22 16
45 45
41 6
47 8
32 22
71 55
15 11
10 6
67 8
79 68
24 4
24 4
4 3
76 56
19 5
70 30
55 4
83 33
98 38
6 3
51 46
47 33
17 4
82 69
62 33
61 45
11 6
70 8
64 24
99 37
27 11
32 23
66 59
47 19
95 88
70 25
30 26
34 7
87 46
38 33
19 12
13 12
39 23
98 63
73 49
53 38
6 4
91 21
11 2
98 7
84 16
44 35
2 2
41 11
76 49
79 21
62 39
21 7
52 25
4 3
69 55
52 50
19 4
4 4
54 9
61 53
87 56
26 5
10 6
84 53
49 3
100 36
52 29
16 5
51 40
76 68
83 40
38 36
87 31
19 9
79 79
2 2
55 37
11 3
44 15
53 19
53 23
38 37
82 70
18 18
94 33
86 71
81 5
47 28
61 24
100 59
91 36
64 39
54 22
19 19
75 41
79 40
52 15
94 32
98 23
49 6
40 31
46 4
10 6
13 10
88 6
21 8
76 2
37 2
4 4
78 77
9 3
32 13
9 2
81 15
39 8
80 53
15 3
46 23
32 12
34 3
17 10
47 41
66 24
27 14
97 35
60 27
71 44
23 8
14 6
52 46
18 12
67 67
91 13
90 37
63 28
24 3
22 7
43 23
28 10
14 10
29 3
43 11
8 2
66 38
57 16
68 54
83 41
2 2
54 24
62 58
12 4
56 45
37 18
97 42
96 96
26 8
2 2
72 50
72 53
83 8
57 56
58 34
53 9
60 23
15 15
57 13
20 3
24 15
94 65
66 15
66 11
35 2
65 4
19 3
83 45
22 8
60 15
34 2
61 13
68 35
72 4
50 20
52 29
92 76
55 8
30 6
70 53
32 29
39 9
37 15
23 14
24 24
12 10
16 10
35 33
53 38
25 7
41 39
49 2
88 40
8 7
36 20
30 25
10 5
70 19
2 2
48 25
58 25
73 45
37 33
94 14
3 2
69 49
14 6
3 3
69 51
40 25
86 19
35 18
51 36
6 6
88 27
27 25
13 10
88 13
80 47
24 22
36 4
31 27
89 54
97 4
12 4
68 52
91 60
51 17
12 10
78 75
93 75
32 26
53 44
46 16
42 31
70 53
33 30
63 59
56 46
65 23
94 26
66 38
16 12
8 8
95 30
91 8
26 21
70 15
71 2
75 65
14 6
74 3
34 17
89 23
27 18
76 70
28 7
7 4
20 5
97 88
50 48
76 31
32 11
30 29
95 47
5 3
66 54
69 20
11 6
8 4
69 50
19 17
82 18
32 25
89 59
36 18
71 69
34 22
54 32
45 8
10 3
8 2
13 2
64 61
66 19
97 13
100 90
61 39
60 52
42 14
19 4
72 68
98 66
11 9
19 18
2 2
92 60
28 15
16 12
8 7
64 64
38 21
10 7
77 46
53 37
24 4
56 20
49 42
49 5
23 11
72 41
49 23
49 41
90 42
10 10
7 2
29 25
53 41
64 23
63 32
55 19
5 5
46 10
2 2
54 31
97 23
91 66
100 60
4 2
83 60
78 25
8 5
16 4
37 18
57 44
78 32
21 3
98 39
58 11
12 5
35 35
95 14
85 11
4 3
70 8
88 10
89 85
62 41
12 9
24 14
7 7
17 7
65 16
31 19
70 25
30 23
3 3
71 43
23 9
28 16
94 15
21 19
48 37
15 6
23 13
93 35
68 36
94 70
35 20
72 5
44 30
94 78
41 22
13 10
63 5
36 33
24 15
89 22
84 19
73 67
98 71
95 14
81 16
4 4
37 31
92 86
78 76
54 15
82 15
60 34
50 47
66 55
95 6
66 64
25 10
80 19
8 3
78 27
93 71
46 34
10 6
72 7
85 69
62 16
3 2
99 17
81 8
38 18
49 32
75 2
21 4
100 51
50 32
77 50
7 3
29 8
81 25
67 6
68 36
36 31
96 44
98 55
63 46
46 45
14 5
28 23
32 29
91 61
28 2
39 6
89 80
64 62
24 18
73 10
2 2
56 22
90 27
99 52
68 16
37 29
79 38
5 5
31 10
86 67
62 30
55 38
65 35
74 40
86 26
56 35
97 75
55 26
83 80
15 11
12 4
62 20
38 20
73 28
98 86
29 17
76 29
87 25
36 2
28 14
62 59
56 54
64 56
70 64
23 6
26 3
29 27
25 4
42 6
71 20
41 9
79 23
54 19
38 17
46 35
45 18
63 47
95 2
6 2
32 11
58 30
2 2
27 16
33 17
5 5
23 20
89 89
50 10
69 43
13 13
89 19
51 46
74 31
83 43
51 2
5 5
29 14
10 8
33 22
58 52
70 20
22 9
42 29
75 70
10 8
99 79
73 43
52 4
99 58
57 56
67 25
75 23
88 57
58 35
46 5
24 13
44 38
61 26
92 27
65 14
12 7
15 5
71 44
100 23
74 39
94 54
75 54
65 55
27 9
30 4
15 4
29 12
62 17
50 18
2 2
11 7
31 15
32 24
94 85
100 33
36 32
19 6
63 28
18 8
77 33
19 15
71 47
94 46
92 2
9 2
72 67
90 75
78 70
53 4
67 22
61 25
41 16
64 39
15 7
52 15
46 33
35 4
44 14
6 2
22 21
44 9
69 44
52 9
2 2
9 7
63 45
72 71
60 57
81 38
39 12
27 17
46 16
70 37
69 9
69 12
10 2
91 70
29 3
48 23
33 30
98 68
98 53
99 55
100 12
90 28
12 10
59 2
34 28
62 8
96 38
68 58
76 46
56 27
83 82
36 34
12 11
80 41
27 11
2 2
83 78
81 22
75 23
6 2
56 2
18 9
83 20
37 16
32 10
59 58
15 8
54 26
62 21
69 20
10 10
100 85
90 57
89 9
15 8
28 19
61 34
72 48
71 3
15 7
59 59
4 3
6 2
87 80
86 11
50 23
51 41
41 18
64 19
90 5
6 3
51 29
87 84
89 47
10 9
34 4
89 75
9 6
59 24
31 7
30 4
7 2
63 62
2 2
66 39
88 13
37 3
23 7
34 6
61 40
3 2
8 8
97 20
51 34
91 18
55 37
86 14
80 60
13 9
25 2
72 53
16 16
23 10
95 55
72 15
49 16
21 17
37 12
19 8
19 9
56 16
53 17
23 3
29 4
4 4
46 18
7 6
33 5
15 10
15 9
64 63
60 41
60 29
33 27
66 18
16 11
73 51
23 3
66 30
4 3
36 34
64 25
25 19
29 8
89 65
48 19
61 47
54 42
83 14
82 69
38 38
16 2
76 15
14 11
63 62
19 17
23 8
13 7
26 11
91 80
32 16
97 59
17 14
36 18
49 3
24 9
92 11
50 4
7 4
10 6
74 32
70 15
97 83
6 3
16 5
66 28
98 50
99 86
86 23
10 6
70 39
59 32
95 15
20 6
2 2
87 27
79 3
82 24
77 50
4 3
44 40
68 57
95 12
13 7
74 14
8 5
68 68
95 22
39 14
83 44
24 7
29 2
48 33
66 59
63 47
19 16
79 52
70 17
83 81
88 10
28 2
3 3
19 8
62 48
51 28
86 4
3 2
38 38
23 10
3 3
76 61
68 58
34 18
3 2
19 3
54 9
43 2
83 79
93 14
52 15
74 13
27 20
51 14
41 6
36 21
100 43
80 5
21 11
39 10
7 6
25 22
88 10
18 13
9 5
31 25
51 45
99 3
77 23
32 29
40 38
51 28
27 22
76 43
79 6
86 32
69 5
50 44
34 22
23 14
53 30
24 24
79 48
90 71
39 20
21 7
18 11
34 31
18 11
3 2
11 4
41 41
47 11
68 67
55 53
77 68
44 31
3 2
50 3
13 10
36 10
89 31
74 3
28 6
67 3
40 15
45 16
16 3
66 23
61 37
5 5
90 39
83 71
93 7
69 68
68 44
14 2
88 83
49 19
90 37
68 22
77 32
35 11
67 48
40 37
24 12
33 3
97 76
84 33
48 12
77 24
15 5
53 53
40 21
98 77
69 36
71 14
70 12
9 7
71 21
39 14
100 47
78 17
58 37
6 3
43 39
49 45
58 39
68 35
16 16
89 37
72 58
96 18
29 21
75 42
35 10
45 41
8 4
19 14
58 17
17 11
92 48
40 22
7 6
55 39
71 18
93 36
68 55
51 43
100 51
49 9
96 41
27 11
11 8
78 31
32 12
74 37
36 9
11 9
99 17
26 15
99 17
87 46
28 12
12 12
46 37
37 32
55 45
40 31
59 42
45 36
4 4
46 35
50 38
85 61
95 77
62 8
77 39
17 17
82 31
54 23
75 71
68 25
12 4
22 7
69 4
87 9
12 4
33 14
83 69
52 43
55 3
74 66
31 17
85 22
24 9
70 6
12 4
89 34
16 6
26 12
53 3
79 14
72 17
59 10
46 6
79 74
70 61
30 23
29 22
78 73
34 12
92 70
16 12
86 16
60 39
75 24
89 56
58 36
45 13
36 22
49 31
53 39
23 23
95 39
77 52
44 40
38 18
11 10
44 23
79 4
28 27
80 43
41 37
25 11
38 8
90 18
53 18
81 34
67 56
8 5
78 49
65 31
51 45
84 39
49 26
64 56
33 18
91 60
49 5
3 3
32 22
44 18
73 2
24 21
7 5
19 16
59 38
47 15
8 4
19 4
67 17
88 9
79 42
5 2
97 65
49 29
68 48
80 38
79 75
45 16
17 7
22 17
55 38
29 29
85 4
100 92
84 74
92 68
3 2
97 2
20 2
44 18
49 14
94 90
49 10
73 63
63 19
67 64
44 20
72 32
81 27
74 73
29 7
51 19
40 17
35 17
4 2
14 10
78 43
39 31
56 23
100 74
84 37
92 30
53 24
15 9
94 35
30 9
8 6
3 3
19 18
10 10
91 41
94 6
79 56
77 77
29 12
70 35
67 42
87 6
23 18
45 26
84 46
80 47
53 36
49 16
68 20
43 5
63 24
57 24
7 7
19 18
91 15
2 2
100 75
17 12
2 2
45 11
71 19
14 6
81 33
44 6
37 14
26 23
65 4
77 37
17 16
30 2
6 2
36 12
75 10
44 33
92 54
43 36
77 14
29 23
87 14
87 73
46 3
7 7
28 17
82 52
56 56
59 11
46 13
78 7
72 14
32 5
94 36
7 7
44 21
70 54
50 4
89 38
7 2
91 26
89 69
5 5
73 35
13 2
8 3
68 2
62 2
83 3
44 15
21 6
44 17
23 22
27 16
77 46
90 86
27 18
43 39
57 55
36 21
42 23
98 97
26 25
88 32
76 15
32 27
80 17
23 18
70 26
6 2
18 13
100 71
46 39
77 73
99 49
55 29
80 12
23 20
18 16
55 45
29 28
45 8
56 18
45 21
54 54
7 2
24 12
42 32
40 16
48 36
14 9
90 54
19 6
80 75
33 25
85 80
58 13
66 16
12 12
77 3
3 3
34 3
2 2
39 2
81 12
65 41
4 2
4 2
47 31
9 3
53 18
46 15
39 27
45 2
45 18
6 5
26 19
34 10
9 2
18 16
88 68
18 9
49 19
87 18
100 91
58 43
24 2
93 88
45 21
97 42
64 23
59 47
79 6
15 9
78 38
36 7
78 44
78 2
81 75
66 48
26 18
99 95
25 23
45 32
37 13
53 33
94 19
16 12
59 39
85 75
37 24
41 37
38 4
4 2
66 58
71 7
97 8
75 55
29 27
49 30
16 4
49 31
42 26
55 45
77 51
5 5
4 3
12 5
41 38
12 9
33 12
2 2
19 12
7 2
2 2
44 4
40 33
19 7
59 38
59 30
28 19
15 8
90 67
87 44
31 28
51 24
4 2
51 49
21 7
69 38
72 27
12 2
96 3
50 12
67 31
99 66
79 6
25 20
73 37
39 5
9 3
49 6
93 68
57 36
63 10
93 30
34 11
12 2
71 28
10 6
17 12
67 54
12 8
40 14
33 15
39 10
74 10
99 45
23 20
59 15
92 65
30 2
43 14
76 67
37 18
36 10
97 74
9 4
62 55
61 40
72 56
79 45
85 84
10 8
34 25
45 35
78 68
100 83
49 45
40 20
48 28
17 13
63 47
65 12
26 3
15 13
87 10
13 5
69 64
94 9
62 14
75 72
53 22
36 24
65 48
56 31
34 20
24 17
72 56
34 12
38 21
93 22
67 62
6 6
11 4
65 6
48 8
100 22
31 21
91 61
39 5
39 16
64 16
37 9
6 3
2 2
21 7
28 7
18 2
90 12
23 4
17 3
54 9
3 3
54 41
60 42
40 16
5 2
37 20
49 10
49 23
45 12
95 69
20 14
14 9
96 48
47 18
23 20
77 31
65 47
23 13
77 61
72 41
100 86
8 3
32 3
40 3
72 57
41 30
91 16
6 2
89 40
65 31
41 21
66 11
21 12
65 19
98 55
21 6
93 83
2 2
70 42
79 14
93 60
6 3
49 29
78 41
78 21
46 4
37 15
16 3
45 33
79 9
51 38
29 24
23 10
31 2
57 9
73 43
67 24
95 70
36 27
27 20
21 17
86 11
19 13
2 2
33 23
79 70
24 10
38 30
18 3
48 21
81 39
79 14
66 38
16 10
9 6
34 16
88 22
70 29
73 50
34 29
11 3
32 17
94 40
7 5
39 34
92 79
16 6
89 7
12 4
99 86
3 3
92 33
2 2
5 2
83 44
86 53
77 7
37 36
3 3
45 37
78 33
32 21
41 34
30 9
27 9
79 9
78 47
100 42
53 28
30 14
16 5
67 55
10 10
76 67
100 86
97 90
47 44
74 53
34 18
78 76
95 13
4 4
22 14
8 5
84 2
39 33
16 12
65 14
98 68
48 2
8 6
2 2
70 18
15 2
84 72
18 18
91 49
3 3
15 2
10 8
80 15
29 13
13 11
45 42
13 7
3 3
39 16
29 28
80 8
6 3
32 19
53 41
3 3
52 44
6 4
83 18
45 8
49 19
3 2
64 39
35 21
94 32
6 4
73 45
94 79
40 11
99 34
94 66
94 32
97 73
68 22
11 8
84 79
7 7
7 5
44 37
26 16
19 19
85 22
92 79
37 14
68 17
77 16
4 2
64 37
54 39
43 38
95 11
36 24
54 34
13 5
86 40
60 21
98 77
40 24
78 14
17 6
69 43
51 19
76 57
81 18
24 22
95 44
76 40
27 14
96 71
5 4
52 28
90 20
85 39
39 26
74 24
21 13
21 20
32 21
72 60
64 47
95 20
87 13
84 65
4 4
84 68
91 55
41 22
13 12
59 2
7 5
41 22
67 10
58 25
97 24
15 15
16 10
11 4
76 25
85 71
39 8
38 37
20 5
46 38
13 5
28 4
34 34
78 78
18 17
16 5
51 11
49 24
5 3
56 13
57 23
26 21
100 26
76 56
90 87
48 2
37 10
98 89
78 28
62 28
53 31
27 19
33 29
96 94
84 14
47 39
9 4
40 33
41 6
6 6
100 94
26 20
34 13
77 60
11 3
90 54
73 15
12 4
38 5
18 18
98 46
10 9
6 4
2 2
73 12
2 2
43 21
46 3
42 7
57 47
51 43
95 76
92 84
31 18
57 55
61 14
10 2
16 8
31 22
89 28
59 46
68 50
19 14
27 10
89 28
30 8
4 4
73 35
15 4
32 22
77 66
27 2
36 36
7 7
51 47
17 2
33 7
38 9
71 67
9 8
89 34
57 16
68 2
71 42
63 33
90 28
93 58
8 4
90 39
23 14
70 45
77 36
31 20
30 6
23 13
8 3
33 21
87 4
12 10
42 35
34 21
23 21
72 41
31 28
13 3
62 2
47 47
12 6
67 9
16 16
79 48
33 26
100 67
39 12
67 32
43 11
83 79
61 20
100 58
46 6
78 51
51 25
48 20
41 11
41 5
100 51
84 16
45 28
87 36
75 14
11 9
71 24
70 67
78 14
49 27
8 5
48 9
56 43
82 77
62 14
58 18
13 12
48 36
51 3
8 5
83 36
9 4
70 33
2 2
34 25
14 3
92 59
31 25
19 5
9 4
24 6
39 35
84 81
93 91
39 28
7 4
95 40
70 42
76 35
57 18
86 69
98 65
12 10
38 20
62 42
40 20
9 6
52 49
100 3
23 16
31 7
90 58
2 2
42 16
48 27
7 7
23 20
91 85
98 25
70 38
67 9
15 3
34 3
39 27
21 11
51 47
83 54
26 7
3 2
54 41
49 13
22 6
99 45
18 7
62 27
2 2
2 2
9 2
68 25
31 28
45 15
43 27
75 43
11 8
16 14
57 49
36 27
64 25
60 52
57 15
22 11
54 38
73 50
52 7
85 84
61 12
72 6
76 52
20 16
16 15
98 74
73 46
58 46
97 11
6 4
97 4
43 22
64 41
48 17
71 9
81 40
41 25
88 7
25 9
52 29
89 65
25 14
62 23
29 5
75 11
89 41
11 6
72 60
75 59
90 25
30 28
86 66
78 10
49 4
70 65
42 41
53 3
79 47
91 81
54 26
53 33
69 61
6 5
3 2
45 24
23 13
17 14
24 2
6 6
38 6
78 34
93 44
59 51
92 55
30 3
45 26
6 6
43 20
46 17
66 10
21 7
95 88
46 8
39 23
11 5
96 63
52 49
91 31
79 34
6 6
8 6
64 30
80 49
66 60
33 17
54 28
11 9
99 70
28 3
94 9
100 10
94 37
49 41
96 88
29 27
47 2
27 16
50 38
15 14
64 60
22 12
96 6
83 81
100 42
80 34
63 15
14 5
71 44
64 33
33 20
71 24
44 40
68 26
51 5
19 7
90 25
6 5
58 52
10 7
87 5
64 54
81 40
8 5
65 64
47 28
6 5
72 38
52 4
55 50
62 33
80 8
85 37
32 28
38 5
50 13
24 18
48 42
61 35
25 7
60 8
14 2
95 26
29 9
55 27
31 15
100 25
31 21
100 8
56 38
57 57
67 59
43 42
9 6
25 18
44 15
51 7
76 58
47 29
98 60
36 27
52 4
18 4
91 6
62 32
76 74
42 13
84 7
7 7
82 82
70 27
99 70
61 12
14 12
56 55
29 18
6 2
42 3
46 11
44 10
78 19
69 44
41 40
15 2
5 5
38 29
59 52
62 38
30 7
30 24
53 24
40 6
33 14
20 9
35 2
43 20
3 2
8 2
66 30
3 2
67 66
57 15
46 41
17 14
8 2
83 70
73 18
13 12
27 17
71 8
44 36
62 3
41 20
89 43
93 34
94 18
29 5
88 8
37 22
38 18
73 60
41 39
33 27
76 75
42 27
95 17
38 9
77 57
45 13
96 44
91 50
97 95
76 12
64 2
55 44
61 60
51 18
24 13
24 2
86 43
44 44
12 11
16 13
83 53
94 2
60 17
63 50
9 6
83 24
66 36
63 19
53 22
76 25
90 25
48 35
52 6
15 5
81 22
28 22
89 32
97 49
66 50
5 2
27 7
93 18
89 23
41 15
82 11
83 55
83 66
95 42
50 6
18 15
4 3
59 27
12 5
44 43
55 7
34 29
12 2
25 23
66 6
49 16
95 77
23 4
24 15
37 9
35 2
91 56
15 14
58 55
10 7
57 56
5 4
16 16
83 11
19 8
54 34
12 10
24 10
15 5
46 36
65 18
92 13
85 6
23 11
66 24
33 5
83 29
30 22
54 15
64 3
62 51
36 20
29 25
76 3
78 45
51 10
61 29
69 29
65 37
27 6
18 11
4 4
73 3
88 16
12 12
25 5
70 13
3 3
81 50
35 26
20 5
77 64
33 30
43 36
8 5
68 22
23 8
92 54
100 9
46 10
49 41
79 76
40 9
29 11
84 75
13 12
15 10
18 9
18 16
52 14
35 22
26 24
43 21
2 2
43 11
64 2
44 20
3 3
2 2
97 21
58 33
71 54
67 25
61 43
34 9
78 76
10 5
74 4
33 10
76 37
48 33
100 22
96 31
88 79
9 6
5 4
62 44
16 5
68 58
63 40
22 10
40 25
93 3
84 6
52 17
11 10
74 38
67 50
99 71
74 11
19 7
54 14
15 4
41 10
90 10
46 22
97 59
69 66
64 11
81 11
12 2
59 29
55 23
84 4
80 6
17 12
13 6
5 2
32 16
73 4
81 76
45 3
29 20
59 49
69 60
98 38
98 97
49 19
64 34
27 20
59 19
4 2
5 4
23 15
59 39
29 27
99 26
4 2
59 32
63 36
26 10
24 23
92 18
39 26
4 4
65 54
90 32
83 7
32 7
88 33
11 8
96 64
90 63
61 23
13 13
25 22
67 35
70 3
25 21
65 16
33 14
66 46
10 5
36 12
7 4
89 43
6 2
55 13
69 4
12 6
89 21
60 13
96 56
30 30
61 61
8 4
52 2
63 50
69 7
43 3
11 5
10 2
27 12
73 72
38 24
28 20
41 10
5 3
45 42
8 3
72 23
77 24
7 6
15 5
3 2
76 49
66 36
17 2
91 23
22 13
97 58
54 29
53 9
37 29
72 69
46 31
80 42
5 5
82 38
75 3
36 24
27 23
70 11
86 7
68 30
44 10
19 6
84 66
46 9
14 3
66 65
13 3
13 8
92 33
64 24
66 29
13 5
70 22
2 2
49 6
31 20
61 50
59 55
38 27
50 19
35 30
14 4
71 68
77 55
92 27
24 11
63 12
86 17
89 24
84 49
72 71
5 4
26 7
17 2
88 30
25 24
20 13
59 58
52 24
99 34
99 34
32 4
50 46
4 2
11 11
54 16
78 13
61 42
75 24
64 8
76 19
86 28
89 76
17 3
11 6
44 2
69 60
58 17
24 22
57 20
21 14
4 3
15 14
82 28
42 17
56 2
9 9
80 39
96 12
58 33
98 30
22 3
76 58
100 67
60 29
50 11
26 6
13 6
78 60
26 6
14 2
75 36
47 43
91 12
13 4
83 5
34 27
37 14
68 36
44 42
48 26
3 3
5 5
2 2
9 4
42 20
68 30
91 81
20 20
80 6
53 45
21 18
19 10
16 13
12 4
55 20
26 20
45 7
67 59
48 20
82 7
4 3
3 3
73 9
22 12
100 78
81 31
68 6
34 25
48 13
87 55
5 5
4 4
42 42
14 2
29 2
2 2
59 54
86 51
47 33
3 2
28 2
63 6
81 17
15 10
29 8
13 10
16 3
70 33
63 21
63 40
78 63
6 4
38 19
79 27
50 35
20 3
43 43
25 22
44 25
63 37
75 14
60 23
28 17
40 35
30 3
20 13
30 2
18 2
45 38
43 8
7 3
44 42
20 15
94 3
68 66
65 59
27 7
39 3
9 5
93 87
27 25
36 17
16 15
28 12
37 2
99 94
57 8
13 4
95 8
90 87
36 36
44 33
69 68
14 2
95 31
95 77
44 20
25 22
55 12
34 20
5 2
61 31
65 15
42 9
30 11
62 14
16 14
60 36
40 15
56 48
54 8
19 8
23 4
43 42
8 2
47 16
3 2
13 8
28 12
20 13
17 15
20 13
75 68
58 51
98 83
52 51
37 13
61 53
97 72
54 10
20 15
45 26
49 10
87 14
94 45
13 3
84 13
5 4
81 18
78 51
51 17
65 14
66 61
75 27
90 69
36 26
66 30
43 9
84 84
91 52
31 20
13 4
83 7
19 10
29 29
28 23
84 9
73 68
34 18
63 33
92 58
56 14
91 37
98 67
54 11
62 22
72 28
66 7
28 20
95 70
29 26
80 37
90 38
32 32
48 16
28 12
29 5
43 5
68 59
60 36
26 19
27 19
12 12
98 64
54 5
29 12
16 15
6 6
83 76
40 14
16 6
34 33
59 16
27 26
97 66
89 35
31 22
73 18
99 95
89 58
16 12
73 65
57 30
45 4
82 17
86 14
43 31
6 5
77 22
57 44
67 25
3 3
64 23
33 13
97 5
32 31
35 22
85 30
73 56
14 4
87 74
91 90
64 10
58 57
29 23
85 30
76 45
24 8
55 13
73 58
54 37
80 65
22 18
12 2
30 21
74 39
86 18
94 36
13 5
61 37
93 18
94 34
11 11
44 33
14 9
18 7
34 29
20 2
26 18
100 32
33 24
22 9
36 33
49 5
38 12
10 8
15 10
28 7
14 5
96 17
96 46
9 4
95 74
26 22
43 13
20 17
75 54
35 33
27 4
86 7
71 43
94 60
29 13
89 15
69 9
6 2
82 72
8 3
31 26
5 5
91 55
39 17
20 20
47 18
67 5
81 80
89 25
73 15
65 9
73 18
19 17
96 25
2 2
20 8
72 17
94 13
53 33
100 93
86 68
58 33
34 28
98 2
80 52
99 44
58 53
87 6
61 47
44 9
43 36
11 10
80 2
6 6
3 3
25 14
65 58
76 34
21 11
22 2
77 40
52 10
35 21
18 2
7 4
7 5
52 29
65 12
85 61
44 40
78 11
34 31
4 4
23 14
3 2
20 8
25 20
6 6
74 20
52 17
69 56
39 14
33 7
12 12
34 34
53 15
24 14
81 33
36 20
56 18
18 17
10 10
54 2
2 2
2 2
10 9
86 7
4 4
12 5
27 21
42 38
72 8
63 24
23 11
78 57
89 16
51 18
98 14
25 24
36 13
93 57
41 24
70 51
88 31
78 16
89 4
54 43
66 63
26 14
62 19
63 51
15 5
56 24
66 32
66 32
13 4
90 57
16 13
73 13
94 61
4 2
80 25
43 32
66 47
34 4
76 73
51 46
37 28
4 3
53 13
7 3
90 90
67 39
76 60
47 5
31 11
5 3
29 23
51 29
29 6
73 69
32 12
72 53
28 28
86 47
60 28
20 5
53 22
50 44
55 47
88 86
73 20
91 49
78 63
66 23
65 43
93 56
27 11
44 35
96 47
61 25
20 20
20 20
92 27
41 9
16 6
6 5
64 12
96 96
50 27
58 7
7 6
37 12
32 4
24 19
65 13
7 4
25 25
90 34
84 48
64 33
82 10
64 11
47 39
57 48
67 30
13 8
56 11
10 9
95 44
56 56
35 3
7 7
99 99
61 30
42 19
66 61
81 36
99 48
97 3
91 18
96 34
15 12
83 8
11 5
10 2
55 32
90 11
38 34
58 25
2 2
33 33
11 7
58 46
92 38
92 22
35 23
99 12
19 11
37 17
15 3
15 2
51 32
25 23
41 40
17 14
10 8
91 24
100 44
60 4
6 2
58 7
74 38
76 36
66 29
8 7
7 6
94 25
56 14
15 4
49 9
93 11
12 8
89 46
85 51
37 31
18 8
5 5
48 24
92 33
56 11
94 59
47 42
23 10
28 11
4 2
88 25
14 2
91 48
82 71
25 10
86 35
36 6
96 11
41 9
16 15
40 26
51 26
48 45
34 3
93 80
31 26
90 77
58 44
73 9
51 42
95 44
79 67
78 15
19 5
60 54
86 25
73 59
68 66
97 30
93 11
9 5
73 69
38 3
85 32
27 15
26 21
55 3
76 66
79 2
69 7
47 21
93 55
11 4
62 44
6 3
69 11
28 3
21 8
89 73
27 12
4 2
79 72
66 16
69 53
31 26
71 15
24 8
98 29
59 6
45 24
17 10
77 55
34 31
71 61
84 72
33 26
42 42
92 25
43 12
23 6
36 12
56 32
59 30
94 86
30 14
83 16
85 37
36 24
96 22
77 42
38 3
85 77
67 32
71 9
75 35
9 8
84 2
10 10
73 66
52 25
62 29
23 21
54 11
36 26
26 2
29 25
17 6
10 2
86 64
47 31
5 5
42 41
94 36
14 14
21 16
27 17
48 7
92 63
46 43
46 11
89 8
70 57
63 31
50 8
81 69
18 8
77 41
40 27
54 20
17 15
20 13
23 4
54 41
18 3
19 4
49 27
54 24
83 17
100 67
29 11
16 16
77 48
21 11
68 20
67 17
92 5
11 4
75 66
17 15
3 3
93 21
6 5
73 43
75 12
28 24
65 3
69 63
86 53
50 18
94 39
49 22
81 23
39 37
92 72
71 30
81 31
84 77
49 2
70 69
78 19
25 9
15 4
50 3
48 40
20 14
18 13
31 24
78 46
72 8
31 7
40 3
21 8
28 6
15 13
9 8
91 79
47 45
76 47
77 41
56 8
89 76
97 96
84 37
86 28
42 37
78 73
15 8
18 18
77 74
57 20
85 81
10 6
43 15
39 20
16 4
88 3
12 4
54 2
68 41
63 52
43 3
95 13
16 12
60 60
55 41
91 59
91 87
24 9
25 11
81 3
70 31
7 4
3 2
39 20
11 10
62 28
34 21
91 78
62 24
78 48
30 26
6 6
22 15
79 10
27 15
55 54
33 7
22 21
13 5
64 28
27 5
91 11
37 22
89 64
60 5
69 43
63 33
65 13
53 2
71 40
47 14
43 20
65 18
58 37
44 14
73 41
2 2
79 23
96 60
90 39
15 7
96 89
51 41
62 58
78 58
66 28
59 31
76 39
57 13
77 24
74 69
70 60
19 16
55 11
91 82
97 35
30 20
20 11
99 16
54 18
89 53
39 16
47 28
59 51
85 45
66 35
33 14
90 36
8 5
39 18
35 30
16 6
79 65
94 31
32 4
13 2
48 22
60 18
99 7
56 12
38 5
49 35
83 28
30 24
50 49
11 4
91 2
69 38
82 38
31 19
23 8
58 36
32 22
96 29
69 22
92 90
19 12
34 4
82 66
16 6
44 24
12 5
60 37
14 8
57 55
6 6
81 29
54 49
30 27
69 8
43 37
66 24
2 2
66 2
91 50
36 3
45 37
38 25
4 2
48 36
4 4
4 2
10 4
54 45
47 36
78 29
88 42
53 5
18 3
17 10
82 41
39 25
20 16
69 43
77 52
8 7
96 26
23 22
32 10
31 7
87 35
37 30
49 31
72 72
68 2
23 17
44 6
75 41
80 70
23 21
71 41
83 64
80 16
57 47
48 48
13 6
25 7
95 35
20 9
62 27
12 3
47 29
46 13
85 59
50 26
82 49
97 70
44 5
57 35
9 8
10 2
52 23
20 17
59 14
42 14
34 22
64 43
19 12
63 23
12 9
39 29
86 74
73 29
60 16
69 36
63 28
44 27
69 31
61 51
70 24
96 77
88 44
12 6
51 2
63 32
45 34
15 9
11 5
67 27
34 7
17 11
15 9
30 23
91 56
49 16
67 45
81 62
58 39
68 50
7 2
65 40
90 21
56 41
15 4
53 50
98 20
86 23
41 13
39 33
77 61
29 3
84 6
75 29
65 28
76 39
90 31
6 3
72 27
58 2
66 14
27 26
65 26
76 40
86 85
48 21
87 65
16 2
40 25
91 52
34 19
77 68
45 29
2 2
46 37
85 14
29 14
19 12
71 58
100 56
62 41
27 21
2 2
53 42
31 20
77 67
20 6
99 4
91 11
34 5
28 14
31 28
50 29
81 63
49 24
14 5
34 23
67 47
43 33
42 40
79 63
73 9
68 15
12 3
11 6
88 31
65 54
45 20
15 12
72 24
57 31
86 34
5 4
8 4
54 6
53 36
91 52
100 8
56 54
98 17
45 16
32 8
95 92
7 7
4 3
13 2
3 2
30 14
3 3
26 11
38 21
27 20
81 45
39 28
62 6
85 52
50 30
7 2
99 80
6 4
23 14
5 3
53 32
13 3
52 22
46 30
70 42
78 49
59 18
66 17
72 47
96 66
19 13
48 18
77 25
77 39
16 2
55 28
8 2
61 60
3 3
85 49
46 25
34 9
89 39
89 18
98 3
31 9
98 2
14 5
48 14
56 21
39 28
76 54
96 55
13 5
70 51
54 30
91 13
77 55
4 2
72 18
2 2
11 2
74 17
66 17
86 46
75 63
69 40
61 50
11 2
50 20
9 8
55 43
35 17
91 19
99 77
49 5
61 3
33 10
15 9
90 41
33 22
38 37
55 12
37 18
72 72
67 8
84 15
26 14
94 54
17 3
100 81
11 8
100 34
64 12
67 24
6 6
83 17
92 63
24 16
94 74
64 9
33 26
2 2
96 42
20 12
63 33
55 43
7 7
4 4
41 35
63 59
53 49
12 7
28 27
86 32
30 9
100 97
10 6
2 2
61 36
50 40
98 6
49 45
67 20
15 13
16 4
30 12
79 47
93 10
3 3
91 6
49 26
15 14
52 18
27 14
7 2
68 58
19 10
23 17
57 57
97 41
81 64
32 25
24 12
65 6
79 6
83 41
63 16
83 6
38 33
23 4
25 10
35 23
77 44
83 38
5 2
30 22
18 2
88 32
77 61
36 4
15 15
32 23
47 11
44 17
3 3
65 22
59 24
54 4
10 9
34 19
31 26
38 30
45 20
85 34
77 64
63 60
69 57
73 11
10 2
53 9
10 6
38 34
58 36
20 4
96 68
73 35
21 10
21 6
58 25
5 2
83 22
7 4
15 15
28 14
12 8
40 17
68 36
21 12
22 10
86 2
76 62
96 42
52 21
96 5
46 10
24 24
7 7
86 24
80 37
65 15
77 63
82 14
11 7
89 86
55 11
11 9
69 23
94 32
37 18
15 8
60 57
75 4
75 14
54 14
53 25
68 61
77 61
2 2
73 13
74 42
56 32
39 12
41 32
83 40
39 30
27 2
46 46
29 10
28 23
63 56
89 44
57 56
51 10
50 11
16 2
84 55
57 11
20 2
68 24
46 6
39 3
45 12
12 6
21 4
78 68
16 4
4 3
36 32
55 40
99 68
72 44
42 34
71 20
21 20
44 36
20 11
28 20
100 73
59 59
42 23
22 9
86 21
9 3
58 27
68 35
82 52
76 11
36 5
58 31
82 2
89 79
91 86
60 55
10 4
65 2
79 66
70 18
69 13
46 4
20 9
91 64
62 39
60 11
92 15
29 2
35 5
66 9
90 11
37 26
54 13
47 47
16 13
75 10
72 2
85 57
25 25
2 2
17 13
14 5
22 8
29 12
40 17
93 78
42 10
98 33
71 14
50 28
100 70
35 20
81 61
66 2
3 3
56 28
89 28
38 23
42 39
67 22
90 76
19 19
21 14
90 4
47 46
36 35
50 9
40 30
14 2
3 2
78 14
30 10
38 6
79 78
26 3
5 2
69 42
47 6
32 6
34 10
69 12
7 2
23 21
33 23
30 16
32 10
73 72
66 7
51 12
54 9
71 16
48 23
90 40
24 15
13 4
89 48
16 8
63 36
97 37
61 4
10 4
37 14
34 31
26 10
37 32
36 5
84 32
85 42
70 23
81 69
31 5
64 27
66 23
35 25
37 9
36 17
23 8
70 39
15 12
91 18
35 14
39 23
84 83
39 21
85 35
51 14
4 3
87 26
90 80
38 34
58 34
61 17
70 69
71 44
83 83
68 27
16 10
93 20
40 4
65 30
61 55
51 33
44 11
52 29
89 6
58 7
98 94
5 3
67 48
20 14
86 12
8 4
81 33
70 56
33 26
14 11
37 20
52 12
37 21
44 30
66 66
68 31
96 48
27 12
65 30
53 21
13 11
100 72
36 28
27 27
12 6
56 47
71 30
99 29
29 9
54 24
43 17
23 13
11 3
81 34
59 23
95 63
100 27
26 19
90 17
49 22
21 18
98 70
25 19
67 37
79 21
54 48
44 27
80 15
42 31
68 63
75 15
53 35
72 20
2 2
99 72
63 27
42 29
52 42
19 5
11 6
3 2
91 38
54 49
52 14
29 25
56 16
30 23
48 15
46 31
51 39
20 2
82 32
99 15
67 22
23 20
60 14
91 53
36 32
60 26
94 68
47 40
72 9
99 64
31 31
48 13
3 3
97 45
19 2
38 11
53 53
33 10
86 52
93 68
62 55
27 9
75 20
56 5
13 2
22 11
80 58
47 33
65 46
40 28
71 41
15 4
87 59
40 12
88 71
52 41
96 59
74 39
37 7
41 12
20 3
48 7
86 59
90 37
53 33
15 10
21 19
83 30
94 85
20 4
93 8
77 28
58 37
59 28
4 3
7 7
99 11
37 14
84 5
51 21
44 12
50 32
93 21
35 20
62 26
9 8
16 7
63 49
13 3
52 21
86 5
59 17
39 10
90 48
9 9
27 3
96 46
88 15
15 2
85 65
18 10
33 16
51 48
82 27
36 17
14 2
95 84
83 23
100 82
30 5
34 28
12 3
57 42
50 38
50 4
76 21
47 29
79 8
12 5
91 21
50 48
65 37
40 17
89 44
69 49
49 5
51 34
66 61
41 8
45 43
40 4
86 21
46 34
37 5
67 62
84 8
29 13
88 63
45 10
83 20
35 20
90 69
9 8
47 42
80 23
97 36
48 31
20 16
86 21
55 23
98 28
39 37
68 21
38 26
47 39
96 91
68 11
40 17
8 3
36 32
30 28
92 72
100 36
6 5
21 13
73 11
3 2
82 42
81 43
87 54
69 65
27 12
86 75
73 47
94 18
81 33
95 86
63 35
18 17
40 40
77 61
4 3
46 2
84 13
62 53
71 52
34 15
39 20
87 32
97 30
73 56
86 50
100 51
86 71
36 19
15 10
36 13
48 8
82 71
81 58
97 89
38 22
21 8
81 44
74 44
39 31
59 48
62 16
78 49
87 41
78 33
18 16
52 18
40 21
76 32
47 42
50 25
2 2
21 10
11 7
2 2
38 5
54 8
74 5
67 25
35 23
9 4
62 29
33 16
3 2
79 18
80 41
5 5
32 19
29 5
38 17
41 39
42 14
59 38
84 3
69 32
87 82
89 15
57 44
49 15
3 3
59 3
47 44
68 62
59 10
92 71
41 26
4 4
13 11
4 4
79 44
9 5
93 11
70 38
20 17
76 76
14 3
77 69
26 13
82 64
21 9
75 36
93 51
47 11
72 50
74 18
54 7
44 7
4 2
29 7
10 8
100 70
94 34
58 21
74 74
64 3
68 32
40 19
24 19
10 9
62 23
28 20
58 54
56 22
70 49
83 2
36 3
95 84
81 63
78 73
75 6
41 12
84 57
77 54
39 24
76 64
55 11
49 9
66 57
72 16
94 9
68 66
21 12
45 22
95 25
2 2
8 2
4 2
71 33
19 14
59 4
71 69
96 88
80 39
61 17
100 42
50 18
17 4
24 20
96 19
24 21
20 10
75 52
89 23
62 54
70 40
71 16
36 9
80 80
92 21
10 5
71 20
71 12
73 28
30 29
44 19
38 37
82 71
78 33
46 37
92 37
49 27
70 58
5 2
44 3
67 46
45 20
3 2
53 35
57 24
20 15
50 3
70 47
50 13
54 25
96 55
87 58
30 21
52 19
22 19
73 43
90 11
96 77
81 50
51 48
86 53
82 12
65 43
72 71
70 4
24 14
16 13
4 2
86 18
45 44
20 10
27 5
71 13
60 19
12 5
52 5
90 76
78 17
50 50
68 9
48 32
17 10
83 77
58 44
50 14
78 71
82 17
24 10
23 12
86 9
78 38
45 22
15 8
88 34
12 10
2 2
58 35
46 23
43 11
70 64
51 17
89 58
45 32
73 59
40 6
92 73
42 36
9 6
33 9
7 6
67 39
18 8
33 19
62 8
19 17
8 8
19 18
70 34
60 45
16 3
34 27
91 25
73 54
12 11
59 30
64 24
51 18
93 29
74 42
12 9
11 9
52 38
98 70
91 63
90 45
35 32
85 59
63 51
89 73
95 7
24 5
18 5
66 21
66 8
71 7
37 10
82 16
63 23
88 30
37 37
45 41
22 7
74 54
71 55
71 47
21 21
27 5
20 5
45 31
63 37
53 3
35 35
20 20
15 3
90 73
16 3
84 25
69 66
26 23
87 54
10 3
91 58
96 55
19 6
88 80
14 13
65 39
69 61
72 22
29 14
18 17
16 15
91 16
43 2
47 21
9 2
13 12
31 30
89 87
59 56
3 2
78 56
52 52
41 5
53 30
59 26
41 25
21 14
95 8
40 18
3 2
57 43
69 38
23 22
90 73
23 21
28 21
8 4
69 46
64 29
10 10
32 19
59 40
57 24
48 32
93 8
44 33
22 9
44 37
82 5
83 57
5 3
85 36
83 48
76 8
3 2
82 50
22 16
70 12
71 51
52 51
92 38
92 31
87 70
53 33
97 44
80 80
8 7
84 40
19 17
44 15
91 78
34 32
6 6
100 53
81 73
57 7
16 15
68 55
35 17
76 4
63 35
51 8
60 27
3 3
17 16
13 5
86 24
90 69
62 60
5 5
55 39
6 2
90 34
49 2
70 19
98 69
30 25
64 8
86 36
64 8
53 5
68 48
85 16
25 14
19 11
65 34
44 33
50 20
99 82
41 25
95 82
15 10
84 2
58 29
7 5
16 16
23 13
66 58
36 5
8 6
75 59
64 42
37 18
31 9
62 19
78 51
50 36
78 72
69 2
58 48
66 2
96 30
52 3
90 86
86 26
10 6
34 4
41 31
48 45
69 52
41 38
7 4
28 20
41 10
5 4
47 6
19 8
51 8
69 27
94 40
47 14
29 3
74 22
5 2
17 12
50 49
59 47
5 5
19 18
42 12
71 67
89 85
60 36
17 14
92 61
48 35
58 2
80 64
78 41
51 41
78 7
63 55
30 9
74 7
50 10
60 60
23 6
25 13
7 7
24 18
30 7
61 52
92 59
72 15
42 25
46 39
76 10
21 20
39 39
34 3
33 26
21 15
44 9
4 2
17 7
95 29
74 58
72 58
12 10
6 6
97 3
42 3
9 3
57 22
21 21
100 80
16 3
42 20
68 9
92 64
86 47
60 9
84 25
36 33
39 19
4 2
50 9
73 20
28 14
82 37
24 20
78 64
72 54
35 24
43 35
98 24
78 62
68 59
74 27
18 11
11 7
65 40
48 28
49 8
24 14
99 38
74 43
53 14
72 72
4 4
52 26
86 17
68 61
92 51
7 2
41 13
88 84
12 9
35 13
48 37
53 3
92 81
71 48
85 62
23 19
57 29
6 6
49 35
81 33
23 16
5 3
57 34
54 15
57 16
22 5
19 6
56 12
33 25
45 37
18 6
44 4
56 18
91 84
49 48
97 95
30 4
93 19
75 15
90 40
21 16
27 11
96 31
11 10
73 28
74 59
38 3
35 31
95 83
58 30
65 50
51 47
7 5
30 5
16 5
18 17
44 25
29 24
74 72
32 14
18 13
52 50
74 65
49 45
63 5
56 36
17 16
14 11
63 13
60 54
73 15
93 21
61 32
50 40
56 32
7 5
29 28
20 8
83 34
36 9
23 16
9 3
80 18
24 12
20 3
33 23
54 11
71 48
12 10
32 5
4 3
42 22
38 34
62 60
9 4
12 6
48 21
46 38
32 29
33 27
31 23
16 4
92 44
88 39
57 42
76 34
65 64
58 30
52 50
42 15
63 60
76 50
18 12
42 17
34 28
71 58
56 21
49 16
10 10
49 31
93 78
58 29
59 10
54 29
71 35
24 19
88 67
79 19
45 26
31 4
89 81
94 78
7 7
92 34
96 90
94 60
68 4
71 4
32 10
71 60
59 5
16 10
25 22
42 6
94 58
78 19
30 18
54 51
86 56
49 41
72 68
21 10
5 3
12 7
99 77
59 9
72 49
33 24
99 28
6 2
65 18
69 16
73 10
85 80
46 2
70 9
84 55
20 2
19 18
36 12
24 5
63 2
2 2
5 5
51 16
54 17
20 18
90 38
8 5
3 3
46 7
10 10
9 3
21 10
78 76
90 76
77 11
54 7
60 26
79 31
92 40
79 52
84 49
31 14
78 55
74 3
23 20
52 51
20 5
37 4
97 18
94 23
90 12
98 52
95 43
66 33
89 28
28 8
8 3
69 12
71 31
36 11
35 25
72 3
50 2
89 75
42 13
86 46
51 28
30 6
48 7
47 32
12 8
13 2
43 42
45 5
18 8
48 46
75 50
18 7
31 27
83 48
70 67
48 15
87 10
7 5
92 21
93 41
81 56
14 2
66 63
29 16
89 82
96 11
88 88
14 11
51 49
61 57
17 7
10 4
44 11
83 41
55 14
67 17
66 63
36 35
87 3
11 3
86 30
5 5
94 31
70 50
11 9
90 42
96 74
4 3
64 16
81 57
9 7
3 3
45 43
39 7
39 16
7 6
8 2
91 29
7 6
5 3
55 13
35 31
30 12
52 21
3 2
76 13
36 23
94 16
13 10
90 58
58 32
28 19
68 5
2 2
60 56
48 48
99 71
95 67
30 23
79 68
18 17
52 51
95 13
28 4
92 28
83 4
5 4
99 30
94 72
5 4
83 33
51 15
17 4
86 46
44 14
12 8
21 7
6 3
68 28
89 26
48 2
77 11
2 2
95 19
29 22
8 8
92 21
25 25
20 13
100 46
100 100
24 5
97 23
71 47
69 63
56 12
100 25
74 47
94 28
45 14
13 11
14 12
31 18
24 23
67 34
15 4
74 15
22 20
16 3
91 9
77 49
65 49
99 33
67 16
17 14
43 31
98 43
10 9
30 10
80 71
99 37
14 2
33 29
55 9
30 18
51 33
52 34
68 67
52 37
91 5
99 16
98 68
84 61
20 7
14 7
99 24
73 3
95 21
25 13
80 43
81 66
2 2
99 34
24 17
76 18
90 84
21 8
81 6
67 60
6 2
17 9
47 7
73 44
95 61
86 21
39 32
93 54
3 2
19 15
63 6
94 42
21 6
51 39
39 2
2 2
83 22
90 50
20 13
25 4
86 77
52 23
91 86
6 5
27 20
2 2
49 35
23 7
88 55
54 47
16 10
24 9
24 7
9 4
75 55
40 37
25 8
85 36
88 50
85 68
26 13
33 24
34 9
40 23
54 6
57 36
51 49
74 35
35 33
38 7
61 14
59 44
34 5
48 26
82 24
41 15
64 45
61 49
2 2
19 16
33 16
22 4
40 29
75 44
62 19
79 43
27 17
22 7
62 35
19 13
86 6
26 9
15 8
69 63
96 90
36 33
36 23
73 5
84 42
7 2
64 28
56 2
24 22
66 52
66 16
98 12
16 16
75 20
75 9
62 58
65 26
79 30
24 2
47 8
30 29
64 26
37 12
26 3
52 23
18 2
86 35
52 42
5 4
70 23
98 66
79 19
15 15
65 58
29 18
25 4
53 17
67 14
72 38
10 7
84 62
13 10
30 19
37 15
60 55
61 56
86 56
24 12
71 16
55 45
91 38
23 15
9 7
68 30
58 2
51 15
83 77
33 9
29 18
45 33
9 6
68 10
42 26
21 7
75 13
63 25
77 76
67 59
65 55
31 13
8 5
98 6
14 8
59 3
82 41
20 18
49 3
28 5
59 33
59 8
74 57
20 2
48 11
31 24
81 34
47 7
71 9
23 10
71 64
54 54
56 37
51 25
99 24
17 14
33 27
4 2
30 7
54 37
3 2
67 9
76 56
37 21
83 67
58 57
30 6
43 40
70 13
10 3
80 53
57 7
49 7
58 48
64 22
24 8
94 48
47 47
71 47
78 46
86 73
73 60
77 28
45 3
12 7
100 11
2 2
94 32
7 7
44 12
48 36
15 5
32 2
80 2
7 7
19 4
7 5
59 35
91 82
54 52
92 90
92 85
17 5
78 77
30 21
34 23
95 84
12 2
31 31
12 3
54 50
63 18
49 47
41 27
52 36
5 5
91 88
18 4
57 57
28 15
80 58
64 39
11 7
57 49
74 46
32 22
58 37
86 16
61 36
66 9
17 12
30 8
83 55
31 15
27 22
3 2
86 41
6 4
99 82
63 9
58 50
42 6
53 4
79 62
69 36
17 2
57 25
38 28
39 22
62 58
90 64
8 3
60 40
51 21
46 8
29 23
86 8
77 26
92 40
73 63
54 36
9 6
76 30
19 5
13 2
52 17
73 44
59 21
51 23
57 38
89 46
23 10
88 74
37 2
44 39
28 19
63 57
10 10
84 55
90 26
50 22
87 9
3 3
19 14
34 7
15 10
76 23
13 12
89 42
54 21
53 52
89 38
28 10
92 42
6 2
29 21
56 6
48 14
25 21
30 18
50 6
8 4
96 9
12 3
11 11
14 5
79 78
16 13
99 88
23 9
25 22
9 6
27 18
65 51
59 25
52 20
95 34
13 7
59 54
15 13
69 36
6 6
89 74
39 6
31 7
88 9
17 8
91 30
42 28
75 23
44 8
73 44
74 5
70 12
46 23
4 2
78 42
42 13
64 55
44 2
94 4
82 52
58 3
9 5
77 65
8 7
90 85
22 8
74 44
55 31
17 17
88 31
76 67
40 14
16 5
61 26
76 38
61 56
16 2
61 7
75 35
26 25
29 12
83 60
21 18
64 56
86 57
78 57
10 8
68 59
63 3
20 9
58 16
62 26
87 38
37 35
4 2
86 26
62 18
31 24
35 30
99 22
7 3
11 7
67 14
30 11
11 7
89 46
100 25
69 47
73 28
11 6
96 76
97 5
83 35
36 16
22 13
44 30
14 6
51 45
87 46
33 8
52 41
85 66
77 52
59 5
92 85
39 36
43 11
84 26
75 71
52 30
36 26
56 11
22 15
64 48
92 72
95 68
30 11
63 30
87 47
60 8
37 31
94 13
69 26
82 33
64 4
66 28
4 2
58 38
47 25
31 19
71 58
41 16
42 31
7 6
50 47
76 33
18 2
90 44
27 18
61 41
95 32
76 40
100 66
53 19
78 20
55 39
38 26
97 5
52 45
57 18
15 13
63 43
7 4
85 8
34 27
95 78
75 75
21 13
86 18
20 17
53 43
74 54
73 41
45 18
79 75
55 39
92 63
81 34
19 15
78 41
63 63
82 49
53 20
71 59
99 5
30 14
11 7
37 8
25 20
56 44
91 14
69 8
95 57
43 30
59 22
9 5
25 7
41 4
85 79
52 14
9 4
19 17
80 26
20 11
24 4
79 67
58 16
38 36
15 10
36 12
23 2
78 6
83 83
66 15
14 9
74 19
85 27
44 24
64 49
57 51
39 15
44 5
68 59
86 11
37 9
70 12
36 10
54 30
12 11
5 4
57 41
89 31
90 6
39 35
54 43
82 43
64 61
26 4
83 8
27 12
62 2
49 11
56 40
77 22
95 36
8 2
8 4
94 34
17 13
47 2
3 2
57 31
60 9
40 33
55 21
65 3
81 81
10 4
43 5
30 11
29 6
20 3
88 35
15 7
99 83
29 6
64 37
42 40
54 9
48 12
78 49
29 7
86 11
82 43
34 14
10 3
31 17
8 5
100 7
28 20
70 41
55 29
54 28
84 68
86 9
75 45
14 2
10 4
77 38
32 32
22 13
26 18
17 13
72 70
42 36
57 10
56 36
2 2
77 36
43 17
76 74
69 50
48 46
16 16
50 3
45 20
94 53
33 17
97 12
78 67
64 3
83 35
92 42
78 71
70 46
92 72
27 15
41 6
17 11
71 49
38 18
72 37
37 28
38 14
39 17
54 52
16 15
98 31
98 94
18 2
100 2
7 2
20 5
94 33
86 9
82 47
46 37
28 12
12 11
52 47
56 11
21 6
23 20
40 10
19 10
45 34
38 31
17 4
9 7
68 45
14 13
13 10
70 5
89 5
13 12
97 5
7 7
92 37
14 5
27 24
76 45
20 10
71 68
36 34
67 22
64 60
98 39
13 11
78 48
69 10
24 23
25 4
85 48
59 46
48 7
24 20
78 2
65 19
21 10
81 20
82 53
7 7
89 10
73 48
17 4
60 39
72 57
71 56
83 56
50 8
5 3
36 8
57 26
27 8
9 8
81 80
8 4
54 26
8 6
72 64
28 14
2 2
5 3
15 13
87 49
82 5
64 58
84 75
24 24
26 12
76 68
92 36
63 61
58 55
23 3
28 27
96 96
14 2
69 5
20 18
39 26
83 63
10 6
43 23
3 3
64 62
96 35
29 21
94 52
5 2
19 13
4 3
98 21
92 55
63 57
21 21
58 36
85 64
43 22
19 15
55 22
49 18
85 65
62 28
43 17
72 55
98 47
45 38
52 25
85 36
68 42
10 7
78 6
84 27
68 46
100 30
39 12
39 6
37 32
46 13
46 40
62 54
96 61
72 24
42 2
45 8
73 23
7 2
41 28
28 28
79 38
35 24
66 4
10 5
47 24
79 76
8 5
22 16
95 51
58 24
20 18
46 26
11 6
31 5
71 68
80 16
43 17
67 45
28 6
76 73
43 42
89 85
16 2
38 38
75 16
21 9
33 3
27 22
73 41
30 27
32 31
5 4
74 71
100 22
86 41
30 17
83 8
15 3
37 9
44 4
69 54
48 35
25 19
89 16
44 27
50 18
52 41
22 11
32 14
66 60
25 14
54 31
46 22
39 10
22 12
66 42
8 8
85 6
23 23
99 21
37 13
95 76
74 35
75 38
93 44
65 45
39 21
26 3
81 70
57 5
87 77
94 74
28 25
19 13
33 30
57 44
68 7
98 48
20 19
19 14
68 4
85 20
4 4
56 10
100 3
39 14
18 11
99 98
11 3
9 2
45 45
43 17
73 9
90 51
35 25
23 22
67 6
84 20
94 59
20 7
34 13
7 3
51 14
69 19
27 2
68 38
86 16
43 30
60 9
2 2
21 17
80 25
21 7
7 5
78 44
43 5
26 26
98 57
22 13
72 19
37 5
56 33
51 46
48 25
56 37
20 2
16 16
48 6
61 52
78 50
6 2
86 18
69 61
52 46
72 8
82 75
4 4
71 42
46 8
18 13
61 8
61 44
83 9
75 28
52 8
30 3
52 37
86 34
88 15
4 2
58 11
95 76
62 2
70 36
16 11
12 4
24 7
12 12
54 52
75 47
76 65
3 3
31 31
89 5
39 20
76 55
43 8
71 50
84 81
67 66
42 6
87 50
7 4
73 15
13 2
25 18
89 70
66 62
22 21
76 18
8 7
63 42
74 16
45 4
68 14
87 5
20 10
78 40
50 2
59 57
52 13
93 26
78 48
48 18
76 60
33 10
100 47
56 36
78 8
91 9
19 6
31 3
23 17
11 5
9 5
98 59
78 47
56 28
8 2
74 9
37 36
67 2
67 42
63 11
24 9
61 42
72 35
79 14
9 4
45 9
44 21
90 61
76 38
68 52
27 9
70 33
59 54
10 6
76 69
4 4
99 75
10 6
9 6
31 16
2 2
93 16
3 3
4 4
15 9
61 19
63 15
77 55
36 13
66 7
98 43
13 9
66 44
61 41
27 14
82 80
22 17
73 70
79 7
81 36
70 11
88 72
58 35
48 22
15 11
7 4
94 65
95 48
63 22
98 33
16 9
100 79
85 10
65 25
100 59
78 71
62 33
38 21
60 41
92 88
10 3
40 23
56 6
56 29
14 10
15 6
8 2
10 3
75 13
43 33
94 49
48 44
30 23
78 54
3 3
49 33
31 15
63 9
77 60
85 27
78 7
78 73
83 69
21 15
29 26
3 2
38 19
60 22
84 9
66 51
96 58
14 12
55 12
54 31
100 21
44 33
84 60
68 17
38 22
85 16
9 7
45 16
92 56
25 12
57 21
97 61
26 13
23 12
43 37
37 14
41 24
50 12
14 13
10 2
32 18
25 7
27 15
23 21
97 29
80 2
92 44
85 39
35 16
29 2
63 14
75 24
16 10
50 38
3 2
21 2
52 28
64 45
38 17
76 13
24 14
11 9
31 20
12 12
99 48
83 65
39 32
9 4
90 62
2 2
8 7
13 4
5 5
81 66
34 15
15 13
44 36
23 17
79 69
46 14
44 39
20 13
60 23
40 15
62 57
66 56
57 12
60 44
85 31
41 11
73 43
52 49
21 6
69 13
12 7
39 23
77 17
5 3
83 62
36 19
71 54
87 46
17 14
31 13
51 46
36 28
98 15
95 14
19 11
31 9
27 13
75 39
86 86
45 27
49 42
15 5
65 2
95 81
60 60
56 34
2 2
87 12
89 33
28 23
63 39
58 2
8 5
4 3
2 2
88 16
6 5
29 10
76 20
20 2
4 4
2 2
56 46
86 76
22 14
13 10
69 66
30 16
57 42
65 13
31 18
28 20
85 36
36 23
44 44
88 41
100 75
14 12
94 39
11 4
67 15
77 37
83 2
82 24
21 11
36 31
96 66
67 65
58 7
74 59
92 38
17 16
42 34
97 82
98 4
37 13
23 3
83 6
25 9
80 14
81 26
14 3
40 12
56 22
60 27
58 24
94 82
89 4
3 3
56 34
40 34
12 10
52 3
97 96
61 45
29 12
18 2
31 24
34 30
55 25
82 36
94 22
54 4
49 11
24 9
68 26
92 61
68 23
44 5
26 4
33 21
20 11
34 14
42 17
12 11
82 73
41 24
42 7
7 4
78 69
43 9
47 43
90 65
39 17
54 35
21 15
99 72
3 2
100 28
7 5
9 7
84 5
60 49
64 42
7 7
76 74
35 30
86 82
58 35
14 5
92 27
69 67
35 29
38 27
84 16
7 4
50 42
36 26
48 23
59 5
64 57
70 8
87 81
97 66
92 10
23 14
48 33
27 7
49 44
32 3
77 15
29 21
22 9
69 68
62 8
6 2
84 69
98 50
96 26
60 23
39 10
42 17
23 19
37 36
66 65
31 2
38 28
41 29
12 6
28 6
90 66
99 47
28 10
16 12
42 33
13 5
28 8
99 13
15 9
36 31
71 45
10 10
50 5
86 19
68 24
30 26
41 27
6 3
4 3
5 2
53 10
33 32
26 23
28 2
100 86
12 7
39 31
100 82
64 14
31 15
100 21
46 34
47 45
47 29
23 11
88 46
72 3
45 34
43 23
12 12
99 84
16 14
75 70
64 30
85 25
74 4
20 11
63 36
96 5
16 9
57 16
36 27
67 11
83 15
91 40
81 20
39 2
46 24
88 34
2 2
56 48
39 28
85 78
26 4
85 63
50 8
39 6
68 9
14 5
29 28
32 7
66 22
13 11
11 9
6 3
100 54
85 42
81 68
100 50
77 76
23 6
11 7
32 4
11 9
54 17
84 21
56 5
94 35
28 7
23 10
56 9
7 2
95 55
92 16
58 34
43 37
67 55
63 58
2 2
70 29
73 53
46 41
58 8
93 21
29 7
47 28
71 41
76 14
87 36
73 26
82 2
11 8
20 20
54 13
91 66
70 57
35 19
15 12
63 19
48 45
97 60
65 62
19 15
41 41
46 46
13 9
87 39
21 8
19 19
64 41
59 9
74 55
28 5
72 53
86 62
42 17
29 4
28 5
5 5
55 11
64 62
39 37
60 15
71 44
40 17
50 10
52 7
33 32
25 14
6 3
4 3
46 23
67 46
44 8
18 18
7 3
48 46
56 12
77 73
18 12
72 58
78 22
49 10
66 13
89 27
77 42
22 22
71 57
29 3
21 4
15 3
65 64
12 10
32 17
35 12
85 50
13 2
91 53
48 18
11 5
16 2
19 8
79 37
57 11
79 69
24 23
59 42
58 28
65 7
56 47
14 13
86 39
83 55
54 34
49 14
14 11
88 75
37 5
87 80
100 41
68 11
58 3
46 11
12 6
44 9
53 52
72 72
73 25
32 19
94 71
25 5
80 80
93 15
15 13
52 48
56 51
41 16
46 20
14 14
68 41
9 4
69 2
71 62
85 4
14 14
5 2
26 6
44 25
37 18
4 3
88 37
89 71
51 8
49 40
37 33
11 2
86 10
27 5
32 27
90 47
97 46
40 24
75 18
25 16
9 2
2 2
36 7
82 59
36 9
5 4
87 44
91 31
71 4
87 40
48 25
96 43
31 14
20 9
28 20
25 2
65 7
41 39
19 4
86 61
70 17
14 14
32 20
38 9
82 26
71 12
91 60
98 87
4 3
85 26
28 23
21 11
47 11
35 13
39 6
69 58
42 2
70 25
22 4
88 41
93 13
67 27
7 6
49 27
84 8
13 4
22 16
71 52
44 14
2 2
83 79
22 20
59 40
61 5
28 7
51 34
57 48
52 25
69 3
12 12
38 16
41 32
5 4
51 42
30 20
81 2
17 15
27 8
2 2
8 3
93 41
38 30
51 41
42 32
45 45
25 9
13 12
32 15
56 53
75 31
74 39
20 18
6 2
32 26
69 27
24 17
11 11
14 12
66 16
58 42
2 2
50 46
65 45
23 19
63 52
34 20
43 15
84 25
77 6
88 66
63 58
58 6
44 34
59 27
2 2
27 18
96 38
53 27
7 5
73 23
56 39
98 45
97 50
7 4
32 2
59 53
34 24
69 39
77 54
25 12
93 79
26 9
60 56
69 9
15 10
24 15
26 6
40 7
66 32
81 39
76 38
64 29
28 3
45 11
38 37
48 40
91 68
26 26
100 87
45 36
63 3
73 39
53 24
4 2
73 56
38 32
73 19
81 53
46 30
100 92
72 61
77 42
82 81
32 16
69 18
31 5
80 32
89 86
50 8
17 17
97 25
28 11
63 51
87 56
85 41
10 2
29 22
7 4
49 38
54 15
78 11
59 24
3 2
57 6
89 81
93 31
55 9
95 32
47 31
29 12
39 17
85 63
5 4
99 6
70 65
83 83
30 11
20 4
91 90
42 40
87 26
47 9
17 7
90 39
11 2
97 85
37 8
17 13
81 66
89 57
50 22
74 39
98 34
89 83
92 11
73 13
38 36
89 3
90 3
14 4
76 34
38 17
64 59
56 25
48 21
96 74
88 37
28 2
78 54
85 34
71 40
85 31
37 7
49 41
39 28
13 8
10 2
40 9
2 2
37 3
66 9
40 8
93 86
84 42
94 50
53 14
94 42
6 5
12 5
65 51
33 10
74 25
66 28
22 19
26 12
39 11
99 93
26 14
86 43
60 16
74 60
25 6
49 30
25 21
21 15
64 32
27 23
3 3
74 38
42 32
51 20
35 5
2 2
42 4
84 68
35 12
64 43
3 2
6 5
15 12
42 8
100 27
42 4
53 9
40 15
46 14
75 56
49 20
45 6
51 5
83 47
11 2
83 59
87 60
60 60
93 10
55 11
98 66
95 61
74 50
42 3
78 45
34 24
11 7
87 28
27 5
92 17
24 6
41 17
67 51
75 17
31 25
42 35
81 3
30 21
49 46
3 3
53 36
87 12
13 8
23 10
100 87
58 26
4 2
77 70
58 35
22 19
43 12
74 71
47 37
25 4
94 52
80 5
59 9
92 41
99 75
30 28
32 17
52 21
43 7
23 15
58 11
13 5
27 22
43 16
46 29
56 11
50 32
48 25
9 7
72 53
91 28
36 29
79 2
13 4
98 59
80 74
40 3
98 31
72 58
94 33
45 42
13 4
19 4
27 17
18 17
75 23
72 51
41 14
18 17
4 2
49 46
72 3
5 5
67 24
4 4
70 57
80 34
62 51
96 50
81 59
55 48
75 63
65 43
93 51
4 3
84 43
49 15
93 24
6 4
90 22
50 9
38 30
46 25
68 67
43 34
66 24
64 13
54 51
23 19
85 5
10 6
81 5
75 26
58 14
30 6
7 6
51 8
14 7
64 61
49 47
23 18
26 15
29 16
77 44
95 29
98 75
49 32
5 2
56 14
53 23
17 16
21 15
34 7
74 51
27 7
89 29
52 7
77 74
32 25
77 69
22 14
46 20
10 3
14 6
66 14
84 19
80 49
92 15
24 5
57 8
13 4
29 8
81 14
57 9
72 8
82 22
50 38
2 2
3 2
81 71
73 25
19 17
87 4
48 36
75 62
43 36
99 40
15 9
83 4
45 39
60 18
87 77
5 5
29 8
43 6
47 35
96 65
37 13
21 19
80 46
70 68
61 52
64 15
20 13
7 3
98 52
51 9
13 2
32 5
64 14
69 19
46 10
60 6
27 23
21 11
37 32
49 27
14 3
12 3
71 14
80 7
19 8
53 40
33 9
42 39
5 4
82 46
80 10
81 65
20 16
97 28
3 3
4 4
22 21
75 54
5 3
80 72
26 24
8 2
2 2
38 3
66 5
7 4
7 6
41 24
37 27
60 17
17 14
19 14
9 3
75 25
80 9
92 2
13 4
50 27
85 77
57 49
9 8
82 74
48 19
54 36
72 32
5 4
85 72
14 11
58 6
14 13
84 72
8 7
21 16
49 15
30 16
100 73
52 43
49 35
94 11
17 15
27 11
96 26
11 4
30 15
15 5
9 7
57 52
80 36
6 2
26 13
64 51
62 28
94 13
4 2
61 57
100 18
16 7
59 51
61 23
14 6
54 54
7 3
59 12
99 64
100 85
76 36
14 3
29 4
19 14
83 56
18 11
99 36
44 19
85 32
19 19
34 8
54 36
53 33
93 21
35 30
53 37
78 37
41 16
51 6
27 2
83 27
42 21
13 7
19 11
55 11
15 2
93 47
12 8
92 85
30 26
32 8
18 17
26 17
92 78
14 14
81 24
56 4
8 8
61 37
66 57
18 12
35 21
47 29
55 36
27 4
5 4
58 34
63 42
82 15
93 92
94 49
76 50
82 11
72 62
59 33
85 72
10 6
49 23
95 48
15 11
86 43
79 65
45 36
48 38
11 4
82 10
64 13
78 28
83 78
2 2
55 5
24 8
78 53
76 52
21 21
40 13
100 14
12 3
58 51
91 48
48 46
6 3
28 7
61 16
96 86
16 11
20 16
72 28
46 22
61 41
10 4
82 47
68 33
55 3
56 50
44 29
55 4
23 14
42 31
13 3
99 60
2 2
70 8
12 11
17 10
20 7
71 55
95 18
34 31
30 10
49 46
17 9
9 7
14 9
80 24
81 35
57 12
42 20
34 8
54 23
52 30
100 90
20 18
52 42
12 9
81 36
93 90
81 37
43 23
30 14
56 12
64 14
33 12
16 12
72 44
31 20
100 11
82 17
21 8
15 2
27 10
51 48
68 36
82 36
4 2
31 19
87 18
72 11
89 75
56 40
52 24
58 50
80 55
35 21
74 52
2 2
79 2
76 45
45 35
54 18
11 9
72 25
97 92
36 30
88 3
75 70
50 46
18 10
9 8
99 42
15 7
26 6
68 32
90 18
30 10
50 29
66 13
76 45
90 76
17 12
37 10
98 73
31 8
47 18
89 78
96 67
28 28
27 15
33 5
93 19
80 15
96 51
30 6
8 8
5 2
37 13
53 17
18 11
98 90
32 28
96 23
59 20
5 4
80 66
70 19
69 6
100 100
22 5
77 75
51 44
13 5
50 44
13 4
62 46
33 3
89 42
3 2
41 22
58 49
47 30
35 12
51 16
75 23
3 3
66 36
5 5
10 9
41 9
90 39
45 25
77 43
39 32
26 14
96 9
7 3
7 5
10 10
44 34
36 33
18 3
99 69
4 4
95 50
14 4
19 7
87 27
27 9
19 10
37 9
59 58
90 79
29 4
88 62
3 3
82 51
48 41
91 87
79 9
51 45
86 34
99 90
94 60
40 5
40 23
81 39
29 3
72 23
85 39
69 51
94 34
32 7
93 42
43 17
47 21
4 2
84 38
92 7
79 3
22 18
33 24
16 6
89 51
32 31
50 43
73 59
66 54
94 43
85 2
25 5
100 88
90 58
47 33
15 8
39 22
17 6
30 22
83 21
91 9
59 24
16 6
96 49
48 11
73 54
86 28
82 57
88 81
37 21
33 30
53 13
37 8
86 19
94 87
27 5
52 26
78 50
77 16
5 4
37 11
35 22
61 59
55 21
26 12
37 29
32 32
93 15
74 55
3 2
80 12
17 6
14 11
77 27
20 19
33 17
84 32
97 70
23 11
86 65
12 4
60 45
94 11
38 4
36 25
42 8
2 2
93 92
44 8
8 6
30 8
33 24
21 19
67 2
57 50
60 31
24 17
81 75
15 8
70 23
73 32
16 16
86 20
43 29
48 2
14 3
84 19
96 12
89 19
19 9
40 13
18 2
24 5
85 85
23 23
78 38
75 67
86 56
29 11
4 2
27 3
4 3
33 5
3 3
42 2
73 38
20 18
41 30
11 10
62 28
34 22
32 25
73 29
51 48
8 5
18 7
36 22
20 4
44 34
99 77
55 48
74 48
93 17
28 22
67 54
36 26
12 3
29 16
19 19
41 16
33 4
39 12
97 30
85 21
76 10
93 33
60 46
29 29
2 2
46 43
55 18
53 45
63 55
54 40
76 74
39 26
22 8
20 7
59 36
41 26
73 36
89 39
96 13
78 58
4 3
50 50
90 77
82 37
44 17
62 59
77 51
4 3
76 19
29 12
6 2
37 9
85 47
79 21
87 25
45 42
20 18
35 7
85 63
10 8
12 2
94 88
49 6
4 3
18 2
46 29
88 53
99 54
7 7
8 8
64 43
39 6
72 36
53 28
7 6
60 6
84 39
33 17
85 53
54 19
98 75
96 51
60 54
7 4
50 33
52 17
13 5
97 23
15 7
56 56
29 9
6 6
53 12
46 23
35 34
63 2
32 25
17 5
6 6
12 7
60 17
43 40
85 71
58 32
90 52
12 6
52 41
69 64
16 14
43 22
83 66
3 3
62 2
59 33
52 12
20 10
54 22
85 8
19 15
27 20
74 30
69 14
72 67
79 70
55 50
49 48
100 56
25 25
94 91
17 2
52 23
99 99
97 67
95 68
40 34
15 14
43 17
65 28
81 69
45 18
73 50
88 12
93 29
29 10
65 4
69 34
37 17
83 37
99 86
59 21
65 51
38 20
51 20
93 59
26 6
22 8
33 14
55 30
7 7
36 10
71 42
37 22
80 78
38 31
76 20
95 41
43 13
93 41
67 20
18 14
60 17
87 31
98 16
100 44
39 24
31 12
41 27
27 15
47 7
52 28
99 5
47 39
35 22
13 12
21 3
59 14
35 20
42 35
54 17
5 3
3 3
21 18
63 42
33 21
61 41
20 17
19 19
43 17
28 10
61 27
89 18
38 29
43 32
61 8
97 44
5 5
100 11
30 4
87 65
72 71
38 26
45 2
85 39
41 3
46 22
56 43
65 44
3 3
39 3
72 30
34 3
49 14
49 49
51 26
94 18
25 12
47 27
90 22
12 9
27 18
39 31
61 40
88 81
100 8
8 6
37 23
12 11
73 25
31 23
53 41
67 11
64 6
13 11
17 9
41 12
44 30
81 69
21 10
2 2
95 72
54 36
10 7
69 49
29 4
25 15
39 11
8 3
68 24
96 81
31 10
48 31
18 7
27 17
72 68
78 16
4 4
96 30
79 34
47 37
20 11
64 27
34 20
20 4
96 11
27 9
74 17
27 5
77 61
71 70
99 87
82 26
86 63
90 89
57 6
75 6
37 25
20 9
85 26
97 90
54 45
16 5
69 50
85 34
34 28
19 2
67 52
79 58
63 11
87 27
59 6
45 41
29 24
58 3
87 57
8 3
86 45
13 9
43 34
68 17
85 20
28 27
45 2
83 63
35 2
93 44
82 28
20 13
72 66
42 8
15 2
65 59
96 6
22 2
16 5
46 21
87 82
24 19
25 19
64 28
19 14
52 10
41 26
82 37
14 2
30 18
76 6
87 67
57 20
26 18
71 33
55 25
77 19
69 55
33 33
57 19
19 17
3 3
88 23
47 13
86 64
35 5
16 7
64 7
57 14
79 20
86 3
17 4
96 73
40 15
18 9
82 27
91 72
10 4
95 82
30 25
6 3
8 2
28 15
34 2
96 16
28 27
43 2
42 6
39 21
49 24
33 30
50 15
10 9
5 2
43 13
95 88
61 44
94 45
83 54
8 5
21 9
88 70
74 31
32 27
73 52
47 10
95 75
60 27
4 4
3 2
87 68
23 7
13 3
96 58
75 29
45 27
57 50
86 39
7 7
19 5
9 2
56 23
62 20
15 6
73 18
97 85
37 25
39 20
48 27
23 8
77 67
20 4
49 39
72 46
83 54
8 7
53 31
60 42
19 16
6 5
18 9
9 2
17 5
73 23
54 17
66 65
92 40
54 51
97 21
22 13
87 54
11 6
43 23
15 4
90 62
27 13
52 33
10 5
21 12
86 23
46 40
57 46
92 30
72 70
56 12
89 5
7 3
95 11
31 21
42 38
78 9
33 31
73 59
70 34
19 12
58 20
96 85
51 37
54 4
88 53
41 12
72 7
63 57
78 60
80 19
31 4
35 4
10 9
24 21
39 7
15 10
41 17
48 26
70 69
18 13
89 89
62 54
34 20
60 23
36 23
13 3
37 10
47 5
62 47
45 38
36 13
64 45
77 28
71 30
91 11
75 17
81 62
5 2
17 14
18 17
6 3
7 2
70 48
94 67
68 54
48 5
2 2
57 19
12 8
94 18
58 37
7 3
72 65
93 45
6 4
95 38
68 48
81 19
37 26
91 52
66 38
2 2
48 9
18 18
78 68
74 41
51 19
60 23
31 21
12 2
93 72
70 48
24 24
31 12
10 8
16 16
96 40
3 3
37 29
22 10
43 39
37 3
35 30
60 19
57 51
41 32
69 9
29 18
91 44
43 27
57 40
67 53
77 13
18 7
55 18
79 65
61 9
37 27
41 15
94 47
70 5
21 17
64 37
34 19
46 29
68 19
44 41
10 9
99 67
30 4
32 23
64 48
32 8
45 33
26 18
73 42
33 14
89 74
71 61
12 10
98 2
51 36
60 29
70 47
27 6
62 51
58 44
14 12
73 34
14 5
83 79
70 35
68 10
14 9
26 15
40 27
4 3
69 66
50 11
11 7
100 46
95 23
96 87
29 2
64 39
12 2
74 12
93 57
48 10
88 54
88 68
60 41
76 10
53 41
49 26
56 28
64 64
10 3
76 76
62 25
15 8
77 62
31 6
44 3
17 9
78 33
28 16
89 56
22 17
8 5
93 80
42 22
5 2
71 19
64 5
42 39
8 6
7 6
76 8
86 84
50 27
35 24
38 9
26 25
76 68
20 11
57 47
91 54
86 80
58 26
52 32
89 71
33 31
94 77
47 35
49 17
84 50
9 2
38 9
43 40
49 18
63 12
80 11
38 3
76 69
64 42
57 49
48 42
65 53
52 46
75 65
82 9
17 5
78 64
84 69
95 40
97 73
81 32
29 29
20 10
31 24
82 37
63 26
25 20
98 3
14 5
60 7
42 27
5 2
92 84
88 33
43 33
52 51
92 70
35 9
39 14
50 37
75 45
50 38
3 3
17 6
88 76
67 65
35 19
37 13
45 24
28 25
79 66
62 2
67 28
56 26
20 18
82 26
92 83
23 7
74 13
47 47
14 11
17 9
44 28
5 2
12 8
6 3
50 12
79 37
63 60
17 7
21 18
49 16
82 74
24 10
79 75
36 19
96 35
25 11
74 52
18 8
84 82
91 22
35 24
57 33
95 87
54 17
35 18
20 20
92 58
9 9
38 22
61 16
14 14
45 5
53 44
59 58
95 43
80 54
77 43
97 10
20 7
67 24
65 42
78 44
57 52
12 6
46 7
90 41
87 26
56 19
83 66
89 32
93 68
63 18
43 11
75 9
20 14
15 4
3 3
28 24
51 26
63 18
51 3
35 16
80 72
91 27
90 32
25 7
26 15
39 14
73 46
55 30
25 23
46 26
77 47
3 3
65 22
7 7
35 31
95 35
83 5
22 19
63 16
18 13
80 30
49 15
90 67
4 3
75 56
53 43
66 18
27 14
2 2
93 57
43 5
92 64
45 25
14 14
83 80
6 6
32 13
14 14
92 57
48 23
81 11
36 11
68 46
27 9
49 43
42 34
14 4
19 5
83 27
30 12
67 17
33 16
13 9
37 19
58 2
35 16
86 26
90 78
75 19
60 57
25 9
54 21
49 18
28 26
74 12
58 5
94 10
58 3
95 75
60 39
83 57
25 5
69 10
67 58
43 13
4 2
45 8
98 95
85 24
34 31
51 43
82 16
96 36
100 28
40 9
21 17
33 4
97 56
30 2
42 19
61 24
36 32
54 38
52 46
11 7
53 48
58 34
53 26
80 79
57 27
75 54
81 55
30 30
23 7
33 20
11 10
13 2
9 2
25 8
92 67
18 11
21 6
85 31
17 5
5 5
51 3
18 8
71 48
66 54
72 55
18 11
70 41
44 7
51 15
29 29
59 40
22 13
74 26
63 9
74 15
62 17
100 17
53 34
33 24
80 45
20 4
93 65
26 17
24 22
65 46
95 59
34 27
72 19
12 9
9 6
64 45
80 12
50 35
66 14
70 31
4 2
58 21
27 22
49 25
26 26
14 4
24 4
94 66
12 12
62 23
50 47
50 13
9 7
22 20
