10000
62 5
43 36
66 43
72 48
84 11
31 31
95 29
14 7
85 70
10 8
61 4
72 39
2 2
87 66
78 4
55 28
84 55
45 12
91 50
33 7
24 10
5 2
83 58
59 40
16 16
17 17
29 21
90 73
82 3
33 7
83 6
15 15
100 61
65 64
10 8
22 12
50 37
3 2
46 13
46 8
61 36
98 54
71 56
46 8
2 2
7 3
41 30
3 3
28 28
7 2
66 44
20 7
21 7
90 25
100 64
37 3
70 8
15 10
86 11
27 2
78 67
54 5
27 6
41 10
17 13
68 40
12 8
68 44
92 61
47 45
69 14
31 25
20 5
74 17
94 38
40 7
36 22
29 5
68 66
30 24
99 50
16 8
60 10
52 12
9 4
18 2
38 13
12 10
85 46
99 96
21 17
36 36
79 48
68 18
68 58
54 17
25 23
81 38
36 31
34 15
82 43
44 25
44 13
82 7
71 60
50 9
25 7
2 2
100 19
88 62
52 36
35 15
11 11
81 62
80 2
20 3
26 5
34 25
42 12
7 2
68 45
11 2
47 7
79 36
20 17
89 19
79 20
49 32
74 48
69 13
28 13
76 58
79 23
50 44
84 75
79 31
78 31
33 28
33 13
2 2
56 24
67 43
61 9
51 11
90 18
53 16
23 15
89 79
29 4
92 23
82 14
27 9
49 13
93 45
91 67
78 7
28 10
14 4
14 8
97 73
33 28
20 9
97 54
18 6
83 74
16 8
57 9
77 62
80 25
7 6
54 24
75 12
69 32
17 13
46 19
35 30
62 6
98 90
65 10
10 8
27 27
12 2
35 6
66 5
76 61
29 26
86 72
36 16
96 7
43 7
60 33
24 2
79 34
97 3
73 7
45 25
54 39
27 25
6 4
84 57
23 8
78 73
88 29
35 12
71 27
89 86
63 8
32 16
43 27
79 5
62 30
35 18
35 21
45 5
52 21
100 49
22 7
62 23
41 6
49 46
54 50
44 32
84 55
99 36
11 10
61 18
65 15
22 4
91 20
5 4
79 63
85 32
4 3
20 7
100 73
86 47
17 6
49 37
46 27
98 3
56 23
51 29
91 68
67 45
62 13
81 15
97 45
41 41
10 10
4 3
46 16
74 64
76 43
31 30
75 46
20 9
6 2
46 36
31 19
35 20
55 45
6 5
80 17
30 13
68 63
91 81
61 54
71 5
78 24
94 17
22 10
97 82
60 15
75 9
78 55
49 10
94 49
74 58
24 12
46 27
65 4
28 3
11 6
38 27
79 43
99 26
28 18
85 40
20 11
40 5
51 11
7 3
16 13
10 6
58 45
3 3
15 10
24 11
35 13
25 21
81 72
31 15
41 17
68 60
66 16
20 3
100 63
82 14
70 2
71 34
36 10
56 40
71 71
16 15
67 15
84 48
68 2
11 10
2 2
62 36
85 50
8 8
71 11
94 14
50 36
73 8
44 25
82 50
47 33
36 25
92 5
30 25
28 25
98 18
2 2
73 24
4 2
75 61
42 18
22 13
75 40
26 12
74 42
59 49
82 39
13 10
42 32
93 49
30 28
84 52
79 35
10 4
17 2
8 2
55 40
91 85
53 12
47 36
29 3
83 50
46 5
70 46
98 31
22 16
43 10
90 81
25 3
11 7
95 55
68 49
63 12
86 21
89 24
97 10
15 14
95 46
35 34
29 18
79 18
68 39
11 7
11 10
33 11
35 6
63 47
34 28
36 19
55 21
89 28
17 14
73 53
26 4
74 64
34 27
24 14
100 66
87 7
18 10
79 18
43 7
59 36
60 45
36 32
72 21
57 2
98 62
68 64
24 3
30 11
39 13
6 5
47 22
27 13
68 41
16 7
97 27
22 5
86 30
48 38
8 3
83 37
4 3
97 14
82 23
42 6
40 33
62 11
55 18
98 36
85 77
16 2
10 7
18 18
19 12
50 42
28 2
29 15
18 13
11 2
84 10
4 3
24 6
94 58
4 4
42 32
88 66
17 8
34 2
13 13
88 8
66 60
7 3
12 7
93 60
74 10
15 6
53 23
8 7
26 19
15 2
66 55
92 87
90 56
73 35
59 51
93 82
60 33
20 5
78 57
9 2
53 8
36 8
98 9
29 25
43 33
47 34
26 19
38 12
2 2
4 4
50 33
98 43
42 10
4 2
16 2
78 8
41 22
25 25
6 5
38 24
38 15
85 81
86 6
3 3
37 29
61 52
7 3
52 30
44 35
67 60
27 6
60 19
100 96
48 44
51 22
64 40
54 6
22 8
71 48
89 69
59 25
43 19
37 2
81 13
91 22
97 65
14 13
32 26
12 10
4 2
86 11
50 26
40 28
50 17
61 16
27 18
82 26
77 67
77 17
27 27
85 66
95 25
48 2
55 49
64 34
79 73
33 12
5 4
95 40
25 24
77 13
80 17
84 26
82 22
46 10
66 17
78 64
40 36
18 6
17 15
24 12
94 45
52 43
45 4
26 24
73 39
86 78
99 17
77 57
49 36
65 46
73 45
74 69
24 20
22 7
41 17
20 18
41 23
51 26
31 25
99 66
100 64
8 4
13 3
66 62
58 49
10 6
76 7
36 21
88 22
75 43
48 32
62 36
88 88
48 8
42 29
37 25
96 50
93 45
61 13
20 11
80 55
58 56
82 9
24 15
48 2
34 7
13 4
8 4
50 29
7 3
59 12
63 37
29 18
49 10
24 2
70 46
30 21
42 35
82 68
86 61
7 5
98 55
47 28
64 25
58 13
43 18
83 39
38 2
67 44
8 2
5 3
2 2
98 27
9 9
22 5
53 44
58 28
52 31
88 6
4 2
18 11
77 57
29 14
31 20
13 7
48 35
45 21
44 33
92 23
5 2
37 26
87 30
40 10
35 28
70 3
73 64
24 4
41 33
76 64
58 47
85 60
60 3
41 21
79 34
8 7
5 4
53 34
46 8
9 4
4 4
51 49
89 68
32 2
64 64
15 11
58 37
20 11
21 7
84 83
24 19
59 22
82 69
98 36
49 26
81 3
96 22
27 2
56 53
29 20
52 8
75 49
4 4
28 25
47 12
34 5
86 25
35 10
69 22
3 3
80 44
89 81
97 26
89 22
70 50
4 4
4 4
97 73
89 16
65 32
72 43
73 37
98 4
83 60
95 84
3 2
58 39
100 18
31 16
85 75
39 29
64 19
80 66
17 14
74 5
36 22
99 89
53 34
38 27
14 5
20 9
61 30
52 28
26 18
78 38
86 13
86 24
50 6
67 33
23 7
51 33
17 17
60 19
20 20
92 41
66 41
99 43
8 3
37 23
37 15
50 13
84 75
18 9
3 2
65 32
14 14
6 6
45 12
14 3
74 32
96 16
13 4
50 37
67 29
68 43
8 8
26 5
31 12
14 11
53 37
33 10
71 26
46 3
89 67
19 10
26 19
36 17
73 11
56 30
78 30
60 5
60 13
2 2
10 4
77 4
64 61
69 25
15 2
27 13
38 20
21 11
96 87
60 8
53 41
48 30
29 14
25 15
60 27
84 73
47 47
34 2
59 37
31 5
47 22
83 65
80 48
76 13
58 19
82 46
76 5
9 4
3 2
50 8
92 28
68 58
94 56
84 14
63 33
73 13
21 11
44 10
79 66
17 2
25 9
50 9
16 4
66 46
96 20
58 42
73 10
75 22
41 7
81 9
91 33
39 7
2 2
54 11
5 2
26 20
19 14
62 11
29 8
19 4
45 3
93 71
50 34
27 10
13 7
53 23
49 40
11 7
22 3
57 7
11 9
33 24
58 9
23 2
22 15
92 14
49 19
64 11
2 2
72 45
49 25
9 8
55 49
58 52
39 30
26 7
100 24
66 26
16 7
29 16
3 2
42 7
35 21
71 56
96 8
89 36
56 45
21 21
7 3
21 11
89 56
2 2
9 5
65 58
31 11
12 2
11 8
50 3
54 49
50 8
35 16
26 26
7 3
79 12
3 2
95 62
11 7
2 2
71 44
3 3
51 18
83 62
34 7
98 20
95 52
99 88
19 10
4 4
40 15
72 47
44 23
78 58
31 2
36 20
15 12
4 3
54 37
3 3
74 53
27 18
73 37
12 9
69 19
39 22
50 41
46 30
51 41
23 3
91 40
49 7
96 65
51 45
21 13
9 7
82 67
44 28
27 24
100 25
10 9
52 46
27 11
45 20
17 17
52 49
30 8
37 3
64 20
56 35
91 41
87 56
11 3
46 45
62 53
56 43
24 8
4 3
85 28
72 25
82 57
76 22
91 17
100 80
9 8
17 5
68 26
76 8
43 42
98 63
52 48
20 11
56 47
12 6
90 74
82 63
4 3
46 25
64 13
5 2
69 3
42 34
83 44
35 8
24 22
95 95
24 20
67 17
24 15
93 65
78 46
81 52
14 6
98 71
56 15
65 28
58 39
57 30
89 40
28 28
58 4
88 46
71 27
9 9
92 18
65 48
23 2
22 21
19 13
99 2
47 3
4 3
36 12
98 38
64 3
25 20
12 4
28 4
14 12
6 2
88 6
30 28
64 46
8 4
85 59
55 21
66 59
34 4
7 6
48 29
28 7
6 2
52 20
92 63
37 21
25 6
93 53
89 84
80 7
48 41
12 12
87 37
15 11
63 59
35 28
86 22
33 22
26 22
37 31
31 3
93 89
14 8
84 43
16 3
79 73
33 10
56 53
88 17
26 14
74 60
75 49
35 27
91 39
92 13
26 10
8 4
49 48
8 4
23 10
96 94
72 37
98 40
67 10
8 6
92 49
60 18
14 12
2 2
94 88
88 70
68 32
28 12
60 35
81 60
60 38
2 2
71 8
62 53
37 3
35 5
86 18
60 26
96 7
64 15
29 20
48 25
45 45
54 43
43 33
85 42
9 5
75 8
26 10
46 23
35 25
6 6
75 41
94 78
31 9
46 22
19 9
81 51
97 28
7 2
34 11
22 11
41 12
3 2
23 23
36 6
74 70
37 12
23 15
88 51
9 9
52 9
31 3
38 26
11 9
17 11
65 39
39 16
3 3
26 18
62 25
40 33
58 25
50 25
47 47
60 53
46 22
74 66
11 9
55 55
35 5
90 76
53 43
25 2
58 55
28 4
93 14
30 20
21 12
89 6
45 21
62 27
85 46
4 3
58 58
80 3
18 11
16 6
51 34
14 7
62 59
8 5
67 12
53 30
57 53
16 11
27 21
28 12
88 81
88 71
40 17
8 6
2 2
67 22
9 9
62 43
54 20
92 48
25 8
26 22
23 21
76 27
69 4
8 8
7 6
47 19
77 20
41 37
26 21
48 23
30 4
32 2
51 10
21 18
21 17
52 24
75 2
100 51
45 21
33 19
64 39
84 12
70 29
60 53
8 5
89 2
27 6
65 37
2 2
47 39
47 45
58 16
62 14
92 70
35 27
69 39
75 25
46 11
32 21
79 78
13 9
92 91
95 52
10 4
85 56
54 9
79 34
63 11
33 33
79 76
91 10
46 14
85 67
93 5
13 2
81 24
4 2
16 8
69 8
76 74
14 7
36 9
43 39
79 26
56 47
51 28
87 8
15 9
100 63
58 15
88 6
78 44
38 15
46 26
7 7
69 50
87 69
90 82
64 29
53 41
73 60
21 12
9 8
61 60
58 33
41 9
31 3
22 3
99 37
98 22
62 58
85 77
51 47
97 56
31 19
24 20
86 67
18 11
37 5
6 6
85 9
88 44
78 44
68 58
67 24
87 31
28 18
85 30
56 27
65 33
61 22
94 39
17 17
70 25
33 5
49 39
82 50
58 8
94 76
9 6
87 76
26 2
38 4
35 20
68 33
59 17
93 64
3 2
99 97
35 2
70 18
39 34
39 30
65 65
10 9
44 24
2 2
14 8
47 5
80 32
43 32
3 3
21 3
66 36
77 47
96 28
19 18
74 29
6 6
12 4
9 9
63 49
7 4
50 49
23 8
15 2
55 39
59 14
61 52
21 5
48 15
39 36
85 6
88 78
6 4
81 22
84 31
65 44
36 34
74 43
99 19
12 4
35 11
79 54
99 68
82 8
75 2
4 2
73 40
8 8
69 39
33 22
14 13
54 39
78 78
100 38
8 7
79 22
78 60
13 11
46 26
60 57
8 7
2 2
69 49
92 23
82 72
65 5
40 12
56 28
71 71
25 7
44 29
19 9
25 23
8 8
77 58
10 8
83 67
2 2
68 9
84 44
79 17
47 28
73 18
3 3
13 7
30 29
60 25
36 15
86 41
99 62
66 5
96 21
2 2
59 19
61 25
42 6
55 11
22 19
8 7
76 27
3 3
27 6
74 13
30 28
12 5
64 62
11 9
33 9
22 14
82 59
64 40
34 15
36 7
15 14
86 24
36 27
72 63
55 44
100 99
80 51
34 6
35 35
75 68
70 45
6 4
25 24
48 38
75 23
21 17
9 7
95 77
50 17
2 2
24 13
20 18
84 47
6 3
32 6
21 2
89 18
5 4
97 65
21 3
33 4
28 28
73 24
99 7
5 3
84 16
99 36
96 49
20 6
81 72
28 8
33 25
28 5
72 54
52 19
28 5
95 52
94 70
89 57
6 5
37 30
63 35
77 21
4 3
40 18
76 28
29 3
93 2
52 44
52 21
10 8
28 15
98 49
43 29
13 12
70 18
77 33
82 10
51 35
39 17
79 70
25 4
23 8
51 44
39 20
48 28
66 40
87 22
99 84
44 7
22 22
5 2
32 8
18 10
72 46
55 17
7 4
5 3
96 45
79 43
99 78
37 5
29 9
28 15
49 8
99 39
70 23
16 4
17 11
35 5
33 32
25 11
66 64
13 10
12 7
19 19
79 69
15 14
62 29
66 13
61 40
14 14
81 45
65 9
94 21
2 2
41 2
10 6
83 34
48 3
12 12
64 53
46 44
79 48
30 6
57 6
43 27
39 39
36 28
93 6
38 7
5 2
33 29
45 23
76 67
41 16
27 20
19 6
31 14
89 59
82 13
80 39
7 7
71 64
26 17
25 25
8 2
4 2
27 17
55 21
10 6
70 42
57 57
69 33
29 7
64 61
40 5
41 27
86 33
67 13
47 45
79 3
74 46
89 42
74 60
26 6
58 50
99 20
89 48
11 2
28 16
54 16
92 10
40 24
39 29
32 26
48 38
15 12
43 17
72 51
21 12
56 31
72 4
58 47
51 9
51 10
21 4
70 4
5 4
45 25
67 18
84 81
93 57
72 53
12 12
93 24
45 14
41 9
54 42
2 2
44 37
7 6
23 8
26 9
64 49
20 9
96 48
63 57
47 9
2 2
83 17
96 30
8 4
100 54
23 15
34 19
64 64
89 60
71 50
82 49
63 56
53 24
4 4
9 8
71 46
77 74
83 64
73 22
27 10
34 27
25 23
20 7
12 10
66 55
50 17
45 45
75 44
30 7
41 35
10 4
57 30
99 51
30 28
71 51
49 19
24 16
7 5
55 24
56 21
70 19
53 28
79 50
20 7
43 20
83 31
69 5
82 80
64 60
75 2
4 4
20 11
49 31
83 33
38 14
25 9
72 9
21 4
70 9
27 3
57 48
81 80
10 3
65 63
5 2
36 34
68 68
71 67
84 38
46 21
15 14
27 15
56 16
74 6
75 3
43 33
86 52
54 10
14 8
52 18
67 65
50 23
82 63
6 4
71 50
78 16
75 13
75 61
14 5
40 10
42 32
26 26
70 54
9 5
66 29
47 22
89 9
61 47
82 48
12 7
76 36
28 27
99 90
24 6
21 17
8 5
90 56
78 9
73 57
33 29
13 8
12 5
97 90
64 40
31 16
31 23
62 53
35 23
28 27
37 17
3 2
60 35
19 7
73 30
85 66
90 3
59 22
19 13
79 43
30 19
85 53
79 51
58 34
33 2
32 13
42 34
27 18
3 3
68 54
53 39
5 5
67 51
43 41
28 8
48 34
80 39
59 54
2 2
48 48
31 23
85 34
19 3
98 89
16 13
41 22
47 13
42 37
71 55
62 7
56 39
59 54
72 33
2 2
12 11
94 65
77 21
11 7
75 16
89 85
3 2
29 7
83 42
58 11
86 56
46 12
90 45
88 31
26 18
88 44
23 19
32 13
79 32
3 3
77 31
55 5
88 82
26 10
48 36
27 24
77 52
43 25
17 17
54 34
83 16
3 3
6 3
15 11
83 68
17 16
19 8
59 4
74 6
86 56
96 79
18 8
55 20
86 19
37 30
94 6
22 2
99 2
30 9
69 23
41 16
11 11
22 16
20 5
83 79
26 20
13 13
9 6
12 12
17 7
64 63
78 66
81 45
83 60
81 61
71 54
96 50
49 43
78 67
92 42
32 2
20 7
9 3
90 86
44 12
47 30
28 13
94 19
25 12
43 5
69 60
22 17
29 25
52 2
67 30
17 10
12 7
87 65
83 6
4 2
42 20
51 7
27 7
57 36
90 40
74 35
65 53
76 68
68 63
88 14
37 18
40 3
25 25
84 9
47 34
60 54
18 6
63 22
88 73
35 10
97 64
58 15
93 82
16 12
91 18
29 13
23 12
64 28
78 52
22 7
96 89
51 46
30 13
20 14
39 4
63 52
12 7
82 30
36 11
70 16
56 52
34 29
100 84
58 41
14 14
88 45
57 52
63 7
18 18
76 33
21 14
44 36
38 26
78 2
32 7
13 2
83 16
95 81
74 7
16 12
94 70
46 29
24 11
38 9
55 18
32 25
58 35
34 31
98 5
96 41
20 9
94 34
99 93
37 30
93 21
27 27
48 31
17 6
78 13
13 9
38 29
63 34
21 10
27 5
67 18
60 47
37 34
80 69
53 45
42 40
60 13
19 6
36 13
13 9
72 53
33 8
38 21
61 17
19 12
71 32
11 9
53 23
8 8
72 2
56 38
55 47
22 4
73 29
13 4
19 2
44 12
57 46
49 39
94 36
49 13
53 28
71 18
78 10
96 68
68 68
84 18
23 6
95 53
68 27
84 18
39 38
72 68
52 49
87 19
46 36
49 45
13 8
43 29
82 43
84 49
33 32
77 40
52 11
97 57
77 62
4 4
9 7
64 53
39 30
45 21
47 29
72 64
57 20
83 44
31 10
92 18
85 65
96 23
98 58
72 3
12 11
74 10
65 36
43 12
6 5
36 6
60 39
13 5
60 56
84 65
21 14
41 12
70 63
9 5
73 28
10 4
95 78
35 19
36 18
2 2
65 15
38 37
21 16
51 2
79 4
31 24
10 5
95 32
11 6
73 62
24 15
52 10
3 3
17 10
79 25
73 48
68 40
51 25
54 23
9 9
51 35
100 12
28 2
62 15
14 4
43 30
53 8
29 6
49 24
15 9
15 2
8 8
20 20
22 13
34 18
52 42
54 22
35 34
54 17
46 46
82 57
34 13
59 36
27 7
59 59
87 67
92 70
82 8
62 31
36 9
19 3
30 18
17 16
39 30
40 36
39 16
57 46
55 55
37 16
73 58
82 77
57 34
94 76
74 8
80 78
96 89
86 26
36 18
51 45
23 19
27 9
32 15
62 25
91 20
59 11
41 8
35 19
97 12
63 6
30 27
50 21
87 75
5 2
5 5
36 33
7 6
87 81
27 6
88 80
38 33
30 15
84 65
58 19
29 22
60 12
12 10
89 33
97 33
14 5
28 15
75 68
86 17
55 34
88 15
35 12
94 21
14 8
74 2
89 59
52 16
90 18
93 17
54 23
38 32
15 9
38 24
69 19
51 36
36 9
75 57
14 6
66 36
77 41
10 10
91 64
15 6
90 47
65 63
95 66
95 33
98 75
71 53
55 43
53 33
14 7
91 59
74 32
68 38
48 3
71 11
35 3
4 2
4 4
16 4
78 22
96 80
58 31
17 15
54 30
67 49
16 15
11 5
21 11
33 4
43 6
44 7
33 10
52 14
99 99
33 10
99 29
84 16
76 56
50 2
66 20
15 14
30 11
35 33
94 65
32 19
81 38
12 11
19 7
16 10
14 8
91 73
45 7
25 8
9 4
75 38
34 26
56 18
92 7
24 3
33 21
13 13
14 6
11 4
10 6
84 63
37 29
77 13
21 18
6 2
59 38
95 6
8 5
28 14
66 62
7 4
69 53
57 4
80 63
81 60
7 7
70 55
38 14
34 2
17 17
20 10
5 5
42 3
34 6
30 7
9 2
29 3
91 58
98 63
12 7
5 3
2 2
20 6
87 81
21 14
31 23
53 17
82 23
45 9
55 40
55 15
91 43
88 86
54 8
75 48
23 20
19 10
46 32
43 23
87 44
9 2
16 13
55 22
20 17
22 7
68 60
89 83
76 42
58 37
78 44
7 7
65 34
32 14
24 15
2 2
30 15
26 4
20 3
39 24
17 16
88 26
8 2
53 8
97 30
10 9
11 3
58 53
75 17
10 8
90 8
74 51
9 3
58 22
17 12
98 33
34 26
31 8
33 30
59 13
79 60
55 3
93 65
18 6
96 47
46 18
39 9
79 66
49 43
32 5
18 4
16 14
10 2
22 2
99 19
84 37
65 17
23 3
36 30
95 37
86 75
34 11
58 50
69 45
95 30
89 82
30 15
82 11
9 6
45 25
100 60
98 97
71 9
81 47
31 2
48 40
92 66
24 2
62 52
14 2
24 9
43 18
15 3
95 76
32 18
18 5
71 49
6 5
45 32
16 11
21 10
42 37
93 78
36 30
32 22
51 30
53 46
4 2
100 87
4 4
94 20
80 50
67 4
32 25
53 32
22 10
20 13
49 6
87 52
77 47
15 14
25 3
10 10
69 5
82 80
2 2
60 49
60 48
57 10
9 7
76 16
12 5
91 41
46 3
74 25
25 11
71 60
83 18
63 29
37 11
10 4
7 4
65 42
83 78
47 16
19 3
32 16
38 35
83 79
78 7
56 43
54 21
12 9
85 29
44 16
73 43
28 7
17 5
65 54
92 7
27 3
21 6
22 4
98 93
80 74
50 50
25 24
86 16
30 8
77 28
43 17
61 7
61 41
47 36
18 4
70 38
65 43
54 45
96 27
73 44
22 21
46 28
62 3
66 16
45 44
74 24
53 16
65 56
76 42
93 81
53 15
98 16
15 11
63 61
79 21
29 15
84 63
85 79
93 79
100 26
84 74
9 4
45 9
54 25
36 15
98 62
9 4
75 68
94 42
27 8
83 6
60 16
29 15
39 11
34 24
61 8
30 15
93 70
45 44
20 13
23 9
44 10
65 49
80 46
61 40
5 3
82 66
90 7
24 17
24 2
88 77
82 59
59 51
18 8
86 81
87 82
50 31
58 24
93 14
68 35
14 10
61 14
23 13
13 11
92 63
9 3
93 90
51 2
87 25
92 20
5 2
64 49
51 25
91 73
8 5
5 2
30 29
95 57
29 29
77 20
95 63
55 11
17 5
41 21
14 10
22 13
37 28
56 44
14 13
29 5
29 22
71 17
13 8
87 81
80 37
92 50
48 21
100 39
57 16
54 46
4 2
44 32
11 2
15 13
80 21
48 14
22 12
61 19
32 7
63 57
23 14
7 4
32 11
34 3
45 4
91 35
60 43
61 14
55 37
73 41
31 18
49 18
12 6
54 20
70 32
100 83
86 3
55 40
54 54
8 4
59 53
12 5
99 45
27 7
19 14
40 3
41 38
8 5
84 11
87 74
60 13
99 63
21 4
31 23
59 18
38 3
92 87
43 33
17 12
70 50
23 8
75 61
82 60
80 47
16 13
68 52
18 4
48 42
48 29
9 8
5 2
5 5
86 43
71 22
61 31
43 36
8 6
15 10
23 23
70 46
95 73
73 32
55 51
73 60
97 70
79 15
97 70
22 18
14 3
11 10
78 53
31 2
57 46
34 10
84 9
61 17
21 21
25 25
92 5
66 38
83 52
91 20
29 28
84 66
90 35
16 15
39 15
13 12
62 28
37 35
97 79
71 5
3 3
85 8
92 12
64 23
80 76
34 2
56 6
63 52
40 32
16 3
51 8
89 88
28 15
85 50
47 9
24 12
100 91
75 68
26 12
15 9
70 25
82 9
21 7
92 54
99 51
51 23
19 19
67 60
90 72
81 6
43 35
52 23
76 46
55 43
100 90
70 51
61 57
82 14
43 26
58 10
55 29
61 34
100 8
45 44
64 48
43 34
74 29
65 29
52 45
60 28
96 69
47 28
68 24
37 3
10 3
80 18
36 7
31 14
92 3
85 51
77 45
17 6
43 7
65 37
23 13
8 3
84 74
83 7
50 30
19 7
9 3
14 9
20 18
97 85
74 68
44 33
77 63
60 32
18 7
88 6
61 3
31 20
36 32
23 19
14 3
17 3
48 38
35 11
57 31
3 3
5 3
81 29
43 3
88 67
34 21
93 66
83 53
74 66
14 10
31 23
39 21
60 12
32 11
84 63
88 45
40 28
26 22
39 32
14 12
62 49
52 12
32 29
25 11
28 17
52 22
37 25
66 22
36 13
7 6
66 9
56 17
78 46
47 40
92 36
60 34
94 4
29 20
60 29
64 18
22 3
23 22
5 4
26 14
100 14
10 10
19 4
22 4
97 68
44 17
23 9
84 2
15 11
58 57
57 18
58 36
73 59
35 13
49 20
21 16
85 56
79 36
32 18
20 13
35 5
6 5
62 54
90 18
10 10
47 8
7 3
7 7
11 2
52 29
90 22
15 12
16 14
74 67
100 83
4 2
85 69
70 37
48 23
48 29
48 10
11 3
3 3
29 20
8 2
34 9
13 6
90 15
21 13
95 46
83 3
70 68
84 75
31 14
98 93
36 22
73 42
89 72
27 23
17 4
8 2
65 25
22 17
4 4
41 3
81 75
20 9
36 27
54 5
6 4
20 13
86 39
40 9
20 14
100 29
81 5
12 3
10 4
29 3
29 8
62 41
78 19
66 44
7 6
45 15
9 3
86 73
17 17
19 10
5 4
91 55
7 3
3 3
73 51
26 6
84 38
52 46
34 8
89 64
61 28
48 13
62 62
78 69
5 2
91 5
2 2
19 8
54 4
67 65
41 40
80 61
37 33
36 7
86 67
3 2
10 10
99 77
31 15
22 16
88 84
56 18
6 2
7 4
41 7
62 28
40 37
24 12
96 41
84 54
87 67
29 17
11 10
6 4
29 19
41 14
26 8
80 38
66 49
60 59
91 29
55 26
88 7
68 36
51 32
21 12
84 73
38 6
8 5
83 35
13 8
19 19
88 88
89 2
99 20
31 18
32 14
88 20
6 3
43 37
3 2
84 5
33 23
22 2
80 43
83 34
18 18
77 76
96 33
8 8
88 13
22 7
90 19
16 4
89 17
17 11
2 2
14 9
72 36
94 13
23 11
50 27
5 3
56 41
43 14
87 5
99 62
99 93
85 79
7 4
34 14
5 4
100 6
75 63
38 33
17 12
19 7
61 44
59 44
34 6
69 53
80 68
78 56
36 28
66 34
100 86
87 12
44 23
83 15
64 23
3 2
59 19
42 9
47 9
63 60
7 4
60 5
25 7
54 38
54 26
14 6
7 3
94 16
77 6
24 17
45 30
93 86
97 63
80 33
83 44
36 19
51 24
20 7
99 55
52 5
12 7
28 11
21 17
8 4
57 55
97 62
98 15
75 6
42 22
99 72
16 3
10 5
78 3
54 37
41 31
35 33
59 32
81 69
96 10
63 36
12 12
70 14
46 37
96 63
54 27
67 46
88 80
95 74
34 34
100 11
43 34
20 17
40 11
78 54
28 21
64 16
33 16
10 3
37 33
14 14
30 7
12 2
45 36
59 28
85 11
16 2
69 22
90 3
73 67
100 99
66 52
39 10
35 6
73 15
37 10
38 14
29 21
92 87
74 33
91 25
64 6
58 7
12 12
56 27
30 8
85 50
62 24
53 27
37 20
50 38
64 33
18 18
74 6
100 80
76 72
62 21
65 45
88 26
20 8
63 49
44 2
48 9
82 70
27 13
80 50
31 31
41 31
85 77
12 5
17 13
38 10
54 51
76 35
74 2
42 7
42 21
14 7
35 22
75 67
47 20
99 68
26 5
71 25
40 15
62 8
94 36
16 3
17 14
61 38
80 70
26 21
31 9
30 21
24 7
6 3
26 22
63 53
76 61
75 55
88 35
86 7
36 4
65 29
25 5
93 92
37 34
6 3
23 15
18 6
24 18
8 5
42 34
74 48
55 29
14 11
22 6
33 32
45 30
58 39
61 36
52 43
18 8
27 10
7 2
66 18
5 2
3 2
70 13
87 25
37 16
34 34
56 40
2 2
98 52
36 12
63 63
79 22
86 17
51 41
38 5
86 75
96 66
81 50
81 55
21 8
16 3
82 72
16 15
85 54
80 6
39 34
23 2
11 8
79 36
97 46
97 5
24 14
3 3
63 36
71 69
27 15
46 4
63 11
38 25
12 2
30 17
65 17
11 7
16 7
11 11
67 37
4 4
46 21
33 6
66 35
73 56
63 61
26 12
91 16
80 8
30 27
23 19
41 25
23 4
16 8
79 41
7 7
87 12
96 4
82 74
25 2
63 17
97 80
43 29
28 28
72 51
94 12
20 18
62 7
39 26
37 14
91 7
73 2
59 56
70 23
65 58
84 11
37 22
32 31
34 7
3 3
51 34
53 32
100 89
12 5
76 32
69 59
67 39
99 27
83 9
96 35
56 41
48 3
45 10
73 60
49 12
74 57
9 6
75 28
35 24
42 2
19 5
25 24
75 50
99 44
21 8
27 5
32 30
76 72
92 28
51 38
29 29
30 25
16 6
65 52
94 53
34 34
5 5
21 21
57 13
4 4
98 7
18 15
30 26
29 12
51 18
87 27
4 2
26 20
85 51
61 55
53 19
55 51
10 2
26 19
44 21
82 32
69 23
77 5
77 28
93 63
30 30
10 10
6 2
6 5
39 21
94 74
4 3
14 10
64 36
43 30
69 10
64 40
11 11
89 17
74 32
98 43
92 80
67 28
40 7
41 20
23 18
48 27
70 57
75 58
94 10
10 8
44 20
35 29
38 2
60 30
81 59
76 74
57 49
73 39
77 59
44 36
79 36
80 44
79 21
5 2
64 59
85 58
76 22
79 32
62 40
88 43
37 25
82 34
33 17
5 4
15 5
43 35
18 18
14 10
76 61
53 19
62 29
23 23
98 59
23 23
49 12
8 7
6 5
18 18
18 2
31 14
27 16
36 36
72 25
51 2
79 65
83 62
3 2
9 5
98 17
65 33
31 2
44 19
88 50
53 29
71 41
85 33
32 12
49 45
3 3
71 16
96 47
4 4
66 16
35 30
83 2
18 12
7 3
17 7
100 9
46 37
37 30
7 5
96 3
66 27
6 2
17 13
67 21
62 9
59 32
74 72
91 57
49 40
100 10
91 4
35 18
94 21
54 8
43 41
60 57
12 3
33 30
81 3
21 14
65 9
25 24
63 36
80 64
27 24
62 36
32 2
28 20
54 21
87 60
31 15
81 79
26 10
3 2
64 48
59 18
59 36
20 10
43 29
92 16
76 64
8 7
60 52
18 4
79 15
10 2
5 4
62 58
60 55
70 44
57 19
4 4
94 13
21 20
77 12
7 3
22 21
49 7
79 47
79 44
82 67
7 3
57 56
82 26
41 33
5 4
45 41
48 31
45 27
76 43
93 26
86 17
16 13
65 21
56 50
72 63
4 2
43 25
21 7
65 21
76 49
41 18
47 40
35 8
30 15
43 23
53 28
15 7
39 6
89 70
62 43
46 4
53 48
96 92
45 22
24 24
90 48
93 92
75 36
21 4
9 2
73 57
40 10
64 17
71 43
22 16
50 21
11 2
28 2
24 12
89 65
73 21
48 3
48 46
6 6
40 26
28 9
16 4
72 38
80 67
21 14
58 8
48 36
37 15
65 52
65 13
89 44
48 16
71 7
40 29
7 4
70 66
91 71
3 2
90 34
28 10
53 6
20 10
36 8
39 19
19 13
57 52
3 3
84 12
69 65
47 6
81 62
79 72
85 46
86 46
69 39
85 32
33 27
65 58
98 42
38 37
12 12
73 40
50 17
50 21
62 13
96 54
26 21
25 7
82 73
21 9
47 7
39 5
24 2
37 24
84 63
28 15
37 7
71 44
87 61
32 23
28 19
29 9
58 57
37 7
71 51
9 4
26 12
47 3
47 2
85 4
93 3
75 50
62 35
58 11
22 8
60 36
60 27
92 28
72 11
7 7
81 68
37 12
59 17
70 3
93 27
86 85
60 45
25 19
8 2
83 17
65 15
43 43
6 3
61 59
84 73
44 17
12 11
100 57
47 47
18 7
12 4
70 18
24 4
64 7
10 6
63 58
23 13
44 13
85 29
63 25
45 4
3 3
7 2
78 46
70 48
71 36
37 5
75 52
34 29
30 14
4 4
51 3
63 30
92 14
32 19
35 26
85 39
84 72
92 21
16 8
44 18
44 43
86 78
94 93
57 54
72 44
82 82
84 5
19 13
32 22
23 17
96 34
83 63
35 27
12 6
95 21
18 16
97 8
93 73
46 4
41 27
90 5
79 4
79 64
44 4
37 15
18 5
76 14
39 5
48 23
6 3
14 11
92 82
37 37
49 49
97 34
67 31
15 3
15 5
65 17
98 71
60 10
63 56
57 44
45 9
61 16
3 3
74 28
45 12
57 36
55 19
88 59
11 3
7 4
37 14
9 5
64 15
39 3
63 19
18 15
29 3
31 2
13 8
7 2
4 3
84 19
100 16
66 24
80 73
88 33
64 51
2 2
86 60
59 43
91 66
4 2
11 7
45 9
91 30
65 35
2 2
35 25
73 68
4 4
78 42
55 54
72 11
3 2
16 7
9 4
50 50
56 44
74 40
23 17
6 5
13 11
53 26
97 7
48 42
40 25
70 12
9 8
36 28
66 6
83 59
94 16
69 24
100 44
67 30
3 2
67 2
25 21
48 29
51 33
81 70
69 51
15 15
77 26
17 5
2 2
26 22
67 41
37 36
41 12
30 24
8 5
58 23
56 6
11 8
64 54
34 33
93 51
5 4
84 58
87 32
26 26
72 62
67 28
81 34
7 3
66 25
68 58
100 3
74 61
75 41
8 3
48 32
69 47
55 55
9 7
66 10
11 4
86 59
54 9
76 65
11 11
73 25
46 10
91 58
55 17
23 3
54 22
24 6
78 48
45 39
48 9
12 3
53 37
83 72
2 2
77 20
45 25
53 51
17 5
39 15
29 24
85 72
37 20
19 9
40 37
58 39
61 30
81 58
58 49
54 49
32 21
56 46
56 9
59 44
63 14
79 20
63 44
100 57
96 56
60 59
69 42
30 8
9 6
78 59
15 9
12 5
69 64
83 46
86 54
79 78
82 27
36 28
80 46
28 15
41 26
91 51
36 6
30 14
41 30
58 53
20 17
62 46
98 4
99 53
74 49
36 34
20 10
2 2
28 17
49 49
3 2
9 2
76 48
62 41
40 4
51 28
54 8
75 43
65 15
61 6
83 17
3 2
52 20
97 84
3 3
63 49
69 9
12 7
93 35
41 26
89 34
28 17
94 51
26 13
17 6
24 11
85 10
58 2
29 11
73 61
44 31
50 9
19 10
82 53
45 10
68 11
51 35
87 78
26 20
40 4
90 47
54 9
7 5
33 9
19 3
7 7
29 25
82 20
48 12
48 44
26 14
56 55
42 34
57 20
87 72
78 34
26 11
93 31
98 87
33 24
92 67
74 24
30 14
9 6
56 10
76 20
85 70
22 12
86 63
22 19
15 4
94 4
81 64
24 6
9 2
57 57
69 58
11 11
74 52
87 69
15 5
34 34
81 23
5 3
11 10
36 26
39 7
76 28
88 24
84 30
22 9
27 4
53 21
49 5
97 49
65 60
73 6
74 45
14 5
20 16
43 36
82 57
87 45
34 5
68 68
55 41
89 45
97 81
96 54
22 5
89 28
57 4
25 22
79 36
32 29
63 22
31 13
2 2
13 4
12 3
32 2
61 15
35 17
47 11
83 76
48 18
7 2
95 36
81 49
71 19
69 69
36 29
65 64
33 27
5 5
18 4
5 3
39 13
2 2
29 8
58 55
87 58
31 16
64 2
57 30
88 72
26 19
61 17
85 27
15 14
78 40
12 7
60 8
41 35
58 57
77 58
67 58
16 6
40 40
81 20
27 26
10 7
97 21
96 6
33 2
72 56
45 19
99 49
4 3
60 22
16 11
3 2
76 3
49 12
49 17
87 26
26 24
30 27
76 40
34 27
39 6
71 55
41 4
39 32
71 66
47 11
18 12
8 6
24 3
61 25
16 8
57 23
91 10
96 31
9 2
46 3
78 2
93 92
40 8
80 29
60 31
80 68
26 9
18 18
38 21
25 25
88 4
99 25
22 12
20 8
20 19
11 4
74 11
32 25
70 43
9 6
28 25
67 67
75 49
51 28
49 20
41 28
29 17
75 50
92 42
62 32
19 16
40 40
11 11
95 36
27 10
14 3
5 2
14 7
90 64
72 2
77 10
97 81
53 11
79 75
47 19
15 7
40 23
27 12
85 8
63 14
71 50
54 25
69 26
54 18
57 53
56 19
33 16
93 34
56 24
70 42
82 24
84 78
67 29
52 48
74 35
71 70
78 63
88 80
32 13
22 2
4 4
94 6
69 3
44 44
17 12
99 26
22 7
89 80
85 48
24 13
55 9
96 75
2 2
73 29
17 15
37 4
95 69
48 39
100 59
5 3
51 24
53 24
37 18
35 20
99 86
50 26
37 25
90 72
90 57
70 11
14 7
19 7
94 88
36 30
89 9
47 7
71 68
10 10
2 2
25 4
28 2
66 56
19 13
86 7
49 10
46 27
39 8
27 11
17 17
75 25
100 11
83 15
73 31
99 84
9 9
21 10
26 7
95 95
72 7
75 29
7 3
19 2
16 13
37 14
86 42
71 59
13 12
13 5
32 22
41 18
94 45
13 4
16 9
83 49
59 10
76 74
100 83
41 25
69 46
53 50
53 11
80 34
70 38
74 33
35 33
21 12
44 18
72 56
33 9
97 33
31 12
95 62
93 68
87 76
97 18
20 16
50 18
93 27
32 6
24 11
49 38
72 42
85 27
5 3
21 21
11 3
41 27
21 6
3 2
9 6
47 28
68 30
89 50
24 20
17 13
28 11
95 42
22 20
25 11
67 38
19 9
18 11
74 22
15 15
53 14
77 56
95 64
29 2
38 5
19 5
75 50
98 14
21 8
88 2
53 34
34 3
91 54
19 11
76 66
51 39
54 11
88 3
93 38
89 65
58 51
19 19
48 46
88 17
38 10
84 71
39 30
7 2
70 22
65 10
53 43
90 31
23 12
71 52
40 22
49 41
79 57
98 77
65 21
78 49
56 26
56 17
82 74
69 47
41 40
72 68
71 26
34 24
89 84
89 77
77 6
81 9
56 31
84 47
42 3
7 7
10 9
14 9
56 16
39 33
56 15
31 10
29 5
57 22
34 14
99 81
67 27
100 11
39 6
8 2
59 47
11 3
41 39
89 50
93 2
15 14
76 24
42 17
26 6
59 59
49 23
51 14
32 32
90 57
74 69
34 7
24 24
27 19
6 5
50 14
6 3
24 19
5 5
82 30
52 12
43 42
65 53
86 23
66 21
51 50
46 32
10 5
50 18
78 59
67 9
55 48
59 10
80 45
40 17
22 11
58 12
93 58
67 34
24 6
55 11
11 8
80 63
57 43
25 5
58 54
73 9
69 57
28 18
68 17
43 3
64 15
26 12
12 7
77 25
62 42
73 24
38 18
82 19
50 41
54 31
58 45
50 19
9 9
29 7
70 22
22 22
24 9
68 55
68 20
43 42
6 4
10 10
59 14
24 10
38 3
58 39
57 8
37 11
53 16
40 27
15 12
87 51
32 21
59 14
91 88
78 53
80 16
60 30
58 46
31 22
80 22
6 5
62 5
11 10
87 67
29 24
82 23
23 12
71 15
62 22
79 18
52 15
18 8
35 14
59 21
43 6
54 49
55 53
91 26
44 27
7 4
24 24
99 67
19 3
59 58
84 41
17 7
70 8
100 12
22 14
3 3
32 21
17 9
50 20
79 10
6 3
64 49
26 26
62 43
91 22
35 5
23 21
87 5
64 27
58 10
23 4
98 59
29 6
31 26
70 11
47 6
19 11
41 36
26 3
94 67
82 50
14 7
23 5
45 41
90 38
88 44
88 24
85 25
56 2
11 10
51 2
10 4
15 5
47 32
17 8
49 37
99 84
21 7
15 7
59 13
43 6
77 73
42 39
100 24
78 19
46 14
64 11
74 55
79 11
32 6
69 57
7 7
18 15
28 6
7 2
11 5
41 11
62 38
26 5
68 66
68 50
78 37
25 12
71 13
94 4
50 22
39 11
76 48
66 4
87 16
79 53
26 9
58 8
44 38
26 2
53 23
82 6
54 24
50 48
18 8
9 9
49 12
30 14
37 25
70 16
98 49
74 50
42 18
18 16
87 42
35 21
7 2
85 34
100 45
6 2
18 18
95 6
81 30
77 18
54 9
63 47
12 6
93 86
83 21
56 50
79 29
31 9
79 25
38 28
33 9
30 12
86 40
66 26
10 7
89 32
92 54
91 51
70 33
99 16
3 2
35 26
82 28
11 8
50 23
14 12
6 4
80 26
55 50
74 6
14 5
23 15
45 28
39 4
52 30
28 10
92 31
94 44
40 7
32 14
96 8
65 14
78 53
58 43
95 53
93 2
54 30
94 34
74 18
15 11
69 56
62 12
21 15
88 32
42 3
54 46
54 45
41 35
4 4
42 3
66 42
81 38
26 18
77 57
30 11
36 25
85 41
88 58
78 27
78 67
59 29
27 23
28 17
3 2
68 12
54 54
25 16
91 30
17 7
68 20
60 38
33 18
28 12
65 64
31 10
80 78
96 62
31 4
10 4
32 29
11 9
7 3
28 11
32 21
90 9
61 50
13 7
32 17
99 91
58 43
84 43
19 12
52 9
78 46
61 56
12 4
45 38
43 33
60 43
2 2
21 4
57 22
22 3
38 24
55 23
47 5
61 32
89 4
99 83
71 39
72 4
74 20
49 2
67 52
93 44
88 10
86 85
59 51
91 84
11 6
42 30
2 2
24 16
9 2
93 54
84 12
90 34
77 72
11 6
15 6
69 42
13 12
100 40
2 2
25 3
93 77
42 16
52 42
34 27
6 3
81 55
41 26
91 78
4 4
64 35
52 31
98 51
66 20
57 48
50 7
82 57
9 9
100 58
60 11
40 29
88 76
86 9
8 2
62 40
3 3
66 51
65 18
79 65
78 47
96 47
60 49
12 3
62 35
68 11
19 12
89 37
8 5
66 10
41 23
64 33
78 24
8 4
83 2
67 29
16 14
11 11
19 3
13 7
39 28
93 71
11 2
58 45
63 44
47 5
58 16
99 38
72 16
72 69
14 9
29 16
58 25
55 46
44 12
19 3
66 7
54 9
50 35
21 17
97 36
43 23
37 29
69 60
22 13
66 54
77 57
76 59
23 15
49 37
15 4
57 21
79 53
9 8
94 23
80 66
32 26
20 10
57 13
32 6
60 5
42 18
15 15
62 48
93 85
46 43
70 34
88 41
10 6
38 20
96 4
27 26
42 27
7 5
88 25
4 4
75 74
62 13
68 50
38 25
9 2
92 19
81 35
55 18
43 30
11 6
76 61
90 4
99 26
67 58
73 57
70 8
22 7
94 20
29 24
100 54
44 16
57 49
50 39
86 73
73 45
64 16
61 52
30 29
43 5
87 38
3 2
17 5
50 30
99 76
72 69
29 10
30 6
43 28
39 30
11 9
78 2
12 6
39 35
32 18
36 10
17 3
40 30
44 6
48 6
14 13
81 45
18 12
92 74
87 32
100 55
55 45
32 16
88 86
41 27
99 53
38 14
39 34
68 18
64 46
17 11
13 5
53 26
32 18
95 20
50 31
2 2
34 23
86 69
35 33
88 47
59 38
5 4
60 51
84 31
6 6
36 15
48 6
91 61
64 27
98 63
83 49
74 69
31 19
37 26
14 4
22 11
99 26
29 11
91 39
92 39
37 11
69 34
6 3
56 19
65 54
74 46
45 43
77 37
58 24
86 44
92 28
95 14
33 6
87 6
25 22
40 7
43 32
18 16
52 10
84 59
14 4
4 3
85 80
18 17
85 54
92 11
78 51
42 2
58 45
24 10
98 6
6 4
20 4
66 61
30 13
16 5
99 89
5 2
48 28
63 12
23 23
21 15
37 4
37 26
32 24
48 40
32 23
46 11
50 29
78 41
74 44
21 19
87 51
38 14
69 66
13 3
26 4
50 8
44 42
5 3
39 11
54 52
20 16
3 3
4 4
2 2
43 38
89 25
24 15
43 36
61 11
96 96
32 20
96 67
51 24
13 5
34 3
15 8
9 6
65 23
3 2
91 35
98 91
55 44
30 26
84 60
46 35
6 2
53 9
14 6
90 59
19 13
70 41
86 25
21 7
55 7
44 36
75 43
26 2
29 4
9 6
81 42
92 89
62 16
54 44
68 68
29 27
70 11
18 17
34 9
18 3
54 25
65 24
42 16
44 13
7 7
50 12
61 16
21 8
49 9
45 40
64 10
67 38
87 57
16 13
64 9
49 49
87 3
61 21
81 37
94 61
62 58
72 55
35 20
27 8
10 4
35 25
72 58
70 67
80 35
3 2
5 3
16 13
58 55
84 34
91 70
24 5
71 34
63 3
22 19
46 14
89 6
32 30
47 46
83 48
61 51
74 22
54 28
41 3
100 73
40 32
8 6
71 51
41 32
97 86
25 7
31 24
53 44
72 40
51 42
40 31
90 87
55 32
61 52
94 35
92 82
95 64
8 4
28 26
39 13
20 4
84 80
85 15
9 5
91 33
72 61
13 6
72 33
39 18
58 52
56 40
2 2
42 23
19 12
31 14
93 66
61 51
66 12
19 3
13 11
82 65
24 16
79 7
100 46
77 44
73 37
81 44
73 28
45 15
81 52
40 13
64 54
93 81
3 3
91 8
24 12
95 74
85 30
11 8
59 12
79 59
43 6
48 26
79 51
81 29
73 20
66 6
42 29
75 63
80 12
28 27
32 4
22 8
62 38
53 33
46 31
94 70
17 12
68 32
28 16
85 36
39 20
38 9
37 32
35 3
65 61
28 23
46 15
10 10
96 18
22 11
37 2
18 17
52 25
76 46
99 20
20 8
36 23
93 91
73 10
58 23
94 35
72 39
19 12
36 22
15 10
90 65
10 9
96 11
90 61
12 8
77 34
75 26
42 2
47 23
53 5
59 50
55 16
47 20
63 18
76 70
51 32
43 22
73 70
24 7
81 10
36 3
34 9
42 18
7 2
64 15
51 4
51 37
88 47
60 42
41 31
35 25
24 9
97 20
97 96
91 81
29 10
74 64
32 21
67 18
87 14
45 26
32 8
5 4
61 29
54 53
86 52
73 40
59 30
36 20
13 11
90 41
4 3
86 74
7 5
68 37
38 2
53 12
62 3
2 2
77 39
35 26
65 39
81 27
67 24
45 10
10 5
69 60
2 2
83 9
83 50
90 65
66 27
16 16
98 18
98 46
66 8
60 47
4 4
60 56
66 46
80 15
23 19
46 22
56 8
11 2
89 60
95 61
59 52
24 12
58 32
92 70
53 20
5 5
47 40
85 34
58 37
56 3
93 8
96 20
14 3
60 30
42 21
56 42
46 33
20 8
72 14
38 3
59 58
12 9
84 8
15 5
82 52
67 13
48 32
25 5
41 30
51 4
48 23
32 28
64 3
51 44
9 9
100 2
2 2
71 23
65 50
51 2
74 66
43 12
20 8
34 9
35 27
61 28
58 44
23 7
47 15
29 2
49 42
50 42
93 70
8 6
58 11
38 27
53 21
35 29
27 27
55 42
54 46
90 62
13 5
45 25
82 30
57 11
94 83
38 25
73 37
55 49
34 3
76 16
17 3
29 24
65 45
48 7
70 28
90 11
71 66
84 56
37 13
4 3
19 8
73 54
87 32
94 69
65 43
8 3
59 52
16 5
33 14
100 18
10 3
18 12
78 56
84 75
78 21
29 10
44 41
23 11
25 13
29 6
44 4
48 7
17 16
26 2
100 95
99 63
48 46
63 12
15 5
87 9
36 2
86 35
36 31
23 7
24 10
54 54
93 88
95 36
5 4
7 2
17 5
89 15
74 34
98 13
46 26
35 12
11 8
76 59
79 47
67 25
7 2
30 19
97 56
93 35
34 33
28 2
3 3
84 76
44 18
42 31
86 38
26 22
12 11
67 48
61 21
78 7
62 37
50 5
13 11
67 58
70 63
81 60
69 2
85 84
9 5
22 22
52 33
87 35
73 18
86 39
58 2
48 41
5 5
72 38
85 83
87 4
87 45
6 4
71 44
63 14
57 54
54 8
78 8
87 6
26 2
30 28
78 29
55 52
15 15
6 2
23 12
94 39
72 24
78 48
41 15
87 14
62 22
53 37
56 37
68 32
25 22
11 7
32 9
48 31
40 29
64 8
22 16
98 35
90 88
53 12
83 33
44 23
63 44
21 13
100 21
54 8
34 25
93 5
48 34
33 4
41 27
55 48
23 18
55 21
50 50
88 81
35 20
88 84
95 71
11 7
53 4
27 20
30 7
36 31
29 17
44 13
28 16
78 54
56 28
31 16
79 65
82 33
22 9
46 44
90 60
40 14
45 22
55 36
68 6
100 45
66 24
85 65
94 58
10 2
42 23
21 7
49 21
79 13
60 56
87 11
46 23
19 10
56 13
19 6
18 11
72 9
42 30
89 26
60 28
64 63
32 23
65 59
38 22
17 8
80 75
65 54
15 6
4 4
10 3
43 38
55 42
70 35
81 69
34 16
52 47
74 44
50 23
86 37
50 13
25 12
90 5
19 7
86 40
49 2
19 16
35 27
82 35
77 26
58 41
20 17
52 15
24 23
40 17
64 8
44 23
97 7
71 15
74 26
6 4
97 85
98 36
76 38
56 56
98 30
19 13
23 6
9 3
31 24
6 3
65 59
57 15
22 9
64 51
69 39
83 15
43 10
42 24
60 24
12 8
3 2
70 58
59 34
25 10
36 5
24 24
38 8
11 4
48 15
71 32
28 16
27 26
84 39
68 25
66 40
97 22
22 10
39 9
32 3
82 19
84 65
49 9
64 33
92 17
3 2
55 4
73 60
39 14
43 5
62 10
85 52
41 17
23 8
65 54
14 14
35 28
44 6
62 33
20 16
16 12
22 11
80 62
28 18
48 8
62 16
23 11
83 49
12 3
65 9
67 47
6 2
56 8
46 20
39 6
84 74
89 78
6 4
43 15
30 5
90 42
32 29
39 18
95 93
29 28
31 8
65 5
66 26
33 28
56 56
40 39
49 16
60 57
100 54
46 7
99 97
16 16
81 43
31 3
97 32
25 5
77 17
23 15
24 5
19 2
62 15
45 37
62 36
29 25
34 4
89 77
3 2
11 11
98 13
9 7
81 70
69 17
43 8
69 10
64 57
34 18
45 40
7 6
100 20
34 27
96 41
39 11
74 60
58 4
11 6
84 73
9 4
28 24
42 23
60 13
72 27
53 13
32 8
26 19
40 28
97 18
14 2
16 10
20 19
66 33
79 63
31 25
69 24
91 54
11 3
29 16
90 45
59 15
60 9
76 21
43 12
79 73
4 4
36 22
19 5
80 37
100 33
23 20
40 23
47 34
78 67
40 36
89 51
19 14
2 2
92 29
83 42
93 12
19 15
13 13
4 2
59 2
92 31
13 8
38 15
89 38
50 7
31 23
80 64
65 10
4 2
69 37
22 10
33 28
63 35
8 5
93 77
11 4
49 26
67 28
38 19
85 22
70 47
58 20
61 3
98 35
53 24
62 15
6 4
4 4
46 21
2 2
65 61
27 13
4 2
14 7
14 14
22 9
71 41
39 3
58 27
3 3
83 3
58 19
64 23
78 18
69 36
60 18
94 54
66 43
77 11
98 96
67 2
69 9
37 27
63 2
96 28
40 38
21 10
46 38
72 15
67 7
98 19
56 8
56 24
71 36
2 2
99 35
87 5
24 11
3 2
11 5
100 82
28 6
84 67
5 4
45 3
64 60
92 86
35 35
53 45
34 17
83 29
67 3
74 53
19 3
21 11
80 28
81 40
67 41
57 40
3 3
26 4
100 85
44 35
3 3
17 15
30 28
11 5
71 34
73 67
83 43
54 13
27 8
20 10
21 7
44 30
81 39
74 56
62 7
97 17
38 22
65 41
31 30
18 6
13 11
82 9
2 2
12 11
41 24
95 71
69 69
26 22
2 2
32 32
43 21
15 9
27 19
98 17
75 23
90 66
94 32
74 54
94 11
54 22
16 11
34 31
96 92
35 2
67 58
85 78
21 6
26 20
11 10
33 33
85 75
49 9
68 29
50 34
9 6
64 26
87 50
42 23
99 80
9 2
2 2
33 17
40 37
78 28
67 24
71 63
4 3
65 24
58 54
92 38
57 44
71 30
41 13
14 13
59 33
36 2
18 15
88 47
82 2
71 54
59 10
40 14
73 72
28 25
90 22
30 6
37 26
27 14
22 5
42 26
35 32
81 81
72 18
36 3
72 16
67 38
27 6
69 3
87 82
36 34
11 5
31 13
94 93
5 2
19 6
48 9
12 8
90 57
82 75
17 13
25 13
5 4
25 21
59 44
23 6
23 2
25 18
80 11
19 9
13 9
69 41
40 8
70 63
84 74
14 10
42 19
85 55
90 44
85 10
79 21
93 31
85 22
41 8
4 2
36 14
93 91
42 37
8 3
17 8
7 6
5 2
10 5
90 25
90 66
84 18
86 5
39 26
84 25
57 11
83 20
39 8
41 6
78 70
86 57
53 36
64 26
25 20
87 58
89 83
39 10
46 17
36 20
65 53
73 46
44 27
72 54
75 10
25 15
97 65
11 2
89 73
28 11
5 4
42 23
28 7
58 21
38 16
82 35
62 5
11 6
62 30
68 65
30 24
66 36
45 16
55 26
78 22
61 8
64 15
85 64
88 14
51 50
18 2
38 33
98 84
65 9
33 4
51 48
42 13
21 3
20 4
11 11
80 31
62 34
26 20
12 11
79 62
55 38
33 11
14 4
56 25
23 4
67 6
17 9
18 14
37 25
18 10
67 17
52 14
51 36
43 10
2 2
34 9
30 20
4 3
49 10
66 53
50 42
90 77
31 22
30 19
27 2
54 52
43 26
17 4
82 49
88 29
64 50
23 17
40 10
40 29
41 3
32 11
19 12
76 47
17 4
6 3
37 4
34 27
96 27
11 6
74 64
78 67
8 2
71 24
72 49
13 9
27 17
6 5
23 23
88 56
67 20
68 9
65 36
64 27
32 6
78 2
38 25
77 5
97 35
71 17
48 15
94 49
60 37
53 43
20 4
46 6
62 54
8 5
15 14
42 25
23 2
89 71
77 63
81 69
40 31
11 5
11 9
89 72
6 6
48 9
2 2
63 11
80 80
80 20
81 33
66 57
42 2
51 3
31 3
30 24
57 29
3 3
79 40
50 28
73 60
89 13
82 56
10 9
70 17
97 17
25 19
67 63
61 39
83 76
100 65
11 6
41 26
27 15
54 29
31 9
14 10
2 2
81 78
74 30
67 66
95 8
97 70
94 67
68 5
56 45
11 5
72 35
12 8
59 9
69 11
30 14
6 4
75 8
11 8
77 30
64 2
60 46
16 2
99 35
91 89
81 55
49 35
65 61
18 6
100 89
64 14
23 6
15 5
97 63
63 20
87 64
65 8
49 49
30 6
65 41
17 8
79 26
9 2
13 5
65 61
89 89
88 59
87 77
47 23
51 14
49 17
99 78
32 27
28 8
42 37
64 20
29 18
66 52
5 4
45 11
71 45
77 69
67 35
33 3
8 6
44 20
100 87
74 42
13 6
58 33
88 65
71 7
41 14
42 25
45 43
36 10
28 6
94 43
31 27
29 22
76 10
51 49
72 68
16 16
26 15
97 75
11 3
51 3
82 61
56 31
43 36
20 8
67 21
96 39
49 25
35 6
85 52
72 34
82 54
59 6
88 16
58 32
72 53
70 48
6 3
30 19
92 72
62 10
62 47
64 6
67 35
83 43
13 7
45 36
54 44
59 19
75 67
60 20
88 26
85 82
38 34
5 5
5 4
48 2
60 51
74 71
94 23
67 56
76 36
90 89
74 49
43 14
19 9
8 7
21 5
84 26
6 3
64 61
59 3
64 14
78 49
70 13
33 25
69 66
23 11
38 9
69 6
28 20
62 52
13 4
82 29
86 80
34 23
100 67
94 45
99 46
4 2
21 14
48 4
74 42
85 52
100 72
24 19
91 72
24 14
100 8
21 13
100 24
18 16
60 59
88 63
33 14
80 51
90 64
28 23
57 25
38 8
29 17
4 2
14 12
74 42
75 54
76 38
79 70
27 24
27 6
24 4
33 11
81 9
81 12
36 32
94 23
70 12
69 34
38 28
6 3
30 12
66 47
24 21
82 32
13 2
39 2
18 12
12 8
8 3
9 6
87 59
53 19
13 7
23 17
20 14
27 6
6 6
86 17
89 84
54 10
55 36
2 2
10 5
59 53
59 34
95 53
61 24
2 2
94 43
28 8
35 23
80 5
45 8
28 14
46 45
17 15
21 21
86 22
32 13
50 20
35 25
61 11
12 6
98 57
20 12
19 17
74 69
59 38
3 2
37 20
76 12
7 6
5 4
49 29
22 8
66 57
79 55
50 46
33 11
5 3
86 65
55 11
10 4
46 28
37 21
85 45
68 13
96 2
71 39
53 40
68 55
62 53
89 33
32 22
65 55
99 91
55 6
92 37
59 58
38 38
59 27
53 12
15 8
85 36
84 15
87 47
36 9
24 24
78 24
14 13
42 15
36 11
10 7
53 4
22 16
80 70
26 22
33 3
19 13
79 19
53 28
66 45
99 31
68 68
17 13
28 26
48 19
97 6
79 52
14 6
31 31
38 22
92 72
26 8
30 23
86 71
68 34
70 28
22 18
90 18
57 25
3 3
85 46
17 13
34 30
88 62
25 23
2 2
96 92
99 97
8 7
17 11
78 22
6 5
75 64
41 20
27 27
91 29
37 17
28 3
59 59
46 26
23 3
57 26
67 4
64 58
58 54
99 24
19 13
16 5
67 24
19 18
64 35
56 18
78 69
38 14
81 54
92 5
49 39
75 48
98 81
38 32
80 43
37 36
94 53
57 48
68 67
71 4
82 40
13 6
20 9
73 35
84 40
30 27
21 3
87 50
30 16
76 58
66 25
50 40
39 7
7 3
42 19
43 24
59 13
61 8
76 72
21 3
51 35
44 17
89 38
44 6
99 94
89 71
100 60
62 39
14 8
13 7
16 15
73 33
93 22
22 16
73 49
69 60
22 18
99 30
87 11
68 25
4 2
71 69
32 9
57 40
79 72
3 2
51 22
57 14
20 7
57 18
53 5
97 89
7 2
74 2
64 32
32 11
78 23
65 34
43 39
79 62
13 6
87 81
3 3
96 51
35 12
38 5
97 48
86 64
3 3
54 31
79 31
91 84
47 26
40 31
39 7
46 29
43 36
86 75
76 41
37 11
47 28
89 54
6 4
77 67
76 23
50 43
68 32
11 2
61 9
7 7
30 24
23 21
16 16
32 28
95 26
55 5
5 2
4 4
57 37
72 11
23 16
40 40
59 51
96 37
42 25
38 15
7 7
7 2
92 69
76 41
93 51
6 4
89 59
97 39
37 21
34 7
94 15
85 60
32 12
5 4
68 24
37 9
7 3
38 23
87 77
73 10
9 5
57 41
7 3
26 5
52 34
27 19
43 37
85 69
13 5
5 5
76 58
97 7
48 41
64 48
31 24
55 51
43 20
68 41
7 3
68 7
15 14
76 24
89 54
6 5
79 31
85 16
84 33
85 85
95 71
18 15
52 23
21 18
50 39
58 26
51 23
59 27
18 2
97 31
100 75
95 12
44 30
26 25
15 3
16 5
53 36
79 45
38 14
24 22
30 26
48 10
47 41
41 40
71 70
8 6
54 5
13 13
99 7
77 45
71 67
17 5
13 9
90 70
16 4
72 48
34 24
78 18
42 2
40 18
25 11
14 2
85 11
40 12
97 60
52 9
74 3
83 9
35 10
65 34
99 6
53 43
36 29
21 3
70 7
61 33
45 37
37 26
87 41
15 2
29 9
52 28
43 18
48 38
68 28
78 78
32 24
37 29
27 19
20 9
77 73
81 74
38 33
93 54
64 14
53 17
77 31
52 3
8 6
97 93
83 32
94 70
25 17
3 2
37 24
10 6
95 54
68 66
27 20
67 17
24 11
84 77
44 28
75 37
32 8
15 14
61 7
68 59
77 65
71 24
43 34
73 9
73 73
32 29
86 67
78 56
27 5
5 4
40 38
88 35
32 16
49 31
41 16
39 24
58 17
84 17
73 12
90 5
82 25
49 33
26 18
49 33
21 8
18 11
11 9
77 3
81 38
75 23
2 2
24 12
64 40
67 36
61 43
24 12
28 3
63 24
47 5
62 49
11 11
70 42
7 5
59 17
12 12
6 3
27 18
100 36
50 20
99 33
91 4
45 44
9 6
43 30
45 23
44 18
42 13
87 16
59 21
24 6
53 41
65 28
35 17
61 20
11 7
69 50
83 72
50 22
86 25
24 17
78 3
98 56
47 24
49 49
5 5
68 36
93 10
87 14
66 55
75 53
16 2
89 21
90 33
90 46
75 70
66 43
11 3
3 3
16 6
60 21
43 21
45 41
32 27
31 15
54 51
73 51
87 72
98 30
88 16
66 62
47 38
56 10
57 42
52 51
90 43
5 3
96 10
43 6
42 19
91 20
95 28
70 9
64 41
43 31
87 82
79 19
60 39
17 10
67 36
86 76
47 33
9 8
92 53
7 3
79 8
49 16
34 18
88 34
54 4
12 4
90 27
22 15
14 13
38 11
42 5
35 6
43 38
48 25
10 2
87 49
4 4
79 75
52 20
23 14
11 3
14 2
93 62
87 84
93 44
23 22
70 2
17 5
93 26
70 36
61 26
10 10
39 29
37 25
67 7
58 26
11 7
30 21
27 18
60 54
26 19
12 11
39 33
53 21
100 86
14 2
65 29
58 48
72 39
19 3
2 2
11 9
64 47
49 18
43 20
67 15
24 13
53 48
23 23
96 5
48 39
47 20
79 35
20 11
72 63
59 22
99 71
69 63
75 69
97 2
70 38
43 2
58 9
96 10
48 28
48 42
65 30
30 21
20 18
30 13
65 51
59 10
40 33
42 7
81 70
44 37
18 4
94 50
81 19
53 46
34 19
23 21
80 14
6 6
42 31
67 34
35 29
45 27
53 18
27 9
31 14
7 2
99 82
2 2
79 52
64 49
34 22
26 20
91 63
43 33
36 36
59 29
6 3
68 14
45 45
24 16
100 17
46 22
93 35
63 40
3 3
62 29
65 5
81 54
83 6
48 32
67 12
18 15
47 24
88 10
73 38
6 2
54 34
43 25
29 23
68 58
35 28
63 21
67 64
86 22
81 76
52 27
41 2
21 15
52 25
8 7
71 25
23 19
66 28
79 48
11 4
78 60
30 19
67 65
14 3
40 27
56 31
82 48
79 5
2 2
6 3
48 24
82 50
98 72
28 27
86 66
95 62
45 7
52 30
65 59
13 5
19 19
60 14
62 28
27 10
42 3
45 45
74 37
96 64
87 72
99 56
91 51
74 5
63 24
70 43
49 2
24 22
72 40
62 48
40 6
50 22
84 27
48 6
88 2
96 79
5 2
29 27
35 22
72 16
93 63
6 3
19 18
41 28
52 47
30 5
72 64
50 42
15 9
26 13
88 37
75 53
55 48
74 11
36 4
37 20
23 3
95 3
70 51
22 22
87 44
59 17
29 2
62 26
67 61
42 35
68 50
26 13
75 73
11 3
68 5
9 8
86 13
6 6
66 11
87 40
92 80
16 8
87 41
73 48
49 33
76 56
18 3
97 21
4 2
41 26
2 2
33 24
80 71
71 20
53 42
81 64
30 22
52 26
80 66
75 74
16 11
37 35
81 78
98 47
68 52
9 6
72 49
77 51
73 24
85 40
56 14
11 3
23 2
49 31
7 3
53 16
37 8
14 5
82 22
76 66
29 2
44 4
42 7
73 2
53 16
40 8
43 8
58 16
96 35
28 26
32 5
55 8
31 27
59 16
28 4
25 13
76 69
76 43
68 42
86 9
68 58
55 20
60 30
87 14
8 6
26 18
6 5
81 48
47 9
90 78
21 16
89 78
21 18
63 2
5 4
5 4
81 21
9 4
50 6
96 13
32 7
91 81
56 13
49 40
37 6
29 17
2 2
91 41
16 14
61 17
71 61
79 26
62 21
48 4
97 44
47 35
59 31
19 8
54 27
56 33
42 30
7 3
24 12
33 29
34 33
84 84
14 6
96 62
53 23
78 36
8 6
64 57
16 9
100 60
20 12
93 14
6 2
2 2
20 14
21 4
50 20
5 4
73 59
35 21
57 39
4 3
40 33
95 42
13 11
12 2
45 21
28 19
90 85
3 3
47 8
84 68
29 2
75 58
87 52
95 21
50 23
85 6
9 6
23 4
51 9
60 50
54 26
77 8
32 5
27 24
88 87
87 26
37 26
95 24
60 58
55 32
15 13
26 14
65 48
91 74
80 45
7 7
31 4
65 19
55 13
78 34
93 65
57 10
60 30
92 13
50 38
42 5
19 2
72 70
57 5
40 30
6 6
57 20
38 34
95 60
17 17
60 29
66 44
14 6
28 8
5 3
12 7
19 7
8 5
54 34
57 37
41 26
68 32
99 13
34 16
48 6
34 29
16 8
48 20
41 39
88 50
16 13
8 7
41 27
41 36
46 41
34 24
89 33
24 7
96 45
3 2
37 10
26 10
34 3
76 36
16 13
51 20
50 2
55 11
40 3
56 12
63 23
23 2
15 14
47 3
51 36
24 8
16 11
60 50
73 18
14 11
20 6
97 33
19 10
96 45
16 14
34 26
8 8
14 9
39 35
85 55
94 88
15 15
55 18
89 70
91 20
19 8
16 7
58 58
73 51
41 32
85 69
45 38
51 37
34 8
77 26
64 49
28 20
18 6
19 13
3 3
4 2
46 32
42 20
48 19
52 43
23 20
59 12
50 22
93 35
77 6
79 49
23 5
68 57
88 72
22 9
73 10
24 22
87 80
59 28
48 11
92 7
84 51
40 4
12 12
63 20
80 33
58 5
20 15
61 18
3 3
84 24
24 24
65 30
77 9
91 86
65 57
31 12
81 31
24 17
65 37
46 45
29 18
20 8
45 36
63 2
49 9
90 42
8 7
57 53
99 85
68 56
43 22
90 66
77 66
70 46
82 21
97 40
34 30
34 21
90 4
76 7
54 40
5 4
51 48
40 14
34 18
58 30
39 13
64 20
20 13
44 30
61 11
2 2
90 88
92 62
96 60
84 64
69 56
50 32
99 91
41 38
3 2
47 32
59 15
73 2
35 25
32 25
36 22
99 75
72 30
92 25
47 33
75 43
42 33
48 12
59 34
86 76
7 2
84 27
53 38
67 67
62 17
72 59
55 27
3 2
66 24
65 11
45 22
89 67
16 12
95 87
38 36
2 2
43 30
100 3
60 5
94 76
78 7
21 4
86 18
9 2
38 37
81 66
66 27
54 42
100 96
24 6
5 5
98 22
63 47
60 33
10 6
90 5
56 6
43 37
99 84
44 42
37 37
99 72
6 4
54 17
3 3
86 23
59 16
88 75
85 13
33 22
33 20
60 30
64 8
51 49
83 78
17 11
79 42
59 57
19 9
73 17
70 15
71 17
91 17
52 40
94 34
69 43
22 3
8 5
96 50
67 12
70 46
80 32
77 51
75 67
75 69
94 33
84 42
18 12
93 51
28 4
59 45
95 3
70 23
24 2
72 72
2 2
41 13
75 3
10 10
3 2
81 41
58 17
85 16
41 27
18 13
12 9
27 16
60 44
91 64
69 17
89 28
62 8
20 7
94 54
68 59
83 52
98 80
45 38
34 7
8 3
7 5
40 9
29 27
75 44
59 22
91 14
30 13
74 61
79 45
18 13
36 5
99 67
95 77
81 5
16 8
31 21
46 39
65 24
92 79
17 12
61 12
49 45
30 30
56 17
94 92
12 11
55 34
21 17
84 7
34 30
30 22
63 28
70 34
10 7
12 6
53 34
63 44
87 6
46 19
48 22
42 19
13 4
30 9
97 31
96 79
68 13
25 3
33 15
45 16
94 24
47 19
58 32
62 3
68 29
7 2
66 39
47 35
97 37
48 2
3 2
36 2
66 22
33 31
61 5
38 25
98 15
14 4
86 61
98 76
76 69
48 42
37 21
78 38
76 53
52 13
84 83
96 25
79 33
94 11
4 3
7 7
29 17
23 8
39 3
90 46
71 59
3 3
33 10
24 11
82 28
51 23
84 55
33 21
29 26
51 2
96 63
52 46
91 31
23 6
56 37
29 4
82 13
57 15
49 7
3 2
65 29
33 3
8 2
2 2
52 47
47 24
64 39
12 6
50 18
17 6
66 26
94 32
38 29
65 29
32 7
7 5
44 35
86 58
40 15
78 40
27 7
86 70
41 9
37 3
9 7
33 30
8 3
70 11
53 38
18 8
86 62
35 33
25 3
21 5
84 8
82 6
76 4
93 20
83 22
40 11
87 82
78 62
94 86
99 19
13 10
89 37
45 44
71 63
54 32
29 19
37 26
81 43
76 3
76 50
7 4
93 54
6 4
15 12
34 5
86 75
59 13
22 19
28 25
19 16
94 79
99 25
33 31
45 23
89 2
39 35
24 23
72 15
52 17
87 72
84 57
66 42
75 18
52 27
7 3
12 8
20 14
18 16
66 64
74 74
94 91
81 16
24 11
29 29
44 18
50 15
10 7
64 41
89 19
55 48
87 56
74 40
78 7
35 3
82 8
2 2
11 2
12 8
59 58
30 25
44 5
81 60
8 2
49 3
41 18
19 13
98 72
4 3
71 68
69 60
8 6
78 70
27 20
80 10
17 15
32 21
67 30
39 12
57 35
96 91
56 45
39 34
3 3
45 6
16 10
23 9
56 38
58 35
77 30
87 28
35 7
81 37
74 57
11 9
54 22
67 52
89 33
95 10
55 35
29 20
57 41
93 9
23 4
26 24
8 7
75 50
16 14
68 49
66 40
75 43
63 52
41 19
65 56
88 65
46 15
22 8
40 22
58 50
37 11
85 43
21 20
36 4
95 15
60 57
2 2
95 17
8 3
87 51
36 18
48 40
58 46
34 23
8 5
65 6
79 58
55 32
36 11
4 4
74 12
39 31
38 9
88 29
79 28
78 68
70 26
25 3
67 15
77 28
32 9
54 44
77 63
60 22
95 48
50 39
45 10
35 34
20 3
21 13
17 13
58 45
19 16
82 66
83 6
42 15
71 42
36 15
80 30
40 16
17 17
26 4
23 16
80 65
61 26
72 39
80 37
78 51
19 3
34 2
10 6
61 29
54 18
30 19
60 32
53 27
74 32
12 9
98 27
97 9
75 21
60 52
36 6
75 33
94 88
64 8
42 42
29 5
37 31
10 5
23 14
60 34
95 36
50 30
85 44
81 53
33 20
56 7
30 28
63 46
52 35
37 17
11 2
29 15
46 18
57 6
9 8
70 33
82 62
55 46
60 3
17 7
62 39
98 49
43 26
58 53
43 8
41 4
39 38
47 43
24 5
67 18
10 4
48 17
48 48
49 46
92 39
20 8
61 16
63 36
3 2
78 5
88 25
49 16
14 10
88 18
53 30
14 3
93 30
24 21
51 27
79 10
45 44
26 2
68 58
10 9
63 6
3 2
38 2
25 13
85 32
2 2
62 6
54 23
9 2
83 75
32 24
89 19
27 18
84 28
84 47
93 92
79 77
29 14
69 23
33 4
97 26
25 11
3 3
83 55
79 45
20 4
76 19
19 11
86 86
23 6
75 45
8 2
45 32
28 6
59 54
46 25
86 16
57 20
30 19
51 41
52 16
40 24
81 57
44 40
19 2
41 10
81 27
70 14
88 78
31 23
13 3
33 29
64 45
87 40
40 22
3 2
8 5
99 31
60 52
84 75
70 24
99 70
42 30
66 44
2 2
59 12
92 78
87 6
24 19
19 17
28 25
91 68
49 2
85 63
25 20
9 4
63 7
90 27
37 25
93 8
11 5
36 15
31 24
70 25
92 21
90 71
5 4
55 27
43 40
28 4
86 34
40 26
30 11
66 19
62 36
70 8
23 17
16 3
18 10
67 67
32 5
68 6
92 45
97 96
20 3
6 3
55 31
27 18
49 24
40 33
83 39
86 65
91 20
14 13
100 79
31 9
96 64
54 50
100 67
48 16
15 15
87 64
28 22
84 38
51 35
15 10
53 5
81 22
22 3
35 7
38 15
39 9
34 27
23 23
66 58
44 26
73 39
56 34
42 40
24 19
100 51
8 8
35 14
78 46
53 6
45 22
34 2
36 35
84 14
51 33
96 65
65 53
87 13
14 7
51 45
93 79
26 25
14 4
38 2
96 61
47 12
24 17
45 27
91 13
23 16
35 29
85 75
41 5
42 31
93 75
78 68
55 3
48 47
30 12
12 4
63 45
12 8
58 47
90 9
71 55
58 22
72 62
96 35
14 7
44 44
19 17
75 53
37 9
23 12
55 45
5 5
48 12
94 86
49 2
42 40
37 28
51 28
51 35
22 12
34 26
64 7
15 12
92 12
5 5
86 67
8 7
40 39
70 53
19 4
46 12
99 53
17 10
96 87
90 40
11 11
7 5
8 5
38 16
38 10
78 64
92 28
78 66
35 30
62 32
71 69
100 97
21 16
6 2
24 21
82 30
82 6
33 14
31 6
35 26
19 14
86 36
34 12
7 6
40 8
23 23
90 79
25 16
21 7
41 35
84 83
67 23
43 24
51 49
78 78
83 64
99 14
29 20
91 35
46 10
87 46
88 65
61 20
62 32
14 14
39 29
52 35
46 46
68 28
83 9
22 12
22 16
15 10
26 5
56 46
28 25
38 26
91 54
78 6
87 12
25 9
82 20
18 10
5 4
91 21
60 44
21 7
61 56
56 45
52 3
53 24
56 8
27 21
36 5
83 5
65 57
83 75
67 32
12 6
65 10
86 43
95 83
98 91
20 10
85 79
37 10
42 39
95 8
42 5
29 16
98 51
91 11
100 23
27 14
11 10
93 43
72 55
12 5
18 15
71 11
80 25
18 7
34 10
42 22
29 8
95 38
22 4
93 77
33 13
32 19
43 38
45 19
38 11
15 14
58 54
67 21
88 60
57 19
16 5
52 6
20 18
93 52
73 23
30 19
19 15
37 13
42 24
77 56
13 13
48 11
22 22
61 32
56 19
2 2
26 24
2 2
87 80
93 93
66 19
78 50
42 3
63 27
92 88
38 19
71 54
22 21
4 2
67 26
87 83
76 27
8 8
51 19
21 4
91 4
19 8
89 15
27 25
28 6
84 48
6 4
58 4
88 67
4 3
2 2
15 13
32 31
56 36
68 11
20 14
21 9
59 13
4 4
96 44
44 2
100 25
90 50
17 14
21 14
73 62
99 10
40 24
44 41
71 26
64 2
100 52
11 9
74 14
63 18
49 21
50 37
46 2
34 2
77 5
5 3
28 2
98 28
93 38
14 6
46 40
69 35
20 6
16 14
90 64
30 21
35 19
22 17
72 65
26 22
11 5
63 12
29 6
38 14
92 80
21 2
37 11
57 28
21 21
45 5
10 6
9 6
21 8
60 6
41 18
99 83
45 26
45 17
7 6
35 16
82 9
58 58
93 88
79 32
5 3
57 30
44 43
12 3
43 25
21 12
89 26
20 18
95 28
24 9
9 5
50 13
90 37
44 23
29 25
60 60
25 18
94 89
93 10
77 71
25 14
38 17
77 42
29 25
59 16
81 28
34 11
5 3
48 33
87 57
90 22
55 8
68 10
54 29
97 96
80 64
30 13
30 15
57 14
54 37
78 54
13 10
45 35
80 72
39 36
57 16
7 6
10 3
74 33
12 3
83 3
97 10
79 51
81 71
57 17
30 22
36 29
91 15
39 16
20 20
22 4
42 38
23 3
100 37
28 6
97 75
76 25
78 22
52 38
32 28
86 30
75 61
31 20
46 18
6 4
67 21
66 3
56 37
65 11
65 65
54 3
96 52
31 26
91 86
26 5
29 15
59 16
87 71
3 2
59 49
28 12
28 23
29 12
68 46
24 6
43 41
7 7
72 24
29 26
8 6
7 2
45 9
53 43
7 4
48 34
63 52
93 85
26 20
7 3
43 39
93 15
63 43
26 10
43 8
11 5
87 49
12 10
8 3
97 61
51 38
34 12
62 45
71 50
87 50
42 23
24 12
50 23
16 5
92 80
52 40
68 13
23 18
91 18
23 13
68 34
53 47
14 6
39 7
35 10
82 27
18 17
26 3
45 22
63 33
74 47
80 33
86 29
37 29
49 7
10 5
80 6
35 26
40 38
72 25
92 49
87 76
45 9
14 14
93 81
58 31
38 25
92 12
84 77
14 2
4 2
54 40
66 38
9 6
23 3
25 16
74 55
52 16
63 39
7 2
91 77
72 45
49 45
61 4
4 4
68 60
85 53
9 6
10 5
18 17
54 52
38 29
4 2
57 48
40 11
49 11
81 56
91 75
31 27
55 9
90 72
35 23
70 30
22 21
29 28
8 5
59 11
66 48
9 6
15 6
42 19
52 13
86 51
50 47
76 36
27 23
84 48
62 39
4 4
67 7
35 20
55 49
45 3
2 2
98 20
15 4
93 67
52 17
35 33
84 35
36 21
66 12
76 57
47 13
30 3
15 2
3 2
15 5
47 42
3 2
99 89
32 20
18 3
64 29
19 15
91 47
18 18
30 29
33 15
18 17
80 58
100 40
99 37
55 46
58 23
12 3
19 19
89 80
66 34
5 5
52 15
41 34
29 9
58 47
84 40
75 5
27 7
86 69
57 10
35 29
70 22
79 60
56 17
83 31
19 16
80 63
83 71
10 6
46 20
29 10
13 3
28 19
98 73
30 20
41 19
3 2
62 52
81 14
87 31
29 26
54 40
70 33
54 3
18 11
4 3
57 19
5 2
97 71
82 74
84 2
39 20
50 15
53 24
77 30
40 23
43 19
9 4
73 57
40 18
87 80
93 44
30 22
69 39
38 17
35 2
70 12
3 2
18 13
61 57
47 34
17 5
4 4
18 2
89 68
39 8
89 60
48 48
54 23
21 18
22 10
99 62
33 30
18 14
48 15
50 19
71 34
60 32
49 16
16 11
39 30
13 6
96 19
16 14
50 34
25 14
82 38
2 2
14 6
63 55
44 34
94 61
51 17
30 12
20 19
94 85
26 16
28 23
13 2
85 5
46 11
81 37
96 83
41 28
50 17
40 17
40 30
56 4
71 18
8 5
75 9
45 31
91 38
32 9
3 3
62 31
54 18
25 5
48 17
17 12
46 22
95 18
31 30
66 12
54 45
68 47
19 2
45 32
90 74
19 8
62 9
33 16
94 38
41 30
76 52
68 14
60 2
17 12
43 25
14 2
64 33
21 12
2 2
13 3
56 36
22 19
7 2
59 45
71 14
21 2
28 17
92 15
47 4
8 5
63 7
16 11
16 10
96 91
77 61
94 59
76 2
91 79
94 8
84 15
96 77
48 23
22 19
73 6
40 8
53 47
39 19
59 41
19 13
32 30
60 48
24 23
6 2
71 7
4 4
97 94
95 92
99 63
9 3
35 16
44 18
14 10
49 5
47 13
26 8
85 20
66 28
74 45
24 14
56 44
43 14
57 31
72 58
16 4
58 22
100 41
14 12
31 22
4 4
93 19
80 76
79 29
31 7
7 2
77 35
75 19
94 50
91 15
85 61
71 37
42 23
39 9
17 9
51 9
44 37
29 13
27 17
99 56
91 26
51 34
9 3
92 38
47 42
45 8
89 37
34 32
5 5
59 59
70 60
84 28
2 2
94 20
59 48
25 24
46 12
95 32
44 36
93 28
74 47
61 23
6 4
64 4
97 90
69 56
92 4
34 29
97 93
7 7
26 19
39 3
94 47
85 67
88 80
28 24
98 78
94 93
10 5
16 8
86 8
64 4
92 7
95 84
96 51
63 59
71 10
77 31
56 49
48 48
72 56
50 36
15 9
4 4
85 38
88 6
56 54
79 21
22 2
29 8
53 3
49 26
7 7
39 27
81 44
44 16
10 8
25 9
66 17
99 10
59 18
22 16
93 68
66 45
98 35
98 15
82 4
77 23
27 7
98 9
93 40
28 17
23 6
34 13
40 11
39 33
77 45
31 9
46 40
17 12
49 29
91 51
60 7
19 17
6 6
70 9
93 61
58 10
71 35
11 6
13 5
48 7
29 9
24 11
22 5
10 7
13 3
46 14
35 3
96 56
100 58
15 11
67 8
63 34
16 2
11 8
22 3
81 60
52 4
43 4
60 44
93 9
37 30
18 18
4 2
38 28
36 15
27 20
8 8
12 11
37 5
36 27
7 4
92 81
57 40
12 12
20 11
4 3
53 18
43 41
7 5
40 25
73 16
12 8
51 29
59 51
41 25
69 8
26 26
92 6
33 22
70 69
44 42
86 25
100 72
63 17
4 2
98 82
87 3
79 56
65 30
19 9
88 22
69 66
40 18
91 76
23 12
69 3
54 16
34 12
3 3
100 97
44 17
38 21
90 78
74 6
25 25
73 3
36 6
75 49
41 35
57 6
49 25
35 18
3 3
78 78
90 87
94 3
62 3
40 21
20 13
63 3
60 24
34 7
19 5
32 30
52 40
97 90
35 17
45 42
73 32
10 2
50 27
24 16
99 27
97 62
91 67
47 42
21 10
98 80
44 26
76 33
16 7
66 31
24 3
53 51
81 52
17 2
34 25
84 24
70 46
8 7
93 9
78 51
17 17
47 24
68 54
51 39
6 5
98 10
14 12
64 13
3 3
17 14
49 17
24 16
49 40
20 4
92 36
56 49
48 26
5 2
32 27
9 3
68 34
75 72
57 53
47 41
73 61
14 10
11 8
53 48
42 10
99 78
10 5
31 18
29 28
66 61
71 43
48 12
98 34
47 6
56 13
34 27
32 13
93 41
18 2
76 45
16 5
82 30
33 28
5 2
80 61
84 61
31 17
61 24
64 2
34 8
14 14
91 28
7 7
87 3
7 5
3 3
27 16
90 21
46 23
9 9
9 9
52 40
39 8
91 52
64 33
43 35
53 15
9 4
57 45
26 17
10 6
92 25
75 55
86 47
99 36
2 2
27 23
8 4
49 33
87 68
46 32
39 11
81 55
79 45
4 2
9 9
14 4
12 7
39 26
49 31
86 67
88 11
62 52
30 23
23 19
61 32
100 92
27 8
2 2
8 7
68 61
23 23
72 41
7 2
10 8
68 7
61 33
38 26
32 32
26 25
18 17
88 20
38 23
69 42
54 45
56 52
22 10
95 40
47 39
82 5
28 13
21 8
38 21
70 17
2 2
2 2
46 38
26 8
70 50
57 10
34 17
85 71
78 40
99 90
100 18
42 20
36 28
70 23
63 32
11 10
22 10
79 66
16 7
18 11
70 66
51 48
32 20
3 2
13 9
60 4
57 7
64 42
37 4
33 21
84 67
19 4
62 8
92 8
31 15
48 21
13 6
98 6
6 6
49 42
89 45
7 3
13 8
62 7
7 3
99 55
86 36
35 2
82 39
90 20
33 29
35 20
50 28
75 37
38 16
47 38
5 4
79 51
71 62
100 11
28 5
31 23
62 29
5 2
15 13
5 2
18 9
72 66
20 4
27 10
78 5
24 24
85 52
18 5
91 76
49 28
97 23
86 37
47 28
66 56
52 33
99 45
48 8
6 5
8 3
27 3
2 2
99 42
90 64
77 62
98 88
99 69
3 3
54 13
84 28
92 33
77 45
63 40
12 11
3 2
60 56
7 6
49 18
58 53
97 45
83 55
55 13
8 2
61 45
79 61
14 8
78 14
34 28
58 57
63 43
77 10
96 29
26 5
17 2
47 9
86 24
89 11
8 8
63 30
11 9
36 4
99 34
53 48
9 5
29 13
82 24
95 70
96 60
84 83
9 2
36 29
39 16
19 3
28 12
49 40
73 44
9 9
73 8
39 29
37 6
36 33
45 13
16 4
30 30
98 48
13 9
70 12
56 12
40 34
66 13
12 6
78 35
86 70
50 13
51 30
27 13
39 37
23 23
43 13
97 41
54 24
54 6
6 5
70 16
62 45
57 47
49 38
28 5
11 8
24 4
39 15
6 4
26 21
95 52
51 21
32 29
65 33
83 35
85 78
86 61
93 41
72 30
76 55
14 5
39 37
43 20
86 16
3 3
54 21
15 14
2 2
26 16
33 15
47 13
63 18
87 36
99 11
38 34
19 6
30 8
98 70
23 21
29 2
8 7
68 35
52 24
37 3
74 45
40 36
58 20
15 15
99 27
45 43
76 59
77 66
31 3
4 3
62 40
65 58
42 14
70 16
92 14
34 24
50 16
15 14
84 77
74 37
10 2
81 73
76 14
34 6
3 2
38 27
10 2
29 4
17 3
73 34
87 72
4 2
11 9
26 3
60 22
45 34
94 42
100 21
93 20
17 5
50 6
14 12
85 10
17 12
86 28
19 2
55 11
67 41
33 8
87 60
86 38
6 3
91 61
81 28
9 8
35 10
51 34
71 19
30 20
77 65
13 8
93 22
68 21
34 17
83 72
95 47
89 33
86 62
52 17
72 6
16 3
3 2
44 35
9 7
55 31
76 71
42 32
25 24
37 37
23 17
72 37
33 14
21 10
93 69
35 33
79 78
70 30
27 21
98 48
35 11
23 7
48 16
98 62
39 11
67 30
29 17
58 22
81 58
40 3
26 21
30 2
8 3
29 26
49 41
74 34
34 23
49 6
73 61
50 44
61 57
49 17
28 14
2 2
80 14
49 26
34 15
12 10
90 68
27 14
62 16
62 13
30 5
5 4
96 80
83 19
91 45
80 75
42 5
24 17
68 4
99 85
44 18
62 28
89 32
83 18
93 86
14 7
17 6
10 5
84 29
46 22
12 7
84 20
45 15
19 16
12 2
97 87
46 45
94 66
94 61
55 20
5 5
82 5
34 6
56 47
67 6
99 93
32 9
51 26
4 4
29 8
6 5
4 3
98 41
94 45
94 3
65 20
50 40
12 12
3 2
15 9
39 13
13 10
49 28
54 4
60 8
57 19
15 10
57 41
31 18
67 40
7 2
21 6
77 76
47 22
19 15
81 10
57 35
97 47
30 24
75 60
38 25
21 21
61 10
11 8
41 28
20 18
6 4
95 53
27 10
24 10
89 34
19 11
72 66
56 19
69 26
22 22
36 15
15 3
54 14
25 25
90 21
20 4
36 29
30 7
44 39
38 37
50 14
32 5
98 12
51 37
49 26
96 77
5 5
77 71
43 10
15 12
17 14
95 69
70 34
60 7
96 25
87 50
23 22
17 4
14 3
76 12
33 12
28 15
99 47
95 56
76 30
62 56
67 23
77 19
68 39
7 5
16 2
2 2
70 51
12 4
59 43
57 48
59 45
81 47
98 38
87 47
48 35
16 4
7 2
15 14
30 27
39 17
67 49
29 18
42 2
63 7
69 58
50 43
36 33
7 7
43 25
85 4
5 2
37 20
80 19
30 29
13 4
11 3
39 4
90 13
86 76
43 16
13 9
31 14
41 28
61 17
9 5
58 20
96 49
66 49
68 51
64 44
32 11
30 30
53 36
27 4
80 37
7 5
39 38
48 39
10 2
57 51
23 8
59 6
27 5
98 72
14 12
3 2
43 41
54 14
54 14
80 41
99 66
88 79
85 28
11 8
6 6
15 13
59 40
20 6
44 10
95 78
82 46
8 7
59 50
13 2
62 8
25 2
77 8
48 15
58 15
47 14
50 19
26 6
2 2
15 5
95 14
15 2
16 11
15 4
22 10
55 17
8 2
94 8
46 30
70 56
80 42
70 43
5 3
3 3
80 6
38 28
40 2
39 35
36 28
61 40
59 36
73 33
67 28
14 11
37 36
36 7
56 3
59 31
88 18
41 35
36 10
85 45
40 37
47 13
41 26
62 3
81 69
67 33
69 8
38 15
68 67
63 4
65 25
48 18
78 68
33 5
55 39
43 18
40 12
14 8
10 6
47 20
44 9
33 6
47 43
66 31
98 84
25 24
39 2
20 20
21 5
8 2
88 76
28 23
42 25
51 44
67 53
64 28
43 22
21 14
85 11
5 5
3 2
77 6
43 26
88 25
20 11
8 4
26 10
30 23
76 20
55 35
90 61
64 30
90 74
77 48
74 9
32 14
66 39
10 10
36 35
99 44
78 35
25 16
45 27
17 5
31 20
30 24
90 32
17 5
80 12
86 15
96 45
99 28
91 64
29 28
11 2
30 23
28 24
64 46
5 3
70 32
92 84
92 53
30 11
64 9
52 36
57 39
28 16
37 5
79 7
4 4
53 33
46 30
57 55
68 17
68 61
50 10
47 34
68 49
47 31
39 5
15 9
94 77
78 67
46 44
100 57
57 15
42 3
75 12
54 8
5 4
22 14
30 23
79 15
49 26
73 6
5 5
35 2
29 27
51 44
19 15
13 8
96 47
20 11
59 6
18 4
37 26
85 5
90 7
