10000
72 36
77 42
12 3
47 22
6 4
12 8
42 37
34 34
74 60
99 20
7 2
59 53
15 12
8 3
79 40
71 54
49 11
87 76
5 2
70 56
67 22
32 26
36 8
39 26
24 18
50 31
77 67
75 52
82 42
35 27
84 70
26 7
20 11
86 84
61 14
51 39
45 25
6 4
34 29
56 20
88 15
75 35
23 22
87 53
88 21
49 23
13 4
9 7
2 2
7 4
85 43
12 2
38 25
40 34
24 18
7 5
87 71
6 3
41 31
66 54
52 5
78 66
69 60
42 20
74 45
76 5
69 53
23 22
90 23
43 37
98 44
31 7
56 26
9 3
52 27
7 6
96 43
93 75
11 5
26 9
12 9
73 56
85 6
98 14
29 18
89 89
3 2
42 6
41 24
77 66
81 27
30 14
27 4
15 9
52 49
45 42
21 9
18 11
29 28
43 22
54 47
62 32
15 10
72 25
46 23
71 70
88 28
93 8
35 33
46 39
7 3
21 3
61 7
96 82
12 4
91 27
20 19
28 24
77 66
56 28
62 60
46 27
14 8
98 39
41 37
58 26
34 20
30 9
79 34
92 76
27 25
11 11
25 17
90 56
55 4
59 9
91 58
12 9
3 3
48 25
64 23
47 3
86 22
27 11
50 15
55 52
31 9
16 4
96 5
9 8
59 50
66 47
52 36
86 33
64 59
52 45
52 18
5 3
10 9
68 49
76 17
100 8
73 8
7 7
73 70
78 22
69 7
76 19
3 3
43 6
30 6
47 28
51 6
19 19
42 5
100 41
60 32
58 26
79 32
61 38
68 51
50 22
53 12
95 62
18 17
79 52
65 64
35 32
94 45
56 24
97 90
84 41
32 4
65 45
55 53
88 21
47 21
12 9
59 19
73 38
83 26
2 2
70 14
61 60
56 35
14 8
100 53
87 53
50 21
26 18
12 10
41 36
79 19
76 48
41 10
20 13
2 2
99 61
26 7
3 2
96 4
50 30
92 9
79 68
2 2
57 36
53 37
90 20
58 10
12 4
4 3
64 13
73 63
71 67
88 28
67 27
75 2
95 85
25 23
44 38
31 25
55 17
47 34
98 76
80 14
35 7
28 11
50 22
98 5
98 25
37 28
82 10
22 5
59 10
25 24
89 76
35 6
29 4
25 17
58 26
25 17
35 12
46 12
98 3
76 7
30 12
55 28
77 75
11 3
63 16
71 64
62 19
73 45
37 37
11 3
35 6
86 68
50 25
25 4
74 34
22 2
10 5
78 55
71 37
98 34
79 32
48 18
16 5
58 18
80 22
51 3
55 27
59 56
32 20
94 38
61 49
61 44
20 19
35 27
56 24
87 10
92 88
32 28
93 74
88 70
68 8
39 25
93 54
36 13
69 28
78 38
74 46
37 7
55 32
70 63
43 41
90 75
83 58
92 35
12 8
91 16
6 4
77 17
68 31
67 9
47 30
22 21
31 26
3 3
19 3
98 50
16 9
37 21
12 12
63 61
18 8
64 26
81 63
86 43
87 27
44 5
17 2
87 28
67 25
57 20
39 4
51 40
7 5
96 40
79 46
12 9
49 41
61 16
92 61
67 2
20 19
44 34
14 13
48 44
22 3
40 29
11 2
81 69
62 22
26 20
96 39
28 17
45 35
65 35
32 23
43 2
77 70
3 2
40 37
69 40
64 36
48 4
13 8
94 2
7 6
80 70
28 12
36 14
64 48
17 11
76 7
54 46
38 36
54 30
6 2
63 13
83 50
7 2
32 11
42 40
66 24
44 29
46 23
53 12
67 45
67 28
81 65
92 85
47 18
44 43
34 19
64 55
12 8
81 8
80 43
27 10
40 8
99 19
8 2
60 38
17 5
14 2
16 14
72 52
16 13
22 21
15 14
58 40
100 48
13 5
95 93
57 29
75 70
58 54
36 2
60 28
24 14
64 62
27 26
13 7
28 4
19 7
75 47
77 18
33 14
93 31
52 40
22 16
51 9
59 51
50 43
3 2
43 13
43 29
75 14
96 13
69 29
53 19
27 18
76 25
52 30
62 57
50 2
56 31
89 32
70 24
65 54
47 5
77 53
15 5
59 36
29 13
45 39
42 36
88 46
61 54
4 3
27 13
15 11
47 31
20 17
46 23
92 25
58 36
3 2
89 20
72 57
78 17
91 19
31 21
5 3
14 8
52 25
24 16
38 28
45 21
85 75
64 41
68 54
64 39
55 34
30 11
75 10
19 11
47 36
93 56
62 43
79 31
6 3
88 5
8 5
93 13
49 17
36 22
66 24
57 21
32 8
15 6
13 11
5 4
40 5
3 2
80 22
26 15
21 10
43 12
37 9
82 63
5 4
13 10
15 8
80 8
61 29
10 2
37 5
66 44
30 4
88 49
79 71
84 53
27 7
9 6
6 2
12 11
7 4
45 15
79 47
53 21
61 4
33 23
55 18
27 21
37 35
80 5
87 83
79 5
72 56
47 32
89 42
45 39
82 7
41 15
10 3
17 15
23 14
7 2
41 39
61 60
83 3
36 12
58 4
11 3
78 70
36 21
89 57
22 18
8 2
49 34
34 29
76 45
27 15
35 21
23 13
90 3
11 3
12 12
41 22
59 54
85 75
81 63
73 52
91 23
31 18
22 4
93 7
100 66
73 11
38 15
8 3
17 4
33 8
51 15
52 25
69 54
77 59
30 7
5 2
91 79
90 89
64 12
67 47
51 41
18 5
6 2
16 9
47 2
83 31
38 29
33 8
32 6
16 15
15 8
72 66
98 6
27 6
10 10
30 15
53 24
52 8
27 7
5 3
52 13
97 91
14 8
50 11
7 6
35 14
39 33
32 8
94 13
29 5
37 29
11 11
66 3
41 19
77 76
28 28
54 51
71 14
48 24
8 3
12 4
100 77
22 5
23 12
25 4
99 46
65 38
18 3
72 22
51 36
61 46
23 14
80 27
3 2
39 11
35 7
34 9
68 36
64 58
5 3
98 78
61 31
83 27
72 72
17 2
27 8
93 48
76 17
22 7
38 25
83 69
57 28
36 14
66 36
42 40
9 9
47 35
96 17
26 5
4 2
50 23
97 44
64 4
30 11
62 11
9 3
36 22
95 58
85 48
30 6
42 18
45 27
36 4
61 18
38 28
54 16
33 27
41 22
45 16
9 2
8 5
12 8
91 48
38 22
60 30
21 5
9 5
8 8
24 4
59 44
52 37
45 36
72 52
37 2
24 12
75 72
69 38
99 42
90 17
15 10
43 40
37 23
44 24
28 19
4 4
38 22
99 86
52 10
68 68
14 6
87 43
100 63
22 22
73 33
84 77
59 5
10 6
49 12
32 14
62 47
61 10
64 26
40 24
88 28
72 6
55 48
63 9
39 7
91 16
36 27
41 3
52 39
12 9
59 23
19 16
34 10
5 2
65 61
32 15
51 28
82 35
81 5
53 9
58 2
51 8
51 33
39 6
7 3
40 12
100 18
74 41
50 35
88 42
12 5
21 21
33 6
77 73
56 3
29 9
58 29
54 6
14 2
44 42
20 16
3 2
26 17
55 29
96 59
48 42
81 16
92 82
6 6
70 30
4 4
44 33
40 11
47 31
38 3
79 48
14 8
88 40
89 15
17 15
84 57
12 9
8 5
20 16
83 21
38 18
9 5
56 5
13 8
93 59
81 52
38 10
7 7
21 7
77 67
72 50
38 30
25 23
60 41
16 13
59 44
21 5
46 27
92 51
40 35
96 30
21 5
12 8
54 10
28 22
65 50
63 5
72 6
31 15
64 42
10 7
39 23
52 51
5 5
91 48
23 19
6 2
64 49
9 7
37 27
19 6
31 27
100 92
4 3
3 2
11 6
30 19
8 8
29 22
10 9
25 18
17 5
80 34
22 7
48 41
20 9
8 8
13 3
12 5
27 26
81 46
46 18
16 7
5 5
12 8
13 2
87 87
85 80
97 17
23 14
36 36
87 75
31 26
68 19
6 6
33 11
84 63
7 2
40 15
65 60
54 19
31 6
20 3
35 28
15 6
69 50
36 22
96 82
30 4
40 14
78 36
26 19
22 12
77 66
28 4
50 24
44 30
66 23
3 2
91 59
65 53
12 7
23 16
82 8
39 2
7 7
71 5
100 67
38 38
86 59
62 10
28 26
21 21
69 18
4 2
24 10
92 86
15 3
87 21
6 3
44 37
32 2
90 40
82 61
29 13
52 15
83 47
10 7
70 31
92 24
60 52
38 24
16 3
91 62
61 35
11 10
7 2
28 12
34 32
87 43
66 39
24 11
2 2
97 16
59 53
20 20
67 13
36 14
18 15
86 44
21 4
91 5
81 70
79 10
23 16
74 18
3 2
12 4
14 4
24 6
88 74
95 90
48 6
57 15
33 19
46 8
25 11
26 16
86 43
49 47
94 64
10 6
66 4
28 7
16 4
12 9
52 8
25 19
95 86
13 9
13 7
77 21
48 26
46 5
62 56
14 14
85 64
15 11
8 7
4 2
73 2
27 3
20 9
73 61
89 57
34 23
48 37
36 4
64 16
34 9
54 16
11 9
89 27
77 39
41 11
2 2
10 4
72 69
100 65
9 6
38 27
36 23
35 32
4 3
46 12
26 2
30 6
96 90
41 15
40 40
44 43
57 48
35 12
18 14
91 36
88 40
31 17
71 15
62 14
86 55
24 10
42 25
50 17
71 19
61 43
24 13
58 24
25 5
70 18
87 81
29 2
2 2
91 67
6 2
24 3
87 4
27 17
11 4
51 7
42 23
70 56
5 3
47 31
90 61
24 3
72 2
25 6
39 29
66 15
25 25
36 11
87 65
83 75
56 21
21 9
71 37
17 15
42 18
50 37
100 3
3 2
18 8
26 14
81 39
76 30
86 33
8 6
28 18
9 2
86 16
40 5
99 47
77 6
45 17
17 11
33 21
71 21
19 11
59 5
29 22
83 32
27 16
82 64
23 14
87 54
30 21
65 54
69 63
57 2
36 3
84 13
38 32
64 41
42 25
86 81
66 51
48 42
66 48
67 60
47 11
33 33
45 35
75 54
13 12
89 3
4 3
59 4
3 3
44 43
33 21
74 59
85 61
76 72
33 29
21 4
94 89
86 7
52 11
100 13
35 20
19 10
45 7
93 30
69 16
89 53
91 9
70 18
63 54
56 53
10 9
48 14
32 29
18 17
72 17
59 50
2 2
93 75
70 63
33 32
70 31
61 11
84 51
68 16
13 9
91 44
46 20
35 34
16 5
25 24
76 65
67 6
27 17
44 9
27 2
16 3
16 9
7 7
4 3
2 2
32 26
56 2
46 20
72 55
5 4
75 10
19 19
99 79
10 7
87 84
17 15
44 15
100 48
31 3
8 7
91 68
38 21
23 2
22 19
44 5
18 6
53 47
21 21
41 28
56 29
69 46
50 43
83 49
10 3
79 33
80 74
11 2
38 26
10 10
69 14
56 5
64 55
12 4
99 30
52 14
57 35
5 4
50 9
92 92
76 35
14 4
72 31
54 29
24 24
87 13
51 8
61 55
55 29
45 25
39 31
4 2
11 7
66 8
60 8
64 56
89 46
65 3
59 59
51 6
53 10
2 2
67 37
22 19
91 77
22 5
7 5
42 34
87 48
55 4
25 2
84 48
4 3
64 36
42 32
65 53
10 5
9 2
2 2
76 39
47 5
51 24
49 35
19 13
60 51
71 2
96 18
61 49
29 7
69 22
71 22
82 79
43 8
52 3
75 21
44 26
15 9
70 47
26 23
25 24
21 7
43 32
36 2
8 5
53 45
55 5
98 2
23 18
87 58
45 9
64 6
32 27
89 23
16 14
5 2
68 49
63 53
27 8
87 77
71 50
37 18
49 11
25 12
29 13
96 2
17 4
52 12
16 9
56 29
81 69
8 8
38 17
71 45
78 37
50 39
10 10
2 2
82 72
35 13
19 9
26 13
8 5
7 6
18 14
31 5
89 78
94 80
28 10
2 2
40 26
60 9
27 16
29 23
39 14
22 2
91 26
21 19
16 9
91 85
82 34
3 3
32 18
9 8
25 23
88 49
24 15
91 76
49 13
20 17
77 12
62 40
51 43
58 44
96 79
49 12
88 11
79 31
17 9
2 2
9 2
51 25
41 15
2 2
37 7
60 2
96 77
70 23
53 27
46 40
5 5
64 17
66 39
18 12
63 45
79 12
93 69
57 25
60 45
44 17
32 24
84 21
65 38
44 6
70 38
82 46
64 62
59 52
51 23
71 59
7 2
44 37
16 9
35 8
37 23
80 75
92 25
58 14
27 13
60 15
15 15
67 41
45 36
81 54
13 10
30 20
93 51
64 39
87 35
15 15
79 18
27 26
87 48
66 33
7 2
50 36
74 44
32 11
28 2
86 85
2 2
15 5
16 10
75 64
31 26
29 15
41 26
54 22
32 4
78 51
17 17
70 52
30 11
56 46
51 32
84 48
73 9
78 5
35 8
67 14
85 64
87 50
33 27
41 17
92 2
13 3
68 37
15 13
55 53
63 32
81 56
69 15
47 36
17 2
82 13
55 33
59 12
15 9
77 9
91 16
58 26
7 2
71 69
3 2
87 8
37 15
14 6
55 28
35 20
4 2
6 5
62 28
19 4
25 2
54 46
35 14
64 12
53 25
81 26
78 48
98 3
51 15
71 15
69 57
13 8
15 4
51 34
95 48
12 9
51 21
30 28
9 6
68 28
81 31
77 71
24 8
24 12
81 33
47 10
35 31
78 68
57 53
76 7
70 30
8 3
99 19
12 8
92 85
21 6
64 15
13 4
46 18
79 53
93 21
62 49
42 7
76 68
28 5
14 12
56 50
23 23
8 6
64 6
74 2
36 5
6 5
11 7
77 27
57 15
55 45
54 46
76 9
61 40
26 3
65 7
48 40
25 3
32 9
51 2
79 10
21 19
29 21
52 3
46 6
71 15
53 4
100 84
20 7
22 7
11 6
3 2
78 44
16 15
2 2
23 3
17 13
87 15
88 25
58 16
88 57
12 3
18 12
78 3
79 79
93 76
3 2
84 45
75 43
49 41
7 4
70 49
21 5
70 67
12 3
66 16
54 32
78 10
28 3
80 39
58 51
80 70
24 7
39 6
92 67
83 57
56 8
71 70
63 56
26 22
4 3
54 8
100 68
18 18
76 65
11 10
67 65
91 58
45 19
52 9
79 72
82 51
3 3
73 14
82 24
28 15
54 16
86 78
40 36
57 32
22 6
89 28
31 31
82 67
51 49
67 11
81 28
20 12
18 3
52 32
100 53
89 30
60 33
27 15
80 12
99 55
20 17
7 4
69 9
48 27
46 26
39 6
40 34
4 4
5 2
41 30
7 6
99 54
33 18
38 38
67 54
70 42
91 78
80 44
81 15
59 59
24 22
38 2
63 27
18 15
27 15
72 29
68 34
40 38
61 18
11 4
100 77
17 11
55 23
86 13
79 67
9 5
22 12
34 27
14 10
27 4
21 2
36 3
54 52
56 40
48 3
23 9
76 24
33 28
12 4
12 12
83 33
53 43
96 68
25 19
21 3
30 30
42 17
62 41
82 72
86 61
16 10
92 5
28 24
64 60
71 68
47 5
97 93
54 46
7 4
78 43
51 13
19 19
77 31
97 25
26 4
62 30
47 38
66 46
72 22
49 5
80 76
36 20
63 22
25 20
30 3
78 72
84 5
90 22
74 65
99 10
53 6
20 10
97 72
77 60
35 23
60 10
75 2
96 26
47 21
42 15
46 2
20 17
9 3
64 37
82 17
71 11
29 27
47 43
71 60
29 24
54 19
5 5
19 4
70 20
41 20
17 13
37 25
14 3
66 14
81 74
70 48
85 24
26 7
78 37
16 8
93 15
18 11
70 12
68 11
3 3
16 8
53 4
4 3
41 9
66 38
30 20
50 49
84 29
18 6
87 15
27 19
19 11
27 10
91 2
66 14
9 2
55 42
19 13
49 4
40 38
55 20
78 50
82 32
68 48
69 54
65 47
73 34
5 5
49 40
54 31
74 69
73 33
10 7
4 4
66 63
48 36
51 31
100 41
30 24
53 22
29 9
13 2
84 19
55 47
60 27
8 5
56 2
39 33
26 11
44 21
91 57
2 2
34 19
92 50
57 29
8 2
12 7
7 2
79 33
68 62
37 30
36 36
65 65
76 46
87 29
86 57
68 35
65 18
14 10
14 12
77 47
75 28
46 14
58 53
79 69
75 6
88 12
45 21
86 67
84 55
21 5
41 26
83 35
20 15
21 15
58 13
47 42
81 55
80 51
47 12
37 5
89 51
13 13
5 3
36 14
90 6
2 2
6 5
55 17
28 8
69 31
13 5
71 32
26 24
76 75
53 38
65 18
69 34
11 11
19 18
20 6
62 52
60 16
35 35
50 3
39 32
40 35
57 26
28 8
20 2
33 2
83 47
96 84
55 47
84 61
55 40
17 16
13 11
93 2
13 9
49 32
60 7
39 13
6 5
55 41
73 40
33 21
33 15
7 6
4 3
73 20
33 26
25 12
95 80
12 10
74 50
81 79
97 38
10 10
65 40
52 14
42 2
38 29
48 2
90 47
41 6
13 4
18 16
44 10
22 10
45 31
7 7
49 46
97 64
79 18
7 5
49 17
22 19
93 71
39 15
74 6
80 9
5 5
44 38
35 26
72 7
66 32
72 16
73 29
23 2
83 23
23 6
37 27
8 8
12 10
9 6
57 54
34 32
6 5
46 9
19 9
15 14
56 39
56 7
77 56
64 13
41 3
12 2
67 22
81 23
100 60
65 14
16 10
83 64
10 7
15 4
7 3
16 10
21 13
48 11
74 38
82 52
9 8
35 4
93 71
94 78
64 22
68 62
41 31
68 45
36 4
29 13
94 75
41 18
91 11
19 10
50 4
66 44
39 19
47 22
59 34
56 3
32 16
82 56
72 53
85 23
29 26
60 44
15 4
14 5
66 20
85 38
80 50
91 19
80 58
25 22
39 14
4 2
41 41
24 6
51 27
72 35
99 28
32 22
14 4
27 24
10 7
17 2
2 2
16 12
36 13
79 38
39 13
15 7
71 40
84 76
79 17
82 24
55 10
43 14
57 4
19 14
41 23
4 3
11 9
71 60
46 40
85 45
55 52
13 10
81 30
78 22
90 3
10 10
69 17
15 10
42 31
51 50
5 4
54 51
48 28
31 8
76 68
81 57
85 60
61 37
55 13
83 50
78 43
35 32
99 84
32 13
96 63
60 41
53 36
86 16
61 52
95 79
30 8
69 48
59 5
81 74
2 2
99 45
68 25
9 3
82 34
2 2
39 12
81 18
35 35
24 16
82 50
24 12
52 20
3 3
54 44
35 21
67 24
73 44
46 9
39 30
96 59
7 2
60 21
49 48
82 59
53 45
22 17
44 6
9 9
11 3
33 6
29 6
53 11
90 29
58 12
4 2
41 18
81 8
41 9
96 25
36 19
13 3
91 34
42 10
78 54
16 9
94 62
11 7
15 6
54 41
53 42
96 69
16 6
36 27
23 19
44 34
49 17
17 8
6 3
61 38
7 7
62 52
23 12
85 57
28 23
48 3
69 12
52 26
12 12
90 48
78 19
23 14
25 18
31 5
39 14
56 48
76 44
29 12
50 48
57 41
81 75
61 55
6 5
62 38
62 9
70 45
41 8
39 20
50 18
96 74
85 64
68 58
83 15
58 34
40 40
58 4
89 78
5 3
34 19
88 75
67 5
76 66
17 14
80 22
37 13
65 29
12 9
26 7
32 19
56 54
99 20
49 41
74 33
65 57
45 36
79 61
64 13
78 46
89 28
51 17
76 30
6 4
45 7
39 19
51 45
80 61
43 13
48 36
71 19
69 25
3 3
41 17
45 26
63 29
86 33
54 27
2 2
9 6
32 14
63 49
95 14
64 14
98 88
84 54
36 36
60 46
48 42
61 41
68 21
81 28
25 25
33 21
54 34
75 58
33 16
53 36
28 5
34 9
43 11
33 25
25 9
4 2
8 5
44 2
47 15
23 6
53 17
6 6
71 37
94 15
28 24
4 2
94 53
38 30
96 32
38 35
44 10
87 61
85 58
80 14
32 22
65 40
51 30
43 26
86 45
7 4
86 4
96 36
38 5
59 56
57 36
14 11
54 39
5 2
58 18
14 7
69 16
38 11
88 14
20 16
17 14
86 75
80 75
71 59
9 5
44 31
66 11
90 34
12 12
41 15
63 34
4 2
2 2
63 43
66 11
63 44
58 58
31 14
54 45
37 4
99 75
3 3
26 5
97 44
11 2
17 2
28 26
67 29
26 4
39 23
46 25
87 3
61 10
100 50
59 56
72 61
53 34
67 48
98 93
34 32
58 12
33 26
23 20
50 50
76 59
3 2
33 8
23 10
72 28
20 6
61 35
2 2
66 66
75 42
8 4
85 15
98 13
95 3
67 16
50 24
13 8
79 33
39 10
23 5
63 47
18 8
45 30
89 23
61 55
16 5
8 8
78 45
14 4
16 5
70 7
28 28
61 35
75 40
20 8
45 17
55 45
34 11
97 65
29 20
56 51
12 11
14 3
55 36
69 43
85 83
67 18
67 31
3 3
89 40
21 17
58 40
29 2
54 20
66 28
41 36
7 6
91 29
72 5
28 13
97 5
2 2
18 15
27 4
55 19
67 53
89 62
47 25
27 8
86 2
59 46
5 3
23 13
64 61
61 28
8 3
97 54
83 66
8 2
47 11
62 29
64 18
63 14
37 5
5 2
61 28
45 36
68 54
81 6
73 53
48 29
92 18
23 16
84 29
100 21
43 9
63 60
12 12
11 3
11 2
55 5
26 3
94 44
67 29
84 34
67 46
61 33
79 25
93 34
22 15
33 20
53 6
64 5
22 12
61 23
91 70
26 11
67 7
39 25
48 37
71 59
75 5
72 14
6 6
26 9
35 27
31 16
49 2
55 53
94 74
46 30
7 7
2 2
7 4
99 52
3 3
94 93
3 2
2 2
13 5
3 3
68 37
11 8
14 9
5 5
98 30
16 9
36 31
51 48
70 49
70 31
34 16
56 30
6 6
100 78
36 6
61 4
88 36
73 37
29 18
65 35
78 44
93 13
75 17
92 87
77 9
64 39
90 23
42 8
5 2
93 87
44 37
35 3
26 23
56 46
92 16
27 20
13 6
92 82
61 48
16 7
69 63
96 57
3 2
34 25
95 74
53 42
29 10
65 41
74 50
40 15
84 75
34 26
90 6
86 43
46 41
19 14
92 21
14 8
46 22
39 17
26 13
54 45
16 14
36 23
62 38
66 56
59 37
68 46
18 5
51 13
52 33
37 6
45 9
11 10
66 31
14 10
36 25
32 11
82 73
51 43
98 51
37 10
12 11
25 6
23 5
23 7
71 48
48 38
30 4
96 48
78 42
16 10
100 32
94 52
23 13
57 13
39 25
56 5
65 63
89 22
85 53
69 45
70 68
50 43
14 10
99 32
43 3
52 32
29 11
98 41
71 17
67 59
61 53
47 2
42 32
20 17
32 17
7 6
39 14
42 6
15 4
79 48
32 12
84 16
11 2
3 3
49 27
61 36
94 46
93 61
22 6
69 35
69 37
65 65
71 60
43 18
56 21
56 45
74 47
70 11
82 31
96 76
6 2
85 28
56 51
93 20
42 4
70 21
10 10
94 12
72 52
56 25
25 14
52 48
57 39
63 14
32 27
60 44
89 15
70 67
3 2
23 21
10 2
39 28
58 24
46 4
34 34
51 44
30 17
38 9
8 8
54 39
40 24
75 2
48 45
25 9
95 71
30 23
2 2
87 13
54 18
61 40
59 5
23 14
15 6
98 41
98 87
18 12
63 12
14 12
57 38
30 18
89 75
53 39
40 17
36 29
18 14
42 18
55 50
33 10
16 5
67 6
55 3
54 41
80 31
49 46
79 31
86 81
3 3
62 37
17 10
47 24
16 12
63 25
52 42
68 6
62 35
9 9
77 61
13 2
92 27
45 31
47 20
79 15
58 38
87 50
64 40
62 62
37 5
19 10
55 35
12 7
59 16
31 21
64 54
27 27
76 24
67 14
62 20
89 37
19 18
20 3
60 19
77 59
63 18
34 25
39 31
13 2
63 20
49 37
96 41
84 7
89 14
71 25
43 8
64 28
6 2
93 74
52 15
55 8
40 24
36 18
48 19
87 6
24 21
92 30
18 18
23 5
65 61
44 5
7 2
47 47
9 7
62 10
86 33
83 35
47 25
13 12
14 9
65 21
25 8
39 8
7 7
80 56
30 8
4 2
69 26
65 49
35 14
57 29
96 32
17 7
57 15
71 4
66 23
54 39
14 13
68 37
63 51
57 17
3 3
99 91
17 2
95 92
43 10
77 39
27 4
6 6
36 26
91 53
64 31
46 36
2 2
62 41
52 43
25 8
25 18
30 9
10 9
57 46
84 65
46 8
67 39
55 30
13 3
14 3
94 70
99 2
51 39
92 80
13 6
22 3
84 5
7 3
61 59
77 26
16 6
13 8
48 7
37 30
80 70
39 4
43 26
81 59
42 28
50 24
83 30
94 43
50 29
61 56
100 36
50 47
16 9
5 3
86 57
60 50
95 28
29 26
82 45
30 17
93 82
11 6
72 20
3 2
95 74
56 3
85 16
53 36
68 41
80 11
11 2
88 52
8 4
47 28
67 62
4 3
30 27
57 48
45 27
14 11
17 12
15 5
72 36
60 11
67 35
30 6
94 66
81 38
30 25
18 18
56 33
33 4
51 33
86 43
95 25
50 9
3 2
62 22
17 12
82 82
94 70
45 2
11 5
94 20
80 32
26 16
31 27
68 15
55 19
44 7
87 9
71 69
59 45
72 19
3 2
27 25
71 61
37 23
72 14
50 4
87 47
46 41
7 4
73 62
40 6
77 32
30 22
21 13
61 17
33 11
100 8
55 40
36 2
89 27
79 21
25 13
55 6
96 17
80 38
8 2
31 2
94 22
84 84
50 28
59 30
51 10
63 49
66 29
95 12
35 20
31 17
33 10
80 23
15 7
48 29
68 57
82 2
35 4
87 37
65 33
38 29
24 12
47 14
14 4
86 50
49 9
13 3
14 6
94 17
98 61
22 9
48 15
47 7
98 55
16 13
39 5
63 8
91 31
61 59
18 3
43 19
27 27
22 3
3 2
10 9
48 9
42 26
94 12
24 3
87 49
45 5
69 30
76 71
84 7
19 14
94 4
17 12
94 15
13 12
2 2
84 75
94 64
89 41
51 43
75 57
23 6
67 38
21 9
70 69
52 11
27 14
97 22
11 9
51 9
56 43
96 37
29 9
88 13
73 37
69 62
86 63
28 6
85 81
54 17
55 6
58 30
26 14
52 4
62 30
73 73
34 12
52 11
87 78
82 71
89 65
14 8
76 72
16 12
19 4
84 73
68 37
15 13
38 17
45 32
2 2
81 60
15 10
17 8
97 7
60 48
33 14
57 14
57 3
72 18
56 17
35 12
76 2
65 52
2 2
93 27
23 12
56 20
8 7
35 30
31 18
95 78
97 4
27 8
34 8
3 3
44 24
13 4
56 30
55 22
95 41
6 4
13 8
97 7
9 7
59 31
81 9
64 38
6 2
17 10
46 27
84 5
98 8
33 6
19 8
20 18
27 23
32 29
63 54
49 15
42 26
96 75
7 4
32 19
37 6
17 4
26 15
15 10
93 10
65 12
80 38
26 6
48 22
31 13
47 44
73 27
89 3
38 37
98 63
66 30
82 36
13 13
40 35
51 46
2 2
5 4
67 57
71 56
93 48
45 20
54 5
23 23
15 3
94 22
100 64
25 9
37 36
16 3
77 63
94 18
82 11
54 11
81 68
3 3
84 75
25 23
14 9
6 4
97 74
20 11
73 66
96 74
48 32
4 3
90 88
65 49
36 24
100 4
88 4
63 12
82 62
75 17
60 53
95 69
5 4
34 18
87 12
2 2
79 49
50 18
66 21
44 2
20 16
39 3
35 5
79 48
24 12
97 94
33 6
39 36
14 14
65 30
77 70
91 57
64 28
54 40
84 4
14 5
49 45
77 28
55 44
45 6
27 27
100 49
52 32
26 20
2 2
26 10
41 17
37 35
23 7
81 14
47 41
18 8
50 39
32 10
23 22
32 25
96 62
65 59
43 34
53 13
20 16
53 33
23 2
81 41
45 2
23 13
61 42
19 4
65 52
44 40
17 8
72 58
37 36
63 20
65 12
61 12
2 2
92 82
36 20
58 56
20 10
36 28
97 18
35 11
65 43
22 16
50 35
71 3
10 7
9 5
88 7
51 6
67 10
15 13
40 7
61 25
52 12
74 66
90 56
79 11
49 6
28 3
17 8
24 22
46 29
12 4
58 49
14 13
36 15
16 9
87 5
86 71
87 71
75 72
84 10
91 15
97 11
62 49
57 6
85 15
35 33
61 24
54 2
42 27
26 2
29 14
94 80
32 28
70 33
26 24
70 48
47 29
25 11
21 18
92 53
14 4
93 43
88 67
8 3
19 4
71 54
30 7
29 6
73 7
90 52
96 37
73 53
7 6
68 59
13 8
20 4
85 9
79 60
74 17
84 67
29 16
18 16
15 14
34 27
59 35
20 16
54 18
99 8
79 5
40 17
96 12
87 67
91 27
25 25
42 10
14 12
47 36
68 56
34 29
75 30
69 10
46 36
90 72
60 47
76 24
22 17
15 7
49 18
59 8
44 15
93 14
47 45
21 16
83 31
92 92
24 22
44 19
85 62
6 6
18 5
28 6
65 63
47 23
80 17
100 83
38 6
15 9
70 37
46 38
23 12
33 14
31 31
14 13
36 5
25 13
52 20
49 41
9 5
28 15
21 15
18 11
36 5
29 25
33 7
21 14
74 74
23 23
24 11
11 7
70 28
86 58
53 10
91 36
19 16
29 27
44 14
3 2
37 32
84 72
19 17
16 11
95 40
96 15
52 15
40 40
89 86
49 8
45 8
91 90
3 2
35 19
46 43
8 5
27 9
55 29
92 66
79 77
60 33
72 61
29 21
72 28
47 35
55 8
16 2
92 78
83 74
51 5
57 20
70 44
61 56
23 18
53 34
33 3
24 13
59 41
60 30
5 5
30 11
2 2
17 2
52 24
54 16
95 52
30 24
52 51
53 47
53 26
46 31
29 5
75 57
55 43
57 50
12 7
77 2
35 15
22 7
47 31
36 4
82 17
22 4
12 2
85 59
49 40
15 5
39 4
97 39
20 3
82 77
12 4
74 13
44 7
80 21
97 51
8 7
22 18
83 30
27 8
57 36
68 41
61 41
78 72
77 2
96 85
74 72
71 68
46 35
55 5
64 60
60 3
18 3
61 36
58 36
94 64
8 8
6 5
39 12
40 22
13 5
25 4
81 55
59 47
46 21
61 8
96 90
6 2
43 27
3 2
82 10
14 4
5 4
81 48
82 40
31 26
59 58
69 38
69 51
46 14
15 15
80 71
18 2
7 6
88 13
44 26
68 5
85 59
44 29
70 48
14 2
48 27
71 17
3 3
14 5
51 51
33 5
56 3
78 5
14 9
75 62
91 52
38 35
30 19
38 38
26 13
36 30
37 34
90 57
81 49
66 6
66 24
68 11
69 10
34 25
50 26
48 15
23 14
89 44
40 28
22 21
85 75
16 5
57 46
98 85
29 3
71 17
44 17
58 6
84 83
74 74
70 54
55 45
36 3
84 54
57 7
64 14
53 20
25 12
29 27
35 26
93 77
95 68
68 58
56 16
45 18
70 43
48 44
85 48
42 3
77 40
37 10
16 16
99 78
16 3
21 8
67 15
32 6
11 11
42 10
68 19
49 15
39 18
30 24
56 38
60 10
45 18
13 8
84 27
79 5
17 15
74 52
21 18
84 42
81 30
82 65
75 9
49 19
78 13
23 3
42 42
64 29
98 2
90 71
36 26
84 8
8 8
4 4
61 23
87 22
94 89
14 6
98 95
35 10
21 16
24 13
87 2
53 25
13 9
8 3
35 25
44 41
73 72
30 24
41 39
15 10
13 7
4 3
75 3
63 33
33 14
32 27
36 25
34 22
96 45
91 15
45 35
59 24
62 25
18 11
82 39
94 4
21 5
51 46
25 24
74 55
4 3
7 7
76 9
68 27
11 8
30 19
58 31
22 9
74 45
22 19
94 32
92 40
26 20
4 2
12 8
46 27
56 45
68 3
79 74
43 34
79 5
13 3
24 15
66 8
44 8
69 21
97 74
58 57
40 36
52 33
12 8
64 43
7 5
39 35
61 21
82 50
3 3
20 2
90 38
93 26
11 9
7 3
16 14
20 4
97 59
77 12
75 53
74 63
35 34
89 33
8 3
7 7
32 18
4 3
6 2
42 28
94 86
99 34
96 12
48 29
9 4
21 6
76 38
25 4
43 9
34 28
16 16
20 10
41 38
36 9
74 48
5 2
50 4
69 12
33 18
63 31
35 9
55 14
22 5
65 27
79 3
76 63
86 15
46 38
50 35
20 13
100 5
70 16
37 13
15 10
46 34
69 4
31 12
55 53
71 29
24 18
73 23
52 4
32 13
40 18
31 22
19 3
75 21
65 12
66 28
66 46
68 20
66 64
56 35
44 17
100 22
13 10
47 23
28 4
80 59
47 6
19 16
69 38
71 19
70 12
13 3
85 6
77 52
21 15
22 3
47 43
55 27
23 13
69 53
60 30
13 6
55 24
13 6
56 4
36 23
91 79
85 44
65 59
91 70
25 8
15 13
62 46
38 16
17 14
19 11
37 27
14 8
60 56
46 23
37 7
28 15
72 69
57 32
59 56
86 80
8 4
15 11
7 6
80 66
48 25
21 19
7 3
79 28
83 7
33 8
59 5
22 20
52 44
81 57
11 10
66 52
12 9
53 17
87 24
54 11
71 32
81 30
49 32
92 57
42 13
34 29
72 27
74 43
95 89
99 49
36 24
5 3
58 2
95 29
55 35
76 51
90 29
82 21
46 38
6 4
20 16
32 3
16 11
17 5
34 13
22 16
70 54
91 2
93 90
13 13
79 40
5 4
64 16
86 2
69 19
99 64
14 6
3 3
19 5
50 21
82 26
75 23
22 11
28 15
89 54
97 32
32 11
83 75
47 23
61 19
10 3
13 12
41 11
85 63
95 22
74 39
6 2
39 29
59 31
89 28
14 6
65 64
74 53
39 32
60 31
79 33
43 39
12 4
61 10
54 19
38 20
59 5
11 6
84 69
99 48
46 16
59 20
7 7
99 50
72 71
50 42
24 5
52 22
4 3
71 20
5 4
28 7
20 2
54 52
30 28
74 53
30 2
97 17
64 39
61 38
54 27
59 25
12 9
63 31
12 7
64 60
96 6
32 32
70 55
64 16
33 14
34 12
96 3
43 6
85 85
85 36
25 13
26 4
7 6
92 36
99 40
29 6
24 19
53 44
7 4
48 21
97 38
31 20
6 4
88 19
98 62
47 5
99 52
14 2
41 10
58 36
47 16
50 40
44 4
50 49
99 22
79 43
50 17
8 6
40 9
11 5
20 14
64 29
87 20
94 56
64 43
27 7
45 23
67 64
66 8
59 28
19 13
74 20
80 9
67 15
86 16
53 10
75 26
33 21
2 2
24 23
77 11
79 15
30 15
98 94
34 31
19 9
74 5
98 3
71 23
85 31
72 39
96 62
14 4
63 7
95 51
94 88
16 16
45 37
49 2
5 3
95 14
57 21
22 16
72 16
69 68
86 7
24 14
64 43
30 11
14 8
10 2
83 50
8 6
84 61
8 4
66 47
80 79
75 43
98 85
12 5
26 8
9 2
25 11
99 9
53 6
16 10
25 10
75 70
16 11
31 13
97 47
65 27
93 22
93 56
58 12
58 36
44 16
68 43
58 16
59 43
11 7
20 5
79 55
51 39
54 14
37 18
92 20
33 14
21 6
75 18
82 18
49 36
90 81
54 35
64 28
95 60
59 10
49 30
40 17
75 33
42 15
16 15
70 69
96 40
94 44
91 13
64 17
100 75
95 95
16 15
82 31
98 15
36 35
17 17
72 7
91 6
91 16
53 14
61 8
67 46
69 50
97 48
100 68
100 30
94 34
63 59
51 24
54 9
100 58
96 59
29 13
56 39
78 16
25 10
12 4
52 21
51 34
27 22
70 24
86 2
33 13
38 29
95 44
32 4
59 41
35 2
32 25
92 11
42 28
26 11
96 73
8 5
63 34
56 7
80 80
9 4
3 3
71 20
81 5
39 24
98 70
97 80
73 3
3 3
15 14
36 8
31 3
21 2
39 21
81 14
66 19
84 10
88 34
9 8
20 7
49 4
11 2
81 61
61 19
60 22
92 57
13 9
17 3
40 9
46 11
71 61
9 2
10 7
56 8
61 12
45 15
90 72
10 6
44 35
32 18
18 11
64 30
86 52
14 11
56 41
28 12
43 28
70 12
52 19
88 20
95 59
95 86
58 18
15 8
16 8
33 27
12 9
53 26
7 2
92 45
27 27
67 55
57 49
42 40
87 60
78 61
97 50
50 9
14 6
96 43
75 58
28 28
57 47
75 61
25 10
40 32
35 25
64 15
52 11
2 2
58 42
7 7
14 11
45 20
32 24
31 18
33 29
79 53
82 57
52 41
24 19
13 11
13 6
29 24
22 20
55 6
20 19
81 22
22 13
57 4
37 15
86 62
13 13
49 26
53 51
73 30
47 44
25 13
23 2
18 11
67 20
90 70
48 44
11 3
2 2
38 29
37 29
54 46
5 4
85 75
60 57
29 13
98 32
19 17
19 4
10 2
21 5
99 86
20 13
30 6
11 9
21 19
36 7
100 96
25 4
77 5
32 9
7 7
72 49
77 73
67 27
6 4
58 35
15 4
61 11
62 50
91 81
96 47
75 15
73 32
96 82
42 6
80 46
41 11
76 37
58 29
2 2
82 68
4 4
96 52
94 76
53 23
6 2
14 12
80 16
66 13
45 44
13 12
55 15
18 2
96 61
42 19
22 18
97 6
83 72
5 5
55 49
70 55
75 70
90 77
14 7
83 12
97 60
63 12
31 3
69 69
21 14
43 4
12 10
55 13
84 34
27 7
57 39
86 53
13 9
32 23
5 2
75 50
13 10
66 46
49 36
67 32
68 20
69 35
34 4
69 28
54 20
9 6
98 48
96 52
73 57
13 11
66 45
44 42
56 47
11 6
76 47
100 42
89 60
91 51
6 5
42 13
42 31
94 34
85 22
100 59
3 3
36 27
78 59
26 22
78 59
26 20
75 18
68 8
54 34
33 33
69 67
73 2
58 10
86 43
8 5
50 46
7 5
33 18
58 11
79 60
90 84
69 67
75 43
16 6
34 34
45 45
63 63
80 36
61 19
68 2
22 14
31 5
52 38
92 18
36 26
68 32
52 7
56 51
60 52
11 10
3 3
25 11
63 20
73 55
65 28
57 33
51 9
22 4
37 31
3 2
91 81
49 25
37 33
30 2
22 22
2 2
53 51
51 5
41 33
55 22
62 21
23 2
15 6
36 15
32 26
91 27
18 6
100 46
67 41
74 27
36 19
66 28
10 3
19 9
81 51
51 8
34 14
80 24
86 3
50 40
85 18
91 44
45 31
7 3
26 9
19 18
16 8
10 6
98 24
22 6
19 7
62 53
18 16
27 14
36 27
92 66
19 8
99 30
58 52
44 25
10 6
33 30
29 5
95 49
65 7
24 2
71 39
12 7
46 4
34 21
82 78
67 15
84 84
34 24
50 11
53 36
93 90
44 30
80 18
56 28
57 23
75 55
94 82
86 57
77 73
55 53
5 2
30 22
54 3
48 16
27 8
67 23
54 28
20 6
30 14
12 12
24 10
26 5
28 27
66 2
19 10
19 12
84 29
12 7
72 68
58 4
73 67
13 9
70 31
73 14
16 15
92 19
63 51
53 52
77 26
36 32
67 50
6 4
63 18
54 14
3 3
62 16
58 8
21 17
69 12
58 30
7 6
34 2
75 41
34 17
86 44
61 12
22 14
13 3
3 3
74 64
23 23
86 73
87 9
74 46
51 12
56 33
74 13
6 4
33 24
73 36
94 12
54 14
54 42
94 5
19 10
24 3
18 6
44 23
92 88
32 6
47 28
7 6
50 46
17 8
16 5
34 23
54 14
37 2
84 30
46 3
24 8
6 5
16 16
88 8
30 28
33 28
78 65
48 43
85 23
35 30
88 87
77 63
96 50
78 57
64 5
20 15
84 14
16 15
64 31
89 29
93 66
92 13
56 22
47 14
86 21
38 2
64 31
64 44
37 25
98 52
47 33
96 16
17 15
26 6
54 13
28 19
3 3
77 2
35 34
69 9
84 10
9 9
87 12
13 9
98 17
52 41
47 23
85 75
9 7
88 49
54 54
30 8
2 2
100 41
30 21
9 9
77 36
52 30
75 34
81 7
88 31
57 38
97 88
36 16
56 21
3 2
47 31
33 30
72 52
44 19
34 13
46 20
30 30
8 5
93 59
33 27
22 12
54 34
75 72
2 2
63 13
48 5
93 24
61 55
51 16
7 3
25 15
73 59
90 68
8 5
10 7
53 6
68 20
88 62
47 10
59 42
35 9
80 60
27 6
96 42
12 7
80 56
99 72
28 12
45 14
19 15
23 11
44 21
23 23
28 21
40 23
2 2
26 18
94 35
82 12
73 52
82 5
38 37
16 16
29 21
75 6
59 52
92 21
36 8
18 17
4 3
42 21
50 19
16 4
15 12
15 14
88 3
87 2
11 9
33 22
70 62
30 18
52 40
39 2
58 19
52 50
81 37
84 8
25 20
80 28
34 31
68 45
4 3
88 18
98 10
100 84
98 54
70 33
55 30
14 11
39 24
38 16
8 7
6 2
45 32
21 20
50 15
72 6
72 48
2 2
7 7
99 10
35 11
8 8
65 5
29 29
64 64
25 5
17 2
58 45
46 36
34 34
54 13
92 13
13 6
51 30
33 10
71 60
70 37
37 13
38 4
57 53
77 63
70 27
53 26
84 84
45 39
83 11
83 67
9 5
76 3
33 14
80 73
30 7
36 14
8 3
10 5
44 44
33 2
4 2
54 48
46 31
34 32
99 76
3 2
90 72
26 19
63 28
45 24
67 63
38 15
89 46
10 10
54 50
31 8
74 3
4 4
19 9
86 84
26 10
76 56
39 16
23 5
42 10
4 4
89 84
64 50
94 55
31 22
83 72
82 30
4 4
95 34
27 2
63 22
55 39
38 21
74 46
16 8
65 6
79 20
51 41
19 14
72 16
71 58
59 28
15 11
62 39
41 22
67 34
12 6
52 35
38 9
60 51
52 34
66 4
59 47
9 9
75 57
27 15
80 44
69 46
54 7
46 14
90 28
85 47
32 32
43 6
37 17
50 7
8 4
62 52
11 5
21 13
65 14
99 48
83 6
33 17
67 32
64 56
70 65
70 6
28 20
14 11
100 24
17 15
86 59
78 47
77 19
94 6
89 54
28 17
16 5
88 81
37 10
75 75
70 52
71 16
85 47
41 27
58 15
18 9
33 11
24 18
25 7
10 8
36 16
74 13
59 20
88 58
74 44
22 4
3 2
86 38
36 12
44 17
90 79
18 3
66 44
45 10
82 61
7 2
62 12
68 7
47 7
5 2
2 2
83 78
84 20
28 3
22 22
91 48
66 40
25 3
17 15
14 5
43 40
16 4
13 3
23 10
18 13
57 22
86 9
65 21
84 18
56 6
72 17
65 55
23 14
37 2
43 16
68 54
34 2
40 8
14 8
100 14
61 4
63 12
66 49
27 4
76 36
75 2
16 3
14 9
73 41
13 5
61 55
72 59
34 14
72 51
95 51
7 5
43 33
64 5
77 2
36 30
56 33
67 24
79 3
81 15
53 37
42 16
86 43
85 73
27 10
95 60
99 6
54 29
80 60
98 33
43 4
85 6
54 31
28 9
77 45
79 28
3 3
17 17
62 40
34 23
19 9
7 4
95 48
23 23
83 57
99 31
27 12
64 42
93 19
31 16
64 21
44 7
84 32
77 17
60 57
69 41
50 17
10 3
81 37
64 33
9 9
27 4
50 34
16 3
20 20
93 39
11 11
37 36
66 47
78 42
10 6
68 6
83 42
23 2
71 70
21 12
93 44
18 18
50 34
62 47
66 25
64 12
57 56
57 15
55 50
52 22
92 67
86 2
28 22
13 3
3 2
19 16
39 22
12 7
87 61
39 32
64 50
69 20
14 2
29 5
17 2
74 46
82 25
51 44
32 2
48 26
17 5
10 6
22 9
9 9
97 31
19 10
91 80
78 66
36 8
2 2
97 53
40 33
76 8
68 14
90 17
99 57
25 23
12 4
29 18
40 15
85 16
99 78
19 9
92 8
61 13
62 27
8 2
75 9
58 13
11 4
50 27
57 57
78 14
10 10
52 44
97 6
43 21
17 12
39 26
61 60
72 19
23 8
79 7
9 5
11 3
93 39
62 50
71 33
4 2
43 17
18 10
34 19
44 36
60 13
21 10
48 35
92 92
91 79
21 17
58 17
45 19
52 29
100 18
36 17
79 52
18 4
4 3
74 9
37 29
86 51
55 54
94 21
32 16
60 50
62 62
3 3
100 54
93 47
3 3
93 91
59 23
36 19
92 63
92 2
81 22
36 14
96 43
85 9
12 3
82 69
68 11
93 78
74 63
45 9
69 40
30 26
8 2
25 10
60 19
64 44
94 24
69 48
51 6
25 24
98 65
100 100
84 48
31 29
33 6
76 47
65 13
67 67
76 51
49 12
75 55
26 2
80 24
48 41
71 62
19 4
58 38
19 8
44 4
87 45
30 9
24 18
19 16
54 20
57 44
28 9
99 23
86 68
54 46
54 15
32 22
34 7
26 4
83 8
20 2
67 11
71 32
32 3
51 36
87 79
87 4
18 10
41 36
33 20
18 9
82 78
100 76
97 73
7 7
78 4
60 15
23 3
26 22
29 7
47 22
25 14
74 35
88 9
18 3
66 47
2 2
94 7
9 4
39 26
39 38
83 30
94 84
9 2
15 7
10 9
84 70
55 49
36 28
30 8
82 20
7 6
6 4
19 19
80 2
7 5
84 5
74 57
69 11
93 23
46 9
94 76
75 48
98 40
24 12
4 2
92 18
64 30
17 9
79 77
86 57
51 51
91 29
52 18
12 2
41 40
27 22
41 6
83 72
65 48
13 10
50 49
16 15
92 80
91 26
55 50
66 40
54 39
37 36
84 2
83 79
12 5
22 9
90 48
89 29
9 8
23 16
64 48
8 7
35 5
15 6
62 40
76 21
58 46
67 28
93 8
68 36
3 2
7 2
92 63
84 44
89 6
73 23
8 8
92 9
95 18
58 41
71 62
95 86
95 15
74 68
51 18
96 73
54 7
90 55
51 6
93 23
53 14
53 14
67 4
41 16
68 45
34 14
90 48
25 6
100 78
32 9
30 24
38 6
96 31
76 24
8 7
6 6
23 15
9 5
96 33
87 6
61 57
82 12
53 41
41 8
10 2
30 2
81 36
79 66
91 86
42 23
46 29
73 73
94 40
15 8
4 3
88 30
60 23
31 12
18 9
72 48
8 8
28 13
24 15
88 5
61 39
6 4
12 9
42 33
25 22
74 39
75 8
35 28
82 69
76 17
51 18
81 47
11 8
72 30
30 18
67 54
30 20
43 24
51 50
91 64
72 62
19 10
70 13
98 29
88 44
44 16
33 20
94 64
78 77
21 5
27 16
81 9
12 4
58 10
19 14
53 16
73 40
49 40
67 5
97 20
87 49
58 52
51 46
60 19
89 84
76 51
33 13
60 49
81 66
54 48
94 70
34 9
78 5
94 45
29 9
14 5
90 49
30 27
89 20
61 34
42 42
82 34
55 9
55 15
16 9
62 16
25 12
63 42
28 10
71 17
43 40
80 41
98 40
69 18
16 4
15 9
48 33
11 8
33 29
52 29
81 71
71 53
52 35
34 13
81 26
94 74
6 3
94 37
15 12
27 8
6 4
89 23
39 11
61 4
19 8
71 17
47 26
11 6
3 3
32 28
83 20
78 11
26 21
58 42
3 2
98 55
89 15
59 28
77 76
21 9
20 12
55 9
71 16
96 57
52 15
77 64
15 9
7 5
33 17
83 38
57 13
50 3
35 13
20 2
57 38
87 44
51 26
39 36
15 5
73 25
89 43
54 11
41 21
38 9
16 11
41 18
92 42
46 27
64 28
2 2
91 90
5 5
94 50
63 22
28 13
55 34
70 46
97 82
6 3
83 74
95 27
70 55
37 3
79 22
25 21
57 15
66 55
97 12
45 31
20 3
92 61
43 40
46 41
48 29
37 12
99 85
36 13
28 6
26 13
100 6
14 5
15 7
98 4
8 5
6 6
47 39
22 21
8 4
6 6
80 70
58 39
83 4
96 36
39 22
9 2
59 12
70 29
54 48
66 5
34 14
34 11
52 40
89 89
19 10
22 22
21 15
60 16
19 9
74 21
87 11
25 14
4 2
71 29
48 10
95 26
86 84
95 76
100 67
59 5
62 30
34 29
88 11
70 52
59 40
62 16
9 3
4 2
11 10
19 5
45 4
56 12
4 4
69 6
39 11
38 35
93 85
77 21
49 31
18 13
16 2
37 9
19 10
47 7
73 29
52 8
4 4
49 28
28 28
42 30
36 20
52 24
67 16
54 44
49 19
34 4
98 69
54 38
22 10
76 69
37 31
94 75
70 45
65 48
37 9
26 26
36 14
88 84
66 31
50 8
98 58
11 7
46 16
82 29
32 21
15 13
92 57
7 5
60 47
85 27
100 21
58 12
76 4
65 65
31 12
100 33
83 11
88 52
25 10
98 14
68 33
17 15
59 58
45 18
6 2
63 54
12 6
14 9
87 20
73 45
100 10
13 9
99 38
92 72
100 24
34 30
43 22
85 81
96 89
21 7
61 44
13 7
9 6
22 13
63 19
81 31
43 10
14 6
19 15
67 24
96 78
86 24
32 2
9 3
22 20
53 37
4 2
9 9
29 9
78 25
90 5
2 2
25 21
3 3
35 32
76 49
35 14
21 16
4 2
23 22
39 38
86 67
44 37
86 13
21 17
75 6
90 80
36 30
70 35
57 46
47 37
97 38
25 4
85 12
32 5
54 16
34 3
49 37
28 18
42 28
37 30
100 77
77 58
47 10
3 2
80 33
6 5
16 11
28 8
8 4
100 22
43 26
67 21
48 3
93 19
15 3
41 40
67 39
99 48
70 19
44 24
71 27
95 81
71 37
80 33
57 45
11 11
37 23
11 10
16 5
31 6
22 21
25 3
55 40
86 19
60 32
33 25
25 2
65 11
53 16
47 47
82 43
15 8
97 79
93 34
68 19
76 8
82 75
79 54
40 22
55 42
90 60
89 73
90 12
56 45
69 13
4 3
57 7
29 23
47 13
73 48
100 22
18 2
47 45
12 5
52 45
21 11
32 17
9 8
67 19
44 13
42 25
42 21
80 17
33 20
27 16
65 33
91 91
7 6
39 18
69 52
100 83
57 44
9 3
67 53
55 28
56 50
83 27
53 6
18 3
70 14
10 2
25 13
57 19
29 6
18 4
28 17
8 6
7 4
42 26
99 41
45 30
95 81
25 3
68 57
60 22
7 5
70 52
65 44
10 10
92 20
98 53
50 27
33 9
99 77
60 3
85 21
99 82
87 73
41 26
23 2
94 50
42 24
44 13
16 12
45 8
40 9
74 6
80 45
32 5
88 36
64 45
28 15
60 40
50 24
26 2
75 73
16 6
52 42
97 5
29 22
38 29
77 38
11 5
67 66
44 21
36 8
57 44
34 13
23 16
7 6
75 18
30 25
90 30
11 9
17 7
61 37
47 46
62 19
5 4
41 5
29 9
22 12
78 44
92 78
50 3
32 4
17 11
60 44
35 8
79 61
31 27
80 79
97 25
98 49
60 58
19 13
47 39
48 5
64 26
9 5
100 61
6 6
96 37
97 30
61 35
13 5
47 8
70 18
81 65
71 40
8 6
46 16
79 29
80 23
87 79
57 35
87 40
71 33
92 11
72 43
94 35
17 12
86 27
96 71
45 34
70 37
26 14
38 24
90 34
77 27
93 59
41 31
90 10
53 9
55 53
43 16
97 39
73 33
19 8
29 14
31 13
78 43
54 23
38 4
70 69
32 20
88 21
21 5
97 26
51 23
54 15
67 19
41 41
45 44
28 20
19 7
60 36
100 35
92 50
76 16
46 44
88 40
22 7
56 35
80 4
29 24
90 6
60 16
9 9
70 57
5 2
46 33
55 33
88 34
43 35
53 5
70 26
38 4
38 19
76 18
65 23
72 71
96 30
36 14
10 4
80 16
42 25
7 6
29 6
33 14
39 10
26 5
62 15
23 16
49 46
97 59
57 5
31 11
36 9
66 28
3 2
29 28
6 5
66 23
8 5
13 4
33 14
92 22
25 22
8 3
33 10
23 21
16 9
18 2
21 2
63 9
30 12
74 12
22 15
60 36
14 10
75 42
79 32
67 48
11 3
74 74
52 44
78 66
67 12
51 37
48 44
55 54
88 15
97 38
65 36
40 19
65 34
56 42
93 21
34 3
15 13
73 64
18 8
24 23
92 38
30 18
63 15
40 17
25 25
43 18
54 32
97 81
88 13
71 43
34 23
5 3
40 5
43 18
43 9
100 60
39 18
87 14
2 2
44 43
57 37
19 5
67 37
12 5
23 15
30 11
54 20
49 42
15 7
32 31
31 24
78 3
21 21
50 17
83 52
51 15
53 25
38 9
32 28
31 30
16 7
58 13
75 16
65 50
34 32
35 13
57 37
72 4
77 12
20 19
94 42
85 30
35 16
24 9
31 24
32 30
98 35
51 12
55 8
33 6
6 2
57 18
17 3
9 4
15 11
79 36
76 50
58 32
50 45
75 73
83 15
8 6
11 11
50 43
65 2
7 6
58 46
79 23
36 36
71 58
23 18
87 38
89 39
9 3
83 65
55 28
23 10
74 22
46 27
19 16
55 22
69 58
62 42
75 66
43 27
14 2
41 22
13 7
84 31
46 38
74 71
77 77
89 17
11 3
24 21
26 23
76 22
15 5
96 71
82 37
56 43
76 27
10 10
70 17
14 10
95 53
29 20
61 23
21 5
89 75
13 7
50 50
53 24
24 7
65 45
60 37
83 34
98 62
31 31
68 24
32 25
64 43
49 40
89 24
20 14
87 68
53 38
87 53
29 21
76 14
97 91
73 69
18 4
77 69
8 7
8 8
13 3
34 34
4 3
67 36
91 75
92 61
23 2
15 2
78 75
39 10
60 55
9 7
18 15
50 40
22 6
12 11
20 17
39 2
45 41
34 4
14 8
79 7
37 35
14 10
8 6
48 6
4 3
87 83
27 14
70 55
51 13
79 30
72 20
88 11
63 24
22 8
54 49
92 6
24 8
88 76
71 13
10 2
86 85
53 29
49 42
32 7
57 44
32 9
84 35
61 44
15 5
56 53
41 36
34 15
32 26
77 45
50 49
46 13
22 16
25 8
37 35
57 6
10 4
83 44
26 25
35 14
40 13
38 38
5 5
34 5
11 2
82 45
90 86
20 20
60 27
3 3
16 15
14 12
33 24
53 4
85 25
86 55
17 14
49 48
94 62
63 52
59 51
98 92
12 2
10 4
7 7
21 9
42 35
92 35
88 8
82 75
83 38
38 23
31 17
35 5
91 75
9 7
60 51
72 66
35 13
64 36
91 69
19 15
62 38
88 15
51 7
76 48
88 81
23 8
28 4
17 12
20 12
85 46
5 2
38 28
13 3
2 2
53 51
46 12
25 19
8 3
16 10
62 2
95 20
44 6
85 8
67 42
81 46
20 17
38 35
69 42
5 5
27 5
55 55
28 12
27 15
55 49
90 46
14 7
65 24
79 74
94 31
52 7
51 29
13 12
60 34
45 9
26 21
3 3
16 7
94 84
50 4
11 2
9 3
56 45
2 2
47 8
42 12
42 28
23 17
76 65
50 15
78 32
69 40
32 14
32 31
16 5
54 47
36 10
41 28
37 28
40 35
93 45
81 60
42 24
5 4
22 7
70 15
34 32
71 59
75 11
43 41
37 17
30 17
21 13
25 2
79 45
35 9
64 50
62 46
26 6
12 12
35 6
21 3
81 22
87 30
92 56
67 50
67 29
41 40
71 45
81 29
99 34
14 7
62 20
88 71
26 20
73 41
25 8
27 15
42 33
63 44
100 100
7 7
9 3
70 29
34 28
40 5
36 23
23 8
89 7
2 2
26 16
38 9
75 50
39 38
42 33
29 14
45 43
100 77
27 12
73 67
83 12
14 11
61 42
52 15
76 7
39 32
3 3
15 8
11 10
45 37
71 4
22 2
41 37
84 18
80 23
83 55
23 12
53 23
41 8
69 65
11 10
92 81
26 22
85 60
71 22
87 76
13 6
52 5
61 7
19 14
21 18
48 8
42 41
5 4
46 16
85 49
50 42
91 35
12 11
51 41
79 70
46 16
13 3
90 35
7 4
89 88
46 29
34 16
71 63
69 9
28 24
2 2
80 55
90 88
45 6
85 47
73 46
55 44
69 35
68 58
77 74
20 9
23 12
80 70
40 20
56 55
14 9
21 10
74 73
11 5
69 3
11 7
90 72
16 11
97 52
19 18
72 17
99 13
6 6
5 3
52 34
87 25
24 7
24 16
86 82
28 26
38 9
92 24
96 33
25 7
23 2
94 84
7 3
32 18
30 17
38 13
35 19
6 3
30 26
76 60
75 67
26 6
68 36
45 19
85 49
75 16
5 4
21 2
36 9
28 14
65 49
60 24
61 20
54 42
79 78
63 20
81 47
2 2
53 8
96 73
79 4
56 2
8 2
42 9
44 17
53 50
45 3
94 3
3 3
26 6
13 12
30 28
32 19
60 46
25 23
82 42
70 45
40 13
77 31
17 14
2 2
11 10
25 18
83 38
59 58
97 24
92 39
53 3
24 6
3 3
4 2
52 29
8 5
90 28
35 6
69 21
61 59
29 5
94 28
30 15
30 13
83 5
57 57
41 23
12 11
84 76
20 18
45 33
69 31
72 6
94 35
79 44
21 17
32 8
49 43
68 50
42 26
52 35
55 33
91 54
37 6
28 22
9 6
20 17
32 18
58 6
22 5
17 10
7 4
40 22
93 9
6 3
51 42
10 2
23 7
5 4
23 16
80 29
69 21
20 14
59 51
46 43
58 47
99 72
15 13
40 13
9 3
39 17
41 8
58 40
94 94
82 5
38 27
27 24
23 10
25 23
55 53
71 11
67 6
2 2
11 11
3 2
97 8
14 3
94 81
83 8
34 4
34 16
91 16
19 19
25 4
99 59
81 78
94 83
76 53
91 87
64 15
7 5
68 29
89 42
52 49
50 26
3 3
82 55
50 24
79 47
94 27
57 18
98 43
60 16
47 44
6 4
10 3
56 51
80 24
45 23
24 15
36 4
79 49
41 23
79 58
52 49
73 63
42 14
25 24
21 13
5 5
5 3
44 34
80 7
98 95
32 4
7 5
27 15
65 5
95 12
32 5
6 3
8 7
100 69
7 2
66 47
84 48
5 5
46 24
75 24
10 5
50 30
96 87
5 3
25 4
10 3
71 71
51 27
66 52
40 20
31 16
58 15
39 32
82 27
52 25
33 22
64 54
72 61
30 14
6 5
16 7
90 13
65 28
90 43
81 57
86 23
30 19
78 2
72 30
63 5
27 5
41 25
76 68
61 57
59 51
62 60
30 3
93 62
46 11
39 33
20 14
80 80
76 28
22 16
93 15
74 63
63 7
83 22
65 29
81 63
94 73
73 3
81 15
88 53
79 62
78 50
29 22
69 63
71 44
50 30
92 22
16 8
82 45
69 3
31 6
58 40
57 48
34 21
19 19
93 18
71 70
74 27
44 23
15 5
44 26
91 4
6 3
36 22
46 7
4 3
37 29
77 45
55 4
6 4
83 55
99 95
56 29
13 11
40 34
39 7
52 11
70 29
21 5
85 35
61 37
29 6
93 52
15 14
95 41
5 3
10 10
46 23
96 42
92 17
67 3
13 7
52 52
65 40
60 39
75 23
75 44
71 57
50 31
48 43
14 9
72 61
78 4
16 4
83 65
9 3
28 18
50 12
87 18
22 6
68 63
48 47
93 32
7 3
3 3
98 61
3 3
29 26
10 5
11 5
77 18
81 29
99 42
55 37
71 3
23 21
94 92
7 3
20 11
41 12
69 64
53 44
95 78
8 8
29 21
35 8
26 26
10 5
82 48
63 56
16 13
64 51
40 40
27 26
57 10
71 34
61 30
83 45
13 2
21 14
66 15
24 18
5 3
6 2
98 14
70 6
90 39
79 22
52 25
21 19
54 11
78 54
24 6
92 78
3 3
52 22
62 16
32 30
59 29
19 19
46 18
33 18
93 46
68 36
18 4
27 16
82 37
10 4
66 57
90 56
13 6
76 6
4 3
16 16
92 22
24 3
74 4
80 59
51 24
97 30
41 29
90 89
18 17
67 2
90 32
2 2
60 59
40 34
70 9
92 63
77 71
62 40
38 9
20 18
59 49
6 2
7 4
42 35
47 36
90 60
91 5
11 10
8 5
97 22
93 31
81 27
3 3
100 50
84 72
43 34
71 15
22 7
5 4
7 4
44 30
15 3
28 15
22 14
99 78
70 13
10 6
91 44
97 72
2 2
83 60
78 34
28 26
18 7
47 8
7 3
52 47
100 13
63 49
24 3
55 7
63 37
19 11
92 61
20 8
24 6
39 15
10 6
22 12
73 71
80 57
13 2
14 10
5 5
13 8
71 61
17 7
19 13
43 4
56 29
55 14
63 42
89 20
98 28
50 40
93 13
85 80
85 21
46 14
79 36
26 16
33 12
60 6
34 21
39 26
44 9
6 5
29 14
95 44
79 27
91 9
79 78
53 26
87 23
19 4
73 47
4 4
9 8
43 4
84 35
27 15
20 12
55 40
9 5
81 35
6 3
70 12
57 8
62 11
83 40
88 22
72 17
35 9
47 7
10 6
18 17
49 28
37 21
74 53
74 35
64 33
4 3
22 17
49 21
31 28
86 43
40 40
75 5
7 5
81 67
74 37
72 23
53 35
80 75
62 52
35 13
8 5
19 5
97 17
15 2
82 82
53 45
86 35
60 8
64 25
52 7
9 9
17 4
38 15
37 24
46 22
54 26
73 63
40 11
89 43
39 10
45 13
88 3
11 2
47 33
22 5
31 18
42 6
11 2
49 20
42 23
93 29
33 26
81 70
5 3
18 11
32 14
98 8
70 25
53 45
47 38
81 54
33 25
44 17
68 12
71 8
74 13
18 5
97 89
33 8
52 37
89 88
70 5
16 15
8 2
70 61
72 67
14 7
63 8
42 41
17 11
36 31
61 23
72 35
99 88
92 34
12 7
11 2
27 6
16 16
29 18
13 13
14 10
48 36
17 16
21 20
33 19
38 25
15 3
68 21
28 8
59 30
56 40
86 48
99 25
86 30
93 10
64 12
58 17
53 36
20 19
35 4
48 37
82 66
13 13
57 11
26 22
25 15
65 61
50 27
82 7
4 2
34 6
49 8
76 11
73 7
30 29
67 60
89 2
91 31
18 15
65 23
45 29
74 24
4 3
63 57
36 3
24 19
31 19
90 51
18 5
5 3
7 5
87 66
80 52
10 10
24 8
59 21
50 46
27 14
55 12
57 56
17 17
9 3
9 4
28 3
45 28
19 16
87 85
76 67
69 51
4 3
61 8
46 15
43 11
24 14
35 10
9 9
36 2
42 18
98 20
82 42
29 22
39 30
94 70
31 31
13 5
74 6
86 23
49 22
51 43
12 4
48 25
35 21
83 25
42 28
58 47
91 87
24 22
93 52
28 3
47 7
80 77
86 19
34 26
49 45
10 4
30 13
60 21
93 47
91 89
49 2
81 63
91 45
34 19
91 38
60 14
90 68
50 5
68 10
11 7
38 4
38 21
40 5
51 2
46 7
71 29
9 2
6 5
76 51
64 57
88 68
25 24
14 9
54 27
41 26
72 20
53 13
51 42
9 2
78 44
65 40
18 10
59 19
58 44
10 6
11 5
21 9
45 36
97 89
62 29
89 34
18 5
43 4
60 34
54 37
2 2
52 42
34 10
90 68
97 70
83 77
41 26
42 8
46 33
63 34
98 47
91 54
77 27
14 12
84 13
41 15
70 54
7 6
7 5
10 9
14 9
18 10
72 22
4 4
84 25
48 12
83 42
88 30
88 36
29 23
56 36
44 24
48 8
45 12
19 4
63 20
86 43
90 8
6 2
86 61
7 5
100 37
74 17
27 16
3 2
22 21
45 28
84 8
6 6
94 72
32 12
73 24
27 3
49 37
96 43
40 16
90 41
44 33
54 26
34 32
73 28
83 63
17 17
23 5
16 12
69 17
21 2
26 15
77 49
98 65
21 18
60 46
45 31
83 25
31 8
42 8
61 34
33 33
21 2
49 22
94 54
12 4
56 13
99 75
12 6
14 4
96 73
24 13
40 27
11 10
38 23
47 34
12 4
88 68
27 8
80 34
65 32
5 2
17 6
66 55
64 59
15 2
79 24
54 15
35 19
17 10
87 22
67 52
77 74
96 36
47 43
22 12
36 14
76 37
65 49
61 56
59 27
74 73
79 46
26 2
62 50
79 13
75 8
55 19
66 14
3 3
60 2
59 46
22 14
25 9
2 2
83 36
23 20
40 20
15 5
48 15
15 13
17 6
93 21
56 25
23 21
39 34
12 3
54 9
52 9
59 29
10 2
95 35
42 2
41 13
29 27
52 43
5 5
46 24
100 6
79 38
35 30
78 66
72 54
49 17
5 5
22 8
52 3
24 2
6 2
52 50
49 27
4 4
58 4
30 13
51 46
68 6
51 6
51 47
79 11
33 18
30 4
8 4
5 3
58 12
80 46
59 51
81 34
32 20
9 5
71 32
83 75
88 23
51 13
45 16
95 75
5 2
68 46
98 42
92 13
69 14
18 3
23 20
16 3
88 35
74 23
2 2
85 3
98 84
5 4
47 18
79 74
68 55
62 22
5 5
83 14
45 3
59 18
85 53
50 31
100 76
80 72
22 16
29 17
62 8
13 11
14 3
85 84
33 33
44 30
6 2
12 7
54 19
24 2
47 23
37 36
6 5
37 7
78 55
81 20
36 35
78 10
88 56
35 18
18 9
7 5
97 36
49 34
70 57
16 13
36 5
54 33
87 19
61 4
58 33
36 30
69 52
24 23
14 10
4 2
88 31
16 2
87 34
92 43
60 38
29 19
38 29
46 13
52 9
14 11
47 10
64 54
75 67
3 2
60 37
75 27
33 17
56 36
69 50
64 45
42 37
76 49
79 58
94 62
69 66
86 57
18 12
80 66
31 14
41 18
97 79
18 2
61 7
15 13
94 62
53 25
51 28
15 15
3 3
94 83
31 28
20 7
42 42
7 4
6 6
84 9
82 67
65 54
88 65
97 13
26 8
44 33
74 41
20 11
20 15
90 89
34 30
97 65
20 9
90 66
74 30
39 4
82 46
48 17
93 44
54 42
42 19
18 6
50 35
98 16
42 13
28 28
10 6
93 88
21 9
46 32
92 4
13 13
52 17
92 44
77 43
53 8
21 16
80 5
5 2
89 66
67 4
14 10
29 28
42 6
72 43
42 37
62 37
4 4
33 7
91 61
75 37
94 87
68 38
34 22
62 60
33 2
22 18
56 50
50 37
9 7
88 27
84 9
25 19
24 8
77 19
92 49
86 43
51 50
89 80
88 12
6 3
76 32
84 3
42 41
13 9
49 23
94 23
34 16
80 55
51 17
95 49
80 34
90 51
3 3
59 40
96 53
28 4
93 9
96 31
54 50
32 15
33 3
3 2
88 77
97 74
77 37
55 23
24 18
55 3
43 26
27 19
19 11
97 20
24 9
81 51
30 4
62 19
37 15
24 24
71 64
21 17
67 8
93 71
70 65
87 62
56 12
24 19
12 3
93 75
33 8
20 7
3 3
46 5
11 8
27 6
31 7
29 5
80 75
6 2
80 38
41 30
86 61
68 62
98 53
41 5
52 35
62 58
43 25
65 51
6 2
21 19
24 8
52 34
85 16
85 6
23 18
21 10
51 32
77 11
45 40
29 26
97 9
75 56
76 43
89 67
22 17
89 77
49 6
55 38
34 26
84 22
91 80
25 8
16 13
67 62
8 7
27 18
5 5
95 28
94 61
69 65
32 5
11 7
55 47
25 17
4 3
24 21
35 7
97 68
77 47
41 19
44 35
10 3
40 3
99 49
56 2
77 52
28 13
95 95
45 17
24 7
91 75
12 11
80 37
64 39
76 60
100 18
61 50
86 63
31 8
97 61
74 24
62 13
16 16
95 89
47 17
37 33
26 20
26 16
68 10
84 26
89 6
47 19
62 15
18 10
36 12
23 10
87 3
36 3
50 45
32 19
85 66
100 90
95 88
43 23
47 24
69 46
61 46
10 7
92 11
69 21
45 4
95 95
42 27
91 24
46 29
71 56
92 61
39 33
50 27
56 47
49 16
18 9
19 4
17 11
47 13
58 16
9 3
93 92
10 2
27 5
21 18
33 23
43 7
16 9
70 35
69 65
44 30
97 18
57 46
54 51
75 16
77 70
67 33
93 73
87 23
74 63
52 6
40 4
61 26
29 4
39 33
32 24
68 30
52 43
78 22
65 24
64 62
13 2
63 3
42 34
39 13
30 2
78 26
27 18
55 42
52 2
87 12
5 3
13 6
30 14
28 7
34 5
72 21
60 8
41 4
72 5
24 13
29 17
69 5
56 16
29 15
40 8
90 82
35 25
64 45
48 8
70 38
2 2
49 43
45 3
64 30
46 16
85 7
65 11
96 14
48 27
82 3
11 9
42 36
81 56
6 2
12 10
31 25
38 9
28 23
90 66
16 8
94 23
17 11
84 34
51 25
51 48
24 18
17 16
38 21
36 24
86 40
77 69
8 5
41 12
38 29
8 7
75 65
7 4
94 19
83 33
55 28
54 27
4 2
45 9
35 20
43 30
52 24
65 53
18 18
8 2
34 17
47 39
47 28
70 21
91 63
35 6
62 47
91 78
22 20
63 11
79 27
5 3
3 3
30 15
51 16
63 63
37 36
6 3
90 76
31 11
6 3
5 2
57 39
9 2
21 14
15 5
61 30
80 59
46 3
77 50
17 13
90 53
6 6
32 18
43 9
4 4
14 7
51 49
44 13
38 3
92 86
65 17
48 28
70 11
74 6
89 79
26 14
13 9
12 5
50 37
85 53
20 12
35 2
96 6
41 8
11 10
71 49
15 15
22 5
61 42
46 24
99 62
50 9
69 42
64 43
94 21
59 58
63 48
67 60
68 18
44 18
57 10
99 55
85 20
13 2
97 5
28 4
75 57
22 6
40 34
68 14
46 20
83 47
22 19
63 61
4 3
80 29
94 51
16 10
5 4
53 53
23 8
87 72
7 5
5 4
21 17
66 9
8 2
33 27
24 20
100 2
57 4
91 27
39 34
83 81
51 11
65 19
91 83
54 8
30 9
93 93
89 51
72 8
75 14
60 35
96 6
24 19
52 2
26 4
47 26
33 32
9 6
44 36
4 3
58 7
62 32
44 4
28 10
91 17
50 42
20 14
25 13
85 72
12 12
34 10
21 9
49 34
83 59
74 4
17 8
50 36
14 14
2 2
41 30
71 2
14 11
97 85
22 9
39 28
16 3
39 37
73 65
54 54
86 65
2 2
70 44
93 38
41 22
84 24
38 4
26 4
24 24
40 2
70 51
99 32
3 2
42 30
63 61
95 4
10 2
73 9
61 2
48 16
40 26
100 10
10 5
48 40
31 8
13 5
98 17
83 37
21 8
29 3
60 27
17 5
91 4
56 27
32 10
11 8
24 15
89 44
63 27
32 12
78 13
95 15
58 13
56 25
94 38
63 8
62 56
57 11
22 18
60 8
77 75
4 3
28 18
80 69
5 4
91 70
73 41
58 16
75 37
67 45
70 63
40 37
54 7
93 47
25 12
73 20
67 21
45 3
10 9
46 39
10 7
54 46
86 59
48 6
5 5
33 12
29 29
97 71
49 49
16 7
47 6
27 14
53 24
49 49
90 51
37 24
12 8
55 36
81 54
39 5
12 8
65 8
3 2
11 7
100 12
80 34
40 21
13 2
32 14
26 18
67 45
76 33
31 22
84 54
56 53
41 17
8 3
72 67
99 44
80 19
20 17
23 22
77 40
83 75
12 12
11 8
18 11
19 13
40 10
28 24
31 5
49 12
85 2
29 6
50 10
85 59
5 3
21 14
96 75
81 10
17 5
76 24
54 12
9 7
45 31
67 27
2 2
24 14
42 12
93 48
77 39
65 26
64 3
89 89
69 67
51 20
41 31
79 34
23 2
22 19
34 9
22 7
4 2
23 9
97 20
62 54
39 21
61 25
94 8
11 4
89 83
39 17
7 4
55 54
92 30
65 40
52 19
94 60
89 46
81 35
47 38
97 63
27 17
46 7
90 37
91 67
85 24
40 34
64 18
52 16
54 40
36 32
15 7
26 12
34 26
95 33
55 31
17 7
84 3
53 45
75 30
64 23
78 78
51 18
92 78
27 17
86 27
33 26
12 11
52 16
5 5
22 20
85 17
4 4
89 66
76 48
88 4
57 23
53 24
71 15
69 43
61 45
8 2
86 72
85 32
64 37
4 3
31 19
30 24
67 49
42 27
99 92
63 54
36 21
58 9
89 42
59 39
91 64
99 70
75 45
94 75
90 57
84 37
100 40
9 3
83 55
59 9
50 24
25 10
91 88
64 2
84 62
9 4
62 54
90 50
92 19
67 10
55 36
47 4
52 8
29 9
53 44
85 64
74 56
92 71
40 33
76 76
8 2
68 16
2 2
77 58
79 28
89 13
66 48
43 18
96 68
79 52
15 3
36 15
50 10
60 44
64 30
5 3
42 10
99 46
46 44
86 82
9 5
5 3
11 3
17 6
6 4
24 21
61 25
82 58
86 5
62 6
72 68
40 6
48 20
34 21
57 22
42 28
96 44
96 82
30 26
18 14
24 11
66 40
52 46
84 75
82 20
90 24
10 3
37 2
42 16
77 51
51 40
15 11
37 31
77 39
61 40
47 19
15 10
80 71
31 9
65 13
39 11
7 5
6 6
96 36
76 18
47 30
52 49
68 15
26 9
46 8
67 52
52 39
3 3
85 76
90 71
87 29
18 15
88 55
97 50
59 35
18 14
18 18
97 60
59 27
90 54
30 29
48 45
20 6
84 78
41 36
8 4
31 19
41 27
83 42
48 27
41 6
52 45
63 58
74 71
49 9
19 13
38 18
99 5
25 3
47 34
35 13
84 18
97 53
33 26
67 40
4 2
92 70
67 67
15 8
53 3
80 67
30 12
83 73
72 55
11 3
67 34
13 8
2 2
82 23
66 45
85 73
89 83
74 67
41 23
73 14
30 12
30 15
33 33
20 12
13 5
38 9
94 43
19 6
82 82
85 57
28 27
99 19
56 15
93 48
53 37
27 7
38 20
9 9
10 9
41 15
5 2
89 50
10 6
96 38
58 31
58 14
53 38
82 76
79 35
79 14
44 8
91 33
36 33
62 36
32 24
16 2
57 48
41 15
13 4
76 43
56 20
86 41
50 26
52 13
60 21
25 15
15 11
94 80
20 3
17 12
61 14
53 25
75 37
3 2
35 7
99 51
58 20
20 13
46 35
38 36
78 21
16 2
97 70
50 24
28 10
33 9
32 27
90 27
89 40
7 4
39 27
82 13
83 11
71 36
41 10
15 14
27 17
43 42
15 2
88 84
19 4
6 4
68 12
64 5
96 23
90 3
48 16
23 22
6 4
6 3
83 41
10 3
94 8
49 35
20 4
92 82
64 35
93 24
55 43
39 38
60 31
14 11
87 9
6 5
7 6
34 32
65 17
54 48
49 9
81 12
10 3
90 80
3 2
36 22
21 20
95 63
28 7
29 28
72 14
44 42
52 10
48 24
68 42
32 14
30 5
97 20
30 2
51 26
10 6
89 13
100 15
96 60
55 35
35 11
78 16
21 12
45 29
16 12
6 5
2 2
26 19
84 65
45 16
59 6
4 2
21 15
44 4
21 4
52 39
70 14
83 63
35 12
72 54
15 10
80 41
33 12
51 25
97 69
75 27
69 64
81 35
43 26
20 20
17 14
95 13
78 75
26 24
96 32
99 85
40 5
68 34
82 73
74 67
27 9
48 6
76 60
36 14
79 62
28 16
20 2
87 17
8 4
5 2
61 49
47 44
9 7
93 4
76 57
60 2
96 87
92 62
50 19
85 48
99 5
70 9
6 2
96 70
87 49
79 40
66 37
89 21
89 54
53 28
98 10
52 41
24 23
40 13
100 41
73 23
25 4
97 78
8 5
87 49
93 90
41 9
94 62
80 51
27 20
75 36
61 18
65 60
89 76
82 65
66 9
10 3
11 8
74 64
17 17
21 16
12 10
53 48
11 11
57 13
87 69
8 4
75 19
35 25
9 3
72 30
84 69
100 89
47 27
14 7
93 13
12 8
33 7
86 71
83 45
24 12
72 72
70 33
80 70
68 13
77 3
81 67
50 48
48 36
5 5
31 27
97 11
42 26
12 5
55 48
63 3
80 19
5 4
3 2
44 24
22 21
67 64
95 59
86 25
21 7
59 33
89 13
34 23
2 2
37 34
75 27
87 83
52 31
42 9
17 4
62 14
36 22
43 18
49 25
16 3
71 65
21 15
79 72
19 19
23 11
78 51
82 71
63 15
2 2
6 2
15 12
71 45
18 15
62 27
78 33
59 23
89 62
51 3
27 23
67 28
17 2
81 22
72 36
84 39
46 6
10 10
59 26
82 12
70 23
46 38
80 19
95 92
61 29
75 75
60 7
69 26
49 16
14 9
72 13
15 10
98 19
61 15
44 32
47 18
92 91
50 30
25 20
61 27
68 39
65 60
10 6
38 22
11 3
77 76
82 43
46 8
80 9
2 2
65 21
86 68
79 71
23 9
18 7
33 27
18 7
61 45
25 21
61 26
100 27
96 44
80 26
57 22
26 20
7 3
9 4
9 3
80 68
93 63
91 88
74 60
25 21
91 24
57 25
96 59
2 2
30 4
87 40
38 26
36 9
62 19
50 13
50 36
94 90
50 46
85 84
19 16
76 51
94 37
60 39
71 58
63 14
29 18
85 13
94 23
78 40
71 27
38 23
46 23
22 8
20 7
82 62
28 23
9 4
14 5
7 6
87 16
72 59
50 31
5 5
73 45
17 16
18 16
81 26
31 16
82 15
64 6
84 71
79 47
83 41
85 20
59 28
41 32
99 60
31 5
31 8
37 36
11 5
90 38
9 3
26 13
51 37
79 29
66 57
4 3
58 25
80 35
36 11
32 29
12 4
14 9
57 49
18 5
74 68
42 18
62 60
63 35
57 6
54 50
51 15
35 20
45 34
62 12
79 75
30 21
54 10
34 27
78 24
47 8
100 83
6 3
33 16
50 40
38 35
41 22
6 2
89 58
64 35
46 32
70 21
4 2
44 42
61 30
50 31
14 3
54 26
61 46
43 3
5 5
44 35
15 7
45 10
70 12
20 2
64 37
14 2
79 15
77 54
87 85
30 23
35 35
20 5
40 38
46 27
73 56
46 24
55 55
57 30
79 6
53 46
59 16
70 5
82 66
46 27
68 65
65 59
97 61
66 11
78 72
27 27
60 25
86 8
6 6
61 8
47 30
2 2
78 5
20 16
95 52
96 36
35 16
6 3
75 59
87 23
35 12
89 23
27 9
16 3
61 31
66 19
61 13
86 46
33 2
32 12
13 2
42 19
87 26
90 74
70 50
15 7
32 30
52 48
46 18
80 5
51 37
42 32
79 57
78 7
56 27
78 11
3 3
91 59
43 23
90 27
95 55
75 7
55 26
40 31
77 10
23 19
68 32
89 76
87 36
61 51
57 10
33 11
45 7
21 8
12 6
8 2
80 29
51 22
83 32
22 19
9 2
69 54
40 19
82 47
58 34
56 15
26 5
88 80
7 4
89 47
96 36
34 9
82 82
61 52
100 92
97 18
85 33
25 12
45 5
2 2
46 30
39 2
45 33
40 18
24 20
36 33
64 2
92 27
58 28
21 6
42 38
57 50
64 48
20 6
67 46
42 14
39 28
23 4
85 59
72 46
90 31
41 17
33 26
79 15
92 21
99 5
7 7
10 9
18 5
68 21
13 11
88 18
89 40
75 40
57 31
2 2
99 2
64 8
9 4
68 24
40 37
34 19
69 63
49 14
18 17
63 20
92 83
57 44
13 7
72 38
34 26
17 8
2 2
90 7
66 30
76 69
71 5
56 31
44 17
47 5
35 25
52 43
40 5
25 7
76 74
3 3
65 13
55 53
46 10
100 52
27 18
11 3
68 60
65 50
62 34
48 22
97 36
8 8
11 6
29 20
64 46
5 3
52 30
85 19
52 19
100 63
5 4
10 6
29 17
44 37
77 42
16 14
62 61
11 9
7 6
9 8
59 46
88 53
59 21
78 71
14 4
63 16
65 49
72 46
21 10
25 18
94 15
57 51
96 3
55 23
11 10
23 12
14 5
72 52
85 14
94 44
48 21
57 21
50 7
29 19
28 8
82 67
65 34
28 9
43 35
84 40
11 8
32 32
96 79
41 14
23 15
96 85
18 14
6 5
93 18
70 30
57 53
99 5
63 11
85 71
84 19
43 26
87 83
28 18
17 16
46 36
56 31
8 8
84 66
69 67
23 14
48 10
78 74
43 14
26 2
48 8
61 9
37 25
44 40
34 4
12 5
11 5
75 20
41 26
67 16
75 31
58 9
45 5
55 48
87 65
42 42
36 22
13 3
44 18
59 56
22 16
35 13
78 64
51 37
41 30
96 61
35 17
54 5
75 72
84 45
33 19
47 8
59 17
48 42
79 6
5 5
77 30
51 15
47 23
30 18
25 3
77 72
26 10
29 22
84 38
16 8
46 31
28 25
18 3
63 12
54 15
33 21
64 29
82 71
69 43
80 67
58 43
96 69
34 6
93 82
8 2
85 48
7 7
35 30
96 78
12 4
5 5
43 26
60 26
9 6
76 61
76 50
79 56
98 44
87 73
23 2
41 32
17 7
44 3
82 58
75 40
46 43
75 15
56 10
50 22
50 22
13 5
2 2
17 17
73 59
52 18
84 35
12 4
15 15
100 61
19 15
31 27
100 98
24 15
57 14
16 9
43 25
31 29
57 30
59 45
34 29
2 2
10 5
20 15
59 14
97 24
15 13
76 21
43 11
45 35
24 14
22 15
23 13
67 35
95 85
68 48
68 36
52 25
64 8
14 7
12 2
98 43
5 4
10 6
52 47
100 24
68 27
71 23
65 20
37 15
62 4
25 19
5 3
57 38
65 54
15 6
50 19
17 7
57 37
36 10
35 12
7 7
95 10
4 3
62 15
68 15
78 73
41 33
29 6
37 15
76 54
92 58
22 12
8 4
92 37
4 3
27 25
46 11
4 4
2 2
5 4
56 7
75 43
60 16
55 52
8 2
42 18
60 9
90 14
76 52
7 2
51 51
91 2
27 17
66 39
96 67
82 30
33 23
31 8
57 47
67 25
40 32
99 21
91 24
72 53
41 23
18 15
19 13
91 5
53 35
67 12
63 28
84 28
85 71
16 14
26 22
36 4
42 30
33 7
21 17
29 9
57 5
37 22
37 10
76 46
66 41
25 18
66 20
16 16
26 10
81 70
4 3
60 18
76 44
7 6
72 25
79 9
76 36
10 9
96 81
77 52
33 25
62 54
60 32
51 40
45 13
96 62
47 12
21 12
43 16
61 22
2 2
54 39
5 4
74 73
90 63
59 23
4 3
66 8
43 41
6 2
47 13
40 36
44 26
61 4
96 94
76 32
37 23
12 10
56 27
4 2
14 13
10 5
78 52
34 21
90 18
69 68
73 20
37 27
14 4
60 52
29 15
90 50
55 25
85 31
29 9
92 45
97 83
21 5
41 23
79 28
22 6
43 26
20 3
93 17
65 40
18 10
57 11
81 46
35 17
32 4
58 50
70 26
70 70
78 78
71 8
97 66
17 11
56 3
90 20
21 16
10 2
98 26
24 20
73 66
57 6
53 23
75 64
88 19
26 13
43 20
45 39
59 22
45 4
54 36
73 19
23 13
60 47
71 2
9 6
71 61
92 69
21 2
66 39
74 52
43 17
33 15
5 5
86 55
8 6
64 24
93 26
96 26
66 60
16 13
46 10
44 27
2 2
64 49
83 75
65 5
49 46
7 6
88 31
65 35
37 37
59 39
2 2
15 4
45 3
69 19
37 22
7 4
18 10
12 2
17 6
16 5
73 43
51 33
19 2
16 10
26 16
81 25
44 4
89 50
9 2
27 7
78 12
55 50
93 59
90 12
40 16
61 48
6 4
52 30
67 56
22 11
69 38
43 10
63 23
50 27
13 9
24 13
63 40
49 36
25 19
15 3
23 6
30 20
38 4
41 26
19 11
60 10
40 22
72 54
68 34
77 65
85 4
12 4
10 2
12 10
56 48
39 28
14 8
67 30
40 25
31 20
25 22
59 58
95 9
67 15
23 8
16 2
33 27
82 37
73 46
30 2
63 37
34 11
4 4
87 22
37 4
63 34
4 4
93 79
13 10
13 10
28 18
15 2
92 26
85 38
64 4
13 10
94 75
11 11
91 63
22 20
61 6
54 44
28 9
31 23
58 32
75 3
39 23
63 18
45 11
98 19
18 13
86 16
18 15
67 33
60 29
24 24
18 9
43 22
8 5
90 36
42 22
67 56
20 2
9 7
90 59
86 38
48 8
17 13
32 13
13 3
71 59
98 47
2 2
44 25
49 36
67 13
23 5
70 8
47 47
9 6
48 31
37 7
53 52
74 72
38 30
31 29
12 3
27 27
80 67
82 33
13 3
37 15
90 67
53 25
35 32
55 13
22 14
71 11
27 24
52 38
15 13
17 15
11 6
53 39
41 13
70 56
55 48
22 2
78 78
95 18
64 17
4 4
35 12
92 72
30 28
89 36
67 60
23 16
30 19
44 41
2 2
7 7
99 65
25 9
68 14
93 92
41 17
73 30
59 26
49 34
77 42
36 21
95 91
59 27
20 14
30 25
82 32
14 4
48 14
54 33
3 2
71 16
26 5
64 21
22 20
71 69
34 3
87 85
84 43
47 42
92 50
5 5
23 12
18 4
62 57
81 56
96 21
35 14
87 47
64 13
57 16
35 18
65 12
50 11
79 16
82 52
3 2
26 6
35 21
85 40
94 48
30 15
55 27
65 44
20 17
13 2
72 71
85 11
86 8
35 32
86 22
43 28
83 61
44 33
21 3
12 9
23 13
98 47
44 11
13 10
13 3
100 15
35 14
38 27
67 56
87 24
31 8
52 24
11 5
73 30
43 21
78 48
38 33
38 33
31 21
56 26
81 6
94 5
3 3
24 10
73 45
75 35
40 18
15 4
39 4
91 64
66 42
78 6
80 75
33 33
44 18
73 60
8 6
13 11
47 7
44 4
66 5
100 74
84 20
81 29
77 7
11 5
74 7
91 11
45 5
3 3
2 2
99 54
69 61
90 71
47 8
57 32
45 21
87 21
71 58
2 2
43 5
53 24
94 10
55 3
52 11
18 2
24 12
40 32
69 22
32 15
54 39
91 72
92 66
65 42
92 90
65 25
66 41
99 97
3 2
47 10
47 11
54 53
62 42
86 7
77 46
58 18
51 15
33 7
58 50
15 8
59 10
49 18
73 37
29 28
18 2
73 19
25 5
68 41
87 48
71 57
88 25
71 25
52 34
66 56
58 44
51 26
72 16
87 64
98 3
78 55
8 8
85 24
23 17
75 72
43 6
72 55
64 62
78 36
20 18
34 21
63 54
94 28
76 68
84 73
72 38
54 3
71 36
17 3
16 4
88 21
33 3
49 8
62 57
50 39
89 48
48 14
52 36
75 63
76 55
72 65
9 5
79 5
22 3
58 36
4 3
67 32
51 34
77 57
94 29
38 23
28 10
8 7
46 17
41 6
55 2
82 68
18 17
58 9
9 9
29 21
53 29
93 12
93 43
32 15
81 79
11 6
91 74
81 63
86 45
78 38
10 9
33 31
88 24
70 47
25 19
6 2
56 4
83 15
46 3
86 21
97 67
18 13
68 39
95 43
98 46
62 18
97 45
53 53
93 10
47 6
24 23
35 27
42 35
87 83
26 10
43 23
43 10
14 11
48 35
17 14
62 29
36 2
66 52
76 2
60 37
54 2
20 15
21 21
53 37
95 55
23 4
61 49
26 19
75 48
11 8
86 11
94 20
60 29
24 20
59 32
36 28
50 27
58 52
95 81
52 41
15 13
5 3
99 32
9 3
72 65
26 19
57 40
50 21
18 11
51 24
4 4
98 64
98 12
86 31
32 21
3 3
45 13
53 41
16 12
21 12
50 29
65 35
51 27
67 39
55 15
19 3
11 3
87 32
73 55
30 23
48 6
47 19
79 66
28 26
25 22
75 34
6 6
3 3
65 45
80 58
41 12
87 68
51 15
84 77
36 25
86 85
3 2
94 58
4 4
32 7
12 9
64 31
70 39
31 17
8 7
61 49
49 30
90 66
53 10
38 23
46 44
97 20
82 65
38 34
67 59
58 35
