10000
42 26
64 7
2 2
35 4
63 47
26 17
41 35
26 14
15 2
59 6
97 60
44 6
33 10
72 28
57 26
9 8
98 68
87 2
64 20
49 19
72 8
85 30
2 2
89 46
50 48
87 65
3 3
16 3
83 38
74 30
64 25
86 44
20 10
58 21
49 40
21 17
68 68
98 62
95 89
94 71
30 8
49 15
82 40
54 22
72 41
63 55
24 19
63 47
81 17
50 47
43 3
72 39
9 7
43 32
52 4
4 2
73 63
86 43
64 51
59 28
48 18
96 88
12 9
20 17
5 5
62 26
55 41
74 58
79 49
15 7
23 6
16 5
28 16
96 2
39 30
55 48
75 34
57 21
55 53
27 14
22 17
2 2
70 17
41 5
65 24
71 15
93 64
85 69
28 10
72 62
3 3
34 15
88 6
82 12
28 12
69 60
81 59
18 4
83 10
47 30
9 9
83 27
72 9
74 52
48 5
44 2
44 39
53 42
79 37
88 80
14 3
68 36
72 16
68 54
65 19
16 9
22 11
59 48
2 2
46 21
79 66
26 9
33 7
84 63
68 39
75 49
43 24
100 80
41 24
7 7
79 51
55 47
74 71
61 14
46 16
8 7
24 7
98 85
56 47
60 4
74 3
39 19
56 6
21 9
91 28
12 5
12 11
22 13
64 8
89 50
46 4
73 41
99 59
10 5
81 9
20 2
45 15
100 41
81 55
85 29
68 11
29 10
24 4
4 4
18 12
28 2
23 9
42 18
36 31
44 36
11 8
70 49
56 39
60 31
45 10
12 3
32 32
29 23
58 26
78 34
31 13
10 3
73 62
49 6
66 19
17 6
80 13
84 52
82 5
2 2
32 7
48 32
54 15
78 39
4 2
67 61
57 41
11 7
46 25
85 20
47 36
17 17
49 27
66 65
27 27
34 12
37 2
45 25
52 10
11 9
59 48
11 6
8 4
15 15
24 6
90 16
80 39
22 3
39 22
34 8
79 62
74 42
60 45
60 53
54 35
14 4
99 73
51 30
34 16
60 54
53 37
93 16
67 5
100 84
36 2
54 29
12 11
65 65
24 16
48 47
34 19
54 7
92 89
79 77
74 55
23 19
44 10
67 63
8 5
35 26
48 30
95 28
41 20
33 12
55 52
87 26
18 6
70 70
69 31
100 55
66 18
33 20
58 40
74 52
100 77
73 15
30 18
46 35
42 26
12 9
33 20
83 2
7 5
50 25
83 45
97 6
75 59
87 46
4 2
9 7
32 18
60 25
17 8
95 69
13 9
3 2
12 9
60 33
71 36
36 16
23 19
9 5
66 7
9 2
40 31
83 67
86 60
77 13
8 7
7 3
84 39
20 9
27 19
61 24
52 14
95 84
10 8
38 35
90 62
85 10
20 8
55 45
77 45
20 3
77 71
49 23
41 26
56 8
19 14
3 3
6 2
75 48
18 5
4 3
40 18
73 36
100 52
99 96
87 77
61 57
69 50
77 38
99 75
59 21
21 19
3 2
29 12
23 3
26 23
14 7
64 26
82 10
62 14
94 51
28 5
88 36
56 31
94 68
42 35
31 6
71 17
57 19
6 2
76 60
35 14
37 35
12 2
19 12
19 19
8 5
26 18
96 52
50 23
6 2
54 49
23 15
19 13
76 10
89 5
87 85
80 57
15 12
88 8
55 42
7 6
38 19
49 38
6 2
97 32
76 48
91 39
29 20
29 3
19 18
91 55
74 18
90 68
37 9
87 34
60 9
67 27
86 37
23 4
32 20
9 7
91 54
38 34
22 9
7 6
45 3
92 58
51 19
57 13
37 26
25 22
28 21
35 26
3 3
13 2
87 47
28 20
21 20
76 71
58 39
16 5
18 3
89 7
28 7
36 33
26 17
50 18
19 12
95 22
50 36
59 53
10 2
22 22
82 17
18 13
90 5
47 35
19 2
20 8
81 72
46 43
99 29
65 27
19 17
81 8
70 41
26 12
44 35
21 11
84 52
31 15
79 4
21 20
61 11
49 5
2 2
58 42
32 23
47 25
80 36
76 65
48 36
10 7
78 19
19 3
78 12
54 52
69 36
96 48
19 5
100 99
28 14
89 75
28 11
54 27
81 62
28 19
58 14
89 51
21 21
44 7
35 18
83 12
100 35
39 12
67 24
26 6
83 72
9 9
65 55
61 7
66 55
47 6
65 37
2 2
80 77
6 6
56 44
14 3
51 15
47 15
43 18
17 11
58 34
48 26
12 8
71 54
34 30
79 61
7 5
81 56
28 10
88 3
75 65
68 67
24 15
71 27
14 3
81 42
38 15
62 59
95 87
28 22
91 45
22 17
80 76
51 42
64 40
41 32
57 50
28 25
47 34
26 11
66 5
27 3
34 32
93 78
76 44
61 40
100 21
47 10
74 22
3 2
40 9
34 3
85 52
14 8
86 35
100 31
89 30
30 5
94 88
82 43
45 33
71 12
48 38
9 7
78 51
85 8
31 14
2 2
17 3
22 7
91 61
95 45
74 4
54 47
52 2
16 3
12 4
74 4
58 24
36 29
43 9
89 76
38 6
42 24
97 7
13 12
90 20
86 11
2 2
33 11
76 18
15 3
30 4
97 91
51 26
51 50
9 5
21 21
99 54
17 9
47 12
68 60
54 33
42 42
42 26
16 5
33 8
40 13
72 25
55 19
2 2
28 22
88 38
14 10
67 36
10 9
62 37
93 2
3 3
24 3
10 10
34 4
83 15
69 10
14 14
89 54
22 10
57 16
85 40
84 54
13 9
51 51
54 3
51 3
40 2
28 26
96 63
6 5
44 9
73 16
19 17
83 14
78 54
98 49
92 62
24 22
9 2
81 58
82 56
61 35
95 61
72 31
79 53
36 23
10 7
74 40
54 51
65 12
46 31
99 20
17 11
22 15
77 6
46 11
9 8
43 10
77 9
10 3
13 4
70 13
47 20
99 22
6 5
4 4
83 45
88 20
43 39
79 45
66 51
83 45
96 63
73 51
36 36
56 34
82 2
82 14
43 38
40 40
3 3
66 25
74 50
57 15
29 12
72 67
77 15
95 83
87 69
98 39
42 42
21 21
6 2
4 3
97 61
9 3
93 9
66 52
23 14
73 42
22 5
58 34
21 5
48 25
78 6
93 23
67 43
35 9
43 6
35 26
19 8
53 43
87 14
40 33
5 3
44 27
100 43
69 11
90 9
70 27
32 15
90 76
33 30
76 36
62 15
93 7
28 14
84 19
66 40
86 12
91 54
93 44
5 5
90 17
18 2
84 39
37 33
50 5
15 13
33 5
62 10
8 4
95 23
36 28
31 15
28 16
5 3
27 27
75 24
23 6
59 54
6 4
48 25
73 3
26 23
39 4
27 6
63 63
35 11
5 4
55 23
3 3
8 3
25 5
44 23
95 14
67 26
83 70
46 41
48 27
92 33
80 59
76 54
4 3
67 37
63 2
90 22
48 39
72 45
20 13
73 71
66 25
61 24
2 2
77 46
20 3
49 40
7 7
74 22
30 20
39 28
94 51
44 2
100 41
25 7
49 14
57 55
33 33
15 2
25 23
73 34
74 68
96 8
31 30
16 8
95 4
63 36
57 45
59 33
54 18
58 19
2 2
79 39
39 17
10 6
23 21
55 40
84 4
49 21
100 98
73 7
87 10
8 3
3 3
93 78
60 9
90 50
100 43
55 9
10 9
70 3
29 29
34 4
63 62
29 16
15 15
5 4
74 74
77 55
5 3
24 7
81 76
48 16
4 2
2 2
16 5
12 11
69 31
93 3
40 16
54 17
77 30
86 46
53 32
32 5
42 4
58 14
96 41
70 10
61 8
26 12
68 16
50 20
75 26
66 29
43 20
27 10
85 40
85 8
37 32
68 22
86 29
7 5
83 44
92 50
46 5
95 65
65 51
80 67
18 14
28 2
41 6
98 38
70 14
41 8
79 19
9 6
3 3
98 89
19 5
99 95
7 2
80 79
74 73
93 25
55 55
73 18
48 10
34 8
44 31
53 26
62 32
100 27
19 2
65 8
37 32
19 7
2 2
40 29
62 5
64 6
56 53
70 58
19 11
23 21
65 41
12 6
25 18
99 57
97 23
69 43
42 8
44 28
7 6
65 49
41 19
75 40
7 7
6 6
36 28
75 19
44 28
38 4
76 15
4 4
24 24
63 47
54 6
7 3
78 27
49 45
5 2
35 20
61 47
27 7
40 13
32 3
54 21
84 70
83 64
89 3
46 34
60 58
75 63
51 2
8 7
33 4
63 14
47 47
62 15
25 4
41 25
94 32
45 41
6 6
70 61
30 30
47 3
46 12
53 6
42 31
20 4
72 68
67 38
41 23
33 26
68 63
65 30
95 10
6 5
34 23
2 2
23 11
32 4
96 4
34 8
16 12
21 12
100 49
25 4
83 34
31 30
40 13
50 2
87 62
71 25
86 51
29 20
21 15
40 16
19 17
75 54
46 9
63 50
24 12
60 16
25 5
36 24
42 17
61 24
48 31
99 62
29 15
73 19
84 83
74 36
68 27
39 19
73 34
51 11
79 9
50 24
94 55
4 4
95 38
10 2
97 11
82 43
87 86
72 47
29 5
60 20
27 7
68 9
5 2
93 35
24 7
17 17
64 35
70 39
77 14
18 2
18 5
5 4
90 11
45 37
65 13
86 26
100 13
64 14
60 10
80 14
86 29
52 5
26 9
48 10
100 41
36 11
62 45
44 6
97 4
56 29
42 39
18 2
92 10
15 11
68 62
48 33
16 13
76 27
43 39
71 19
92 44
72 37
51 51
71 38
58 51
81 50
4 4
58 5
83 79
19 9
24 6
14 2
4 3
38 9
58 52
38 20
58 39
34 23
42 11
4 4
24 18
42 6
37 21
99 98
15 15
62 47
64 5
99 66
20 4
14 12
68 67
39 25
46 39
85 3
47 45
68 43
94 53
29 22
20 9
3 3
100 13
59 56
47 47
91 46
48 44
9 4
66 61
70 17
77 21
90 65
45 15
27 18
55 49
44 27
31 13
86 72
45 7
52 3
2 2
97 18
50 28
27 9
41 11
79 34
97 87
53 3
11 5
46 9
68 53
52 43
40 27
10 5
54 21
53 22
19 2
89 24
60 47
100 64
89 9
48 29
90 10
52 46
73 19
44 3
69 14
82 2
59 50
65 32
12 2
3 3
78 41
15 4
15 11
61 9
92 18
51 46
47 35
7 7
41 37
73 43
42 10
68 61
67 13
51 46
86 42
57 2
51 10
89 80
69 17
56 47
85 12
97 54
19 4
64 48
35 28
9 9
84 58
83 77
10 6
87 41
37 10
26 3
4 3
88 53
40 9
85 8
82 10
60 42
59 23
71 39
14 2
30 26
14 3
59 22
57 24
58 7
70 53
51 31
16 4
26 13
45 2
82 40
23 7
63 15
24 10
32 32
90 19
80 22
8 5
67 34
76 31
40 8
8 2
28 14
34 33
4 3
34 17
4 4
100 77
7 6
17 15
49 45
57 42
55 6
17 11
25 3
100 56
73 5
89 25
9 3
13 11
51 28
46 3
10 9
47 34
13 3
85 36
83 15
19 15
83 22
69 68
89 39
59 31
33 2
17 3
33 14
90 17
27 5
81 32
84 71
19 16
96 10
26 12
36 12
47 31
29 3
49 3
76 41
65 53
86 65
63 17
10 4
72 52
99 57
13 13
16 4
68 11
8 6
7 3
53 40
80 60
48 27
6 4
70 15
81 35
24 3
22 15
47 23
88 28
72 69
61 13
3 2
15 11
18 7
57 43
22 18
82 40
20 12
73 44
43 27
13 4
40 3
17 17
40 34
7 2
82 60
62 34
2 2
3 3
45 34
96 91
98 40
83 76
57 39
76 2
65 22
43 27
23 2
45 24
53 31
20 15
48 16
29 19
97 61
72 31
47 22
17 2
15 10
68 30
78 57
29 14
7 2
69 24
94 54
11 5
79 78
46 17
5 5
47 25
45 24
60 24
69 16
70 45
54 6
30 14
53 24
47 33
65 23
96 4
87 66
73 43
69 40
99 38
68 11
92 86
44 32
98 21
55 21
17 11
5 2
74 51
44 41
8 5
26 15
26 5
92 82
70 69
72 68
32 19
19 10
14 14
76 25
45 17
7 5
83 18
7 5
86 32
48 22
19 3
84 12
13 3
69 27
70 42
66 7
49 34
70 37
8 2
11 6
65 41
36 26
63 51
58 23
6 5
96 96
78 2
24 5
50 18
53 17
15 3
28 24
24 21
59 50
44 31
73 17
9 5
60 44
92 23
3 3
26 2
72 38
57 31
55 20
15 14
14 6
93 12
62 23
54 18
27 19
82 25
31 26
62 60
89 48
27 13
65 56
90 41
63 30
74 18
88 39
91 62
2 2
69 5
32 20
5 4
37 4
84 84
8 7
96 28
97 73
65 21
58 14
85 43
50 15
92 33
91 88
61 51
72 48
24 2
69 64
36 33
87 12
72 62
15 15
90 24
92 62
55 27
92 13
5 5
7 3
23 2
2 2
59 37
45 36
53 16
64 7
34 26
98 57
87 79
74 2
48 14
22 3
5 2
8 2
67 28
41 6
90 87
84 48
17 2
32 7
31 30
35 9
10 8
54 3
85 24
66 29
69 64
62 61
77 31
71 40
47 40
83 73
28 16
92 62
73 39
9 6
33 24
98 2
53 28
43 40
70 63
57 53
79 26
100 74
61 45
79 77
67 26
40 39
81 3
19 8
11 3
73 16
95 81
71 56
67 65
76 20
7 5
54 29
70 31
17 4
70 44
97 14
64 33
27 7
17 15
14 4
60 29
70 40
28 9
56 21
92 72
58 40
73 28
22 6
30 2
95 20
67 29
78 37
99 43
36 10
2 2
56 47
66 61
54 35
46 17
26 16
94 15
56 31
56 31
94 67
71 62
15 9
46 28
3 2
14 7
52 41
93 58
82 55
52 21
14 10
92 44
11 10
64 39
43 18
84 71
81 27
16 11
45 9
32 18
91 91
60 41
24 22
11 9
11 3
83 9
84 32
75 6
11 7
100 56
43 21
77 16
44 21
27 15
62 29
11 9
82 20
100 54
92 76
15 6
63 16
5 5
70 36
17 12
13 12
28 19
44 7
56 40
60 11
76 67
52 30
29 16
53 23
22 17
63 49
16 6
73 56
85 13
51 24
29 29
73 61
54 44
10 2
90 26
77 44
3 3
47 32
35 26
97 57
36 30
34 30
55 6
3 2
21 21
70 24
96 87
36 7
95 70
43 10
93 17
71 5
28 18
14 7
96 53
21 21
80 31
8 3
76 69
99 88
2 2
6 4
12 4
26 22
64 8
93 20
39 26
75 74
12 2
87 36
95 32
15 8
42 3
10 6
42 20
24 3
56 16
45 19
80 64
72 4
27 11
74 10
20 2
22 22
10 7
62 42
50 32
70 27
21 21
58 27
58 46
80 42
96 74
93 67
40 39
86 10
17 15
79 2
72 7
100 64
73 36
71 35
92 77
65 19
100 21
6 5
9 2
85 8
72 57
8 5
35 34
25 21
34 15
20 16
81 17
13 13
9 4
36 10
16 15
18 2
27 4
68 41
91 14
71 9
58 23
37 29
36 16
26 19
4 2
75 47
75 9
63 63
59 2
46 21
73 72
4 2
75 73
84 59
24 22
40 16
66 29
7 4
79 19
44 24
47 16
43 8
60 28
80 77
93 8
67 37
79 48
68 21
13 5
97 31
42 25
51 32
22 4
23 10
57 4
33 11
40 26
13 13
27 15
67 23
47 5
29 25
79 30
3 2
7 4
3 3
9 6
5 3
29 22
96 96
39 13
45 33
8 2
67 18
73 69
96 59
80 63
24 8
79 8
79 67
45 41
70 56
81 73
87 17
75 17
32 16
26 26
49 35
18 3
12 12
41 18
11 7
50 33
67 65
46 4
87 7
29 8
23 10
73 42
44 28
86 49
96 27
33 6
66 19
75 38
27 3
32 16
10 7
38 38
9 9
19 2
85 47
26 20
17 14
5 2
59 19
83 66
80 12
41 3
92 2
81 65
16 7
38 23
80 29
75 53
90 49
85 83
89 47
41 24
72 72
10 5
75 35
42 34
20 4
86 31
93 55
4 4
4 4
24 4
79 73
94 24
19 4
36 23
85 45
92 74
32 30
42 34
22 16
75 9
61 32
54 37
5 4
93 70
91 46
32 24
33 24
36 10
63 38
33 7
5 2
19 5
72 16
57 54
80 9
51 45
15 6
31 31
77 7
69 49
3 3
60 43
83 49
48 12
86 50
46 16
2 2
18 8
34 5
59 10
37 9
4 3
78 7
23 21
33 13
28 25
53 31
72 5
14 5
80 74
56 36
30 21
35 18
90 28
79 78
37 13
59 20
5 4
7 5
9 4
91 38
38 5
64 51
58 10
23 6
44 29
21 19
17 17
33 25
39 16
47 32
57 34
89 57
10 7
83 65
69 10
31 6
47 7
50 40
44 10
91 74
51 15
5 5
82 76
64 2
32 22
27 6
59 8
23 6
70 12
44 30
92 28
16 4
57 37
6 2
29 23
75 24
63 52
83 8
92 27
84 57
46 10
72 35
31 10
99 4
46 36
75 45
80 23
34 11
37 26
43 5
84 69
70 25
96 59
9 5
3 3
7 6
13 11
100 76
16 3
30 30
39 36
40 19
95 55
7 2
10 10
26 22
60 40
42 18
22 12
42 38
41 32
43 23
88 54
63 43
52 11
23 16
71 23
23 11
90 39
95 87
77 5
81 72
49 34
31 25
18 12
62 22
26 22
75 48
67 47
34 32
34 13
4 2
8 4
14 4
78 9
32 16
84 54
71 52
63 5
59 18
88 68
99 87
7 3
43 38
97 70
79 21
45 15
79 66
21 11
83 78
45 17
92 58
25 25
50 30
87 44
65 45
63 22
77 39
93 48
72 51
65 28
42 12
88 40
3 2
38 17
49 40
66 47
7 5
6 3
24 3
26 12
98 94
79 79
53 49
98 58
42 29
11 2
16 4
81 32
95 30
53 28
9 4
78 15
8 2
100 12
45 44
14 13
25 5
17 16
48 26
82 64
35 26
41 32
58 37
77 66
38 23
56 40
65 25
78 46
81 34
50 41
18 15
88 57
38 33
34 21
6 3
49 23
45 13
30 28
61 54
56 16
21 4
91 10
15 5
7 2
88 65
90 61
80 3
77 62
2 2
15 15
45 42
63 2
82 23
35 2
10 2
63 25
10 7
82 37
46 41
40 27
100 92
13 13
64 11
39 5
8 5
68 37
25 23
79 46
10 6
22 6
81 18
99 58
11 2
7 3
82 7
23 16
47 28
16 10
64 40
63 34
76 29
41 28
62 9
13 9
23 6
11 3
88 51
44 19
99 44
96 2
11 9
82 71
15 9
41 11
39 35
30 11
85 76
34 16
14 12
51 9
99 49
59 44
94 12
19 7
27 12
22 4
98 11
14 12
60 58
21 8
11 6
79 63
82 76
73 50
12 9
2 2
75 47
79 71
10 10
24 18
25 19
77 59
72 54
48 6
97 36
88 61
53 24
66 53
72 47
93 30
69 19
73 50
14 8
50 35
66 44
3 3
83 18
25 12
85 29
72 32
11 6
97 58
86 74
52 18
59 43
83 23
46 10
65 16
7 4
5 2
77 75
88 31
50 25
22 20
79 63
10 5
70 46
15 15
82 51
100 35
75 75
69 8
24 21
20 9
16 15
84 53
15 10
87 50
71 51
51 25
18 3
56 21
75 74
3 2
76 55
48 29
81 11
90 33
48 44
57 10
19 19
56 39
48 22
83 76
92 50
62 22
57 47
80 24
36 36
61 17
67 46
50 21
95 86
65 55
86 2
99 17
34 18
12 10
35 19
4 2
46 15
30 18
59 46
29 18
78 49
16 14
18 9
64 54
18 8
66 23
12 12
71 6
37 11
39 19
84 6
36 9
5 3
25 12
25 4
21 2
16 16
87 31
83 30
67 7
81 27
33 19
19 10
86 73
32 8
92 78
57 48
87 75
28 19
14 7
43 11
36 34
14 11
64 53
54 47
9 9
2 2
59 42
37 21
90 10
51 22
52 3
2 2
9 2
45 16
71 7
54 19
85 17
25 16
47 7
42 35
28 23
92 71
76 54
18 16
89 69
67 55
64 63
6 2
69 54
72 45
44 20
33 25
41 10
47 41
57 15
93 61
25 5
84 50
41 23
88 5
50 12
40 17
71 14
62 60
70 7
66 36
57 50
76 17
35 10
31 12
87 75
19 19
43 10
7 6
47 2
28 15
41 3
16 8
70 20
69 51
44 44
70 45
3 2
45 21
31 24
14 8
51 36
50 25
74 28
58 57
2 2
8 6
91 10
52 16
25 4
35 30
83 44
56 25
85 85
63 55
24 12
61 30
4 3
54 15
71 17
25 21
49 8
5 3
91 30
64 37
7 2
43 21
83 56
7 3
19 19
60 37
98 16
96 63
38 17
61 58
30 26
33 19
71 15
59 23
21 4
25 11
59 19
70 63
87 7
9 7
82 8
5 5
42 31
54 30
72 27
24 19
94 33
25 14
34 13
92 2
73 42
47 17
75 29
16 16
12 7
2 2
28 4
94 45
2 2
14 5
33 16
99 27
12 5
83 44
69 51
72 43
50 38
89 14
3 3
95 17
74 54
41 25
68 61
55 7
85 6
25 17
88 70
39 32
88 34
78 51
76 68
88 15
95 53
22 12
14 11
53 11
100 29
81 23
88 29
99 20
62 56
7 5
86 22
15 3
34 7
78 22
9 4
53 17
15 11
71 67
89 54
32 15
42 31
6 6
11 3
63 20
3 2
53 27
29 2
75 72
6 6
80 51
86 59
25 18
3 2
64 26
65 44
44 12
16 11
66 37
24 5
33 23
38 30
52 45
55 21
50 6
5 5
22 13
26 11
72 27
56 16
72 36
60 12
48 37
24 12
32 18
71 37
42 33
89 20
54 35
59 30
73 48
22 13
44 29
10 3
69 50
62 42
90 75
55 23
83 74
87 48
41 8
34 10
5 2
80 51
33 10
89 24
72 55
50 25
82 45
46 21
53 17
80 37
18 4
90 5
65 9
18 5
31 11
47 8
11 11
65 23
8 7
15 5
9 8
31 7
76 17
27 15
25 17
89 8
64 23
56 25
31 28
40 24
67 48
42 2
2 2
59 15
67 28
17 16
66 3
49 8
76 46
64 35
8 5
29 13
68 32
38 31
11 9
28 18
32 7
87 78
24 3
96 29
58 6
32 4
92 88
38 17
78 51
42 37
59 27
81 22
96 6
76 26
69 2
86 26
88 23
77 16
75 9
84 72
26 3
46 41
69 26
45 14
60 19
64 54
59 47
8 5
32 5
78 32
35 3
81 61
58 41
31 23
59 51
32 9
56 2
87 19
100 62
95 48
16 4
77 59
34 5
53 2
68 24
47 2
99 73
80 7
37 15
5 2
71 21
55 52
68 28
63 59
25 17
58 23
79 77
94 5
20 5
29 24
28 23
52 39
77 41
12 3
56 21
39 16
42 23
26 6
75 37
6 6
73 30
21 15
72 46
95 92
87 32
2 2
20 6
6 3
17 15
23 17
39 20
82 80
82 59
93 7
65 55
31 29
12 12
3 2
44 40
27 22
83 3
28 5
23 12
52 34
18 7
46 10
20 15
38 38
50 27
80 13
66 62
34 34
57 19
25 4
43 37
89 17
23 8
13 9
73 43
25 6
68 19
91 78
32 19
34 4
83 23
57 4
64 47
93 3
32 9
28 2
87 34
80 25
50 49
46 16
48 44
19 19
95 60
59 58
37 3
48 39
38 9
38 31
3 2
96 76
22 6
25 10
41 32
92 88
8 6
25 13
98 43
71 67
90 50
34 8
83 8
100 74
67 2
97 22
7 3
43 41
6 3
19 16
49 39
27 23
55 9
89 53
29 12
57 46
90 24
78 40
60 33
8 5
83 56
100 18
76 73
41 12
14 2
3 3
32 25
27 17
74 21
70 53
88 47
47 29
43 13
57 26
14 3
93 7
79 52
14 2
81 47
94 66
64 25
83 82
62 36
73 39
40 19
99 90
38 26
37 17
100 75
95 69
48 46
37 4
82 44
23 19
61 22
62 30
44 28
75 57
58 3
26 14
20 2
29 16
13 2
19 16
79 72
91 62
8 5
54 17
71 52
86 74
100 23
40 21
86 70
77 45
37 14
45 13
57 17
53 13
59 9
92 77
18 11
91 22
53 35
4 2
42 21
24 22
37 17
8 3
47 4
25 19
15 8
70 31
18 8
74 63
52 16
30 24
59 9
73 28
56 2
64 27
30 23
44 14
12 5
24 11
86 57
9 7
77 32
8 5
89 26
50 4
65 54
93 30
69 61
17 5
34 14
98 2
17 2
29 2
48 47
31 28
75 10
68 34
56 22
76 73
65 43
45 39
88 18
47 16
77 65
62 50
15 8
94 10
65 21
50 19
56 46
38 13
2 2
33 7
52 49
74 33
60 4
67 66
52 49
4 2
47 28
11 10
43 20
48 30
84 51
98 46
45 44
50 29
34 31
46 15
77 51
54 16
94 72
15 9
3 3
2 2
93 36
24 17
33 8
68 26
6 2
50 17
81 55
68 48
75 42
99 15
77 42
64 39
11 9
17 13
10 4
5 4
8 7
65 22
97 68
84 11
41 9
87 36
2 2
48 18
63 46
46 37
79 32
78 47
44 33
22 4
76 49
72 65
61 14
30 18
37 13
56 39
90 3
8 7
70 45
94 4
16 15
52 8
10 10
8 6
35 9
63 32
75 43
89 37
72 2
61 48
91 41
63 49
64 22
56 47
10 3
26 26
68 57
50 47
11 2
59 5
46 42
11 7
20 14
20 10
81 75
5 4
18 8
40 36
77 25
80 61
70 70
44 22
37 27
69 13
24 18
94 88
74 58
19 9
10 5
69 35
51 32
78 20
42 29
17 9
38 7
18 14
72 21
83 64
2 2
46 5
31 9
13 7
68 40
90 34
73 65
23 4
37 16
20 18
60 38
20 2
18 3
20 19
93 71
38 9
47 19
77 37
100 36
67 67
23 8
60 39
9 5
37 26
82 38
97 84
14 9
71 33
81 25
74 69
69 18
51 9
68 33
4 3
59 19
78 53
14 4
64 15
100 72
71 22
29 20
70 16
84 22
89 13
28 6
54 26
46 14
21 8
48 45
84 38
3 2
33 16
51 36
87 61
4 2
74 11
6 5
40 7
82 32
59 31
8 7
80 19
16 3
82 17
9 8
11 5
26 15
72 67
9 5
99 45
30 9
44 36
81 23
57 9
46 35
49 48
88 36
6 3
52 15
55 23
89 4
75 42
40 23
5 4
94 28
48 14
90 28
74 63
71 10
74 10
42 28
36 21
7 6
55 15
33 28
95 46
69 4
20 16
67 67
34 30
97 4
82 59
54 35
14 6
83 29
75 73
36 7
51 2
86 24
32 13
18 14
15 6
44 42
29 18
17 11
60 50
53 4
42 37
30 17
7 4
48 25
5 2
51 12
92 71
62 7
24 7
24 20
73 10
90 53
77 42
26 25
79 14
77 26
80 38
14 5
6 4
30 14
96 49
10 10
25 20
73 27
96 64
26 17
33 24
20 20
30 16
2 2
13 3
91 50
17 17
59 33
47 18
57 4
87 78
91 52
67 32
23 16
47 38
68 39
5 2
77 59
24 3
38 17
19 5
10 2
67 39
89 69
34 14
80 23
45 12
17 13
35 11
65 64
74 11
94 50
54 43
31 23
28 12
69 42
40 23
80 29
43 7
97 13
24 12
14 3
27 9
51 32
80 75
2 2
9 5
23 16
72 42
12 9
88 67
75 9
56 52
4 4
81 2
63 2
24 7
18 10
22 14
13 4
11 10
84 65
70 20
94 53
29 17
15 11
37 26
88 21
84 10
84 47
27 5
53 14
83 71
63 52
21 15
94 66
29 25
88 70
40 37
26 4
7 7
28 5
12 5
45 2
14 13
91 40
96 5
45 27
89 80
84 60
34 9
59 33
5 3
6 4
100 99
73 31
84 82
15 12
65 36
34 17
53 37
74 11
10 2
16 13
54 15
50 48
73 37
68 28
74 63
67 57
95 80
22 20
78 54
49 8
11 10
48 42
95 53
99 12
92 84
17 13
56 31
63 24
70 29
70 43
58 9
51 34
87 84
84 21
100 23
10 9
10 7
4 3
100 94
85 14
56 51
11 2
70 49
78 50
70 61
95 29
43 34
86 54
94 7
32 13
88 76
39 38
96 23
62 44
53 27
72 19
2 2
59 22
67 25
14 6
67 9
78 43
53 44
8 3
59 53
34 5
34 31
72 8
8 6
14 6
63 23
76 69
90 17
11 8
43 23
92 5
16 3
64 50
96 27
100 53
62 62
30 15
8 3
79 36
57 33
18 13
20 4
36 18
74 3
83 54
60 41
31 3
84 79
27 12
89 48
56 2
9 5
75 23
6 4
81 73
44 21
91 15
54 3
24 5
77 34
12 12
36 29
96 40
49 25
97 39
3 3
87 73
59 12
66 60
8 2
5 2
74 61
92 55
47 26
64 26
43 26
41 34
95 48
33 2
29 13
7 7
32 6
13 4
23 15
85 45
60 47
39 33
68 40
53 11
22 9
57 46
87 14
4 3
89 2
76 28
62 16
83 82
40 35
72 43
11 6
15 14
88 60
67 32
65 54
58 43
80 20
25 17
17 10
2 2
23 16
56 35
60 2
73 32
97 49
29 28
53 41
76 12
60 20
94 49
94 69
96 15
9 9
82 36
68 9
24 13
67 24
65 51
53 20
4 3
59 51
62 4
65 11
67 45
51 40
2 2
70 9
80 16
100 22
79 75
98 76
58 20
32 4
89 25
73 21
88 6
92 81
62 42
98 12
95 26
91 87
91 68
14 5
26 8
92 44
29 25
49 13
62 43
80 7
49 38
26 17
58 50
97 42
53 50
89 24
27 24
8 7
89 38
7 5
2 2
41 15
66 19
39 9
10 10
31 3
57 19
81 51
95 59
75 50
23 2
81 27
55 28
63 63
67 38
57 44
51 14
16 11
61 28
48 31
85 19
22 13
90 53
37 7
29 19
64 62
23 8
61 14
44 24
47 38
7 3
97 18
58 27
53 12
18 13
70 32
20 14
92 32
19 18
38 3
27 24
69 33
97 68
18 8
73 40
73 70
65 25
16 15
6 6
56 5
21 17
36 17
25 25
32 21
75 23
61 23
4 3
21 3
84 72
88 68
63 10
52 50
93 80
89 22
92 74
82 75
31 15
2 2
87 28
83 30
98 44
44 4
26 8
4 3
67 37
42 15
21 4
2 2
64 58
45 7
58 12
27 15
72 44
19 4
6 2
86 15
37 21
26 4
6 3
52 36
69 35
49 6
64 25
82 17
55 24
23 5
41 22
10 10
50 21
36 22
35 12
6 2
56 37
65 59
54 28
43 6
19 16
70 48
86 58
63 63
8 7
53 17
25 13
6 5
16 9
38 33
30 7
43 35
32 28
64 8
93 87
61 5
78 27
68 64
91 20
50 7
73 8
85 17
5 5
68 59
2 2
53 24
32 4
96 2
57 12
3 2
9 5
46 26
4 2
66 16
82 51
91 34
91 18
54 30
4 2
35 5
16 7
99 10
23 13
48 38
23 23
4 3
78 32
4 4
72 60
7 6
66 51
44 22
53 28
30 6
61 24
80 52
88 76
27 13
42 41
58 50
49 42
51 2
27 20
7 4
38 34
75 20
15 12
60 49
13 6
68 4
28 24
63 4
14 11
74 60
86 75
71 56
95 3
19 9
89 50
82 41
35 26
48 17
33 19
18 15
76 27
32 2
12 7
50 23
78 23
54 35
23 2
28 14
97 80
12 4
47 21
25 5
73 46
32 21
37 3
61 26
96 3
68 53
78 50
33 24
4 2
10 3
46 21
6 6
13 11
66 62
50 27
82 35
15 12
24 4
100 78
60 7
77 75
44 39
92 72
29 2
33 10
91 3
9 9
8 7
62 24
50 37
77 35
53 51
26 17
23 9
96 72
80 79
28 23
86 71
88 59
51 18
56 56
35 22
33 3
91 30
31 15
21 14
77 10
7 5
95 5
88 59
84 40
54 27
38 16
42 13
17 16
21 16
32 18
65 28
28 13
64 5
38 4
67 31
44 30
21 10
47 26
41 27
35 34
68 44
73 27
54 48
97 31
72 55
36 7
68 17
43 8
5 5
83 43
68 17
24 7
40 14
96 88
32 15
64 50
18 9
63 29
20 20
79 70
77 48
66 27
61 7
15 13
41 34
72 10
87 56
9 9
63 51
24 20
73 27
29 24
81 17
59 38
91 18
10 2
33 6
14 8
80 12
78 56
44 29
85 18
54 53
89 23
85 2
31 17
9 4
84 3
5 5
64 21
82 47
93 74
3 2
4 4
6 3
27 16
34 23
43 43
12 7
85 63
97 13
66 29
13 5
73 67
99 25
40 10
54 41
35 29
75 5
25 7
77 18
23 22
44 4
70 13
35 35
15 11
98 52
59 15
79 73
66 53
4 3
87 36
12 10
25 13
77 30
18 11
84 15
28 17
16 8
27 23
47 40
94 78
30 4
32 13
46 22
33 33
50 8
42 23
21 16
36 5
89 58
98 75
30 25
20 7
45 29
94 81
44 27
29 17
12 4
53 11
98 10
13 8
68 55
3 2
95 18
16 9
18 6
6 2
65 13
17 10
24 22
19 7
82 40
62 45
48 34
2 2
66 44
61 22
13 7
32 5
35 29
93 76
6 4
70 12
85 14
94 3
11 10
50 9
50 16
55 31
51 24
3 3
27 17
45 10
46 40
85 34
16 7
3 3
92 6
99 67
92 49
57 13
60 11
20 8
25 6
9 4
17 14
62 8
60 39
6 4
44 18
53 29
17 3
70 9
43 3
11 5
44 30
8 8
11 10
64 35
45 11
11 10
8 3
62 6
48 23
66 54
90 61
18 15
19 8
28 19
88 85
67 8
34 15
77 24
21 20
13 3
63 10
89 6
24 17
65 12
62 25
78 3
94 77
84 56
80 49
76 32
15 11
55 27
12 5
96 60
91 82
29 14
68 21
19 15
49 49
39 13
93 61
39 26
61 29
34 32
16 12
86 78
74 50
82 54
5 3
41 30
20 5
28 24
5 2
25 12
34 10
56 20
18 8
56 38
21 4
98 96
46 30
16 8
57 32
62 23
71 22
80 7
11 4
100 55
53 4
9 5
95 84
99 42
47 24
95 32
41 36
16 3
94 77
62 53
37 2
71 52
2 2
47 40
53 7
60 33
38 27
70 57
47 21
86 47
49 43
22 21
44 36
74 42
86 82
28 21
54 37
38 19
87 38
26 8
44 21
13 11
56 44
21 19
85 68
80 18
40 27
86 57
48 32
68 54
37 6
79 34
16 16
37 36
69 54
88 24
93 3
28 7
41 11
46 17
16 13
14 8
26 7
52 38
9 5
84 81
22 16
87 64
83 71
53 46
2 2
35 5
90 71
80 75
81 34
14 9
68 67
36 24
85 15
97 97
65 10
73 60
89 54
22 15
56 32
18 16
87 47
64 27
8 3
67 12
73 39
49 42
11 3
48 3
29 21
30 11
36 21
8 2
37 17
92 36
87 84
72 28
61 29
33 32
55 32
37 16
27 19
52 18
53 4
85 12
85 47
67 10
52 34
36 34
34 3
55 35
68 36
5 2
59 56
67 27
97 10
55 18
100 70
87 11
14 4
76 36
16 2
44 38
53 26
17 3
11 5
18 16
44 29
95 83
66 62
51 39
8 4
39 22
26 10
82 21
48 12
83 44
53 17
81 33
62 55
96 64
87 68
92 63
97 31
77 22
52 35
67 28
42 3
98 20
24 24
87 31
66 8
21 5
50 9
24 19
69 8
90 2
57 42
32 28
66 33
87 20
93 81
85 41
53 4
78 50
6 6
98 61
62 27
8 8
20 4
49 42
72 3
31 4
32 13
29 29
25 9
27 13
81 28
86 22
31 15
86 42
67 9
11 5
50 35
56 46
48 32
58 7
82 54
2 2
26 25
80 60
32 28
89 13
84 68
38 13
90 53
53 44
70 60
18 8
57 55
42 9
40 29
56 15
77 76
21 20
14 11
65 43
25 25
62 41
15 12
65 56
43 15
72 43
3 2
100 60
36 18
5 2
3 3
59 34
72 55
29 4
31 4
90 4
54 11
66 14
45 30
34 11
54 21
14 5
88 52
92 11
18 11
76 5
4 3
41 37
25 8
100 49
85 8
91 33
37 26
16 15
67 64
55 10
39 28
57 38
95 35
60 26
47 23
53 31
71 31
74 67
83 64
45 35
63 35
49 28
69 37
47 32
46 21
63 37
26 10
58 48
81 49
81 15
47 3
24 6
36 11
89 56
10 7
23 22
23 16
96 12
19 6
14 12
36 32
26 23
97 50
94 87
76 50
33 29
83 5
12 9
76 7
16 11
20 8
29 29
95 93
83 51
61 18
38 30
64 41
34 28
28 17
8 5
59 30
8 4
100 44
33 9
85 4
81 78
38 31
22 8
49 8
58 5
39 39
30 8
36 34
12 10
21 16
73 30
11 7
10 10
68 7
38 6
75 65
2 2
84 40
53 42
7 6
27 2
8 4
39 18
70 65
36 10
30 9
60 7
43 23
59 40
81 29
29 4
89 10
61 59
5 2
9 8
11 8
77 20
43 32
32 22
6 3
99 2
5 3
59 20
29 10
46 38
60 46
83 51
32 31
73 47
11 6
67 60
23 17
2 2
22 2
15 7
41 11
65 65
49 22
8 8
72 52
88 76
74 58
60 12
96 48
79 47
98 13
59 14
19 9
32 29
41 29
81 59
77 69
24 9
92 6
12 9
67 31
33 2
94 27
23 23
91 28
8 3
43 27
3 2
23 6
29 20
81 67
36 32
18 5
24 12
72 55
36 17
39 24
54 22
41 11
69 9
3 2
39 4
32 8
84 6
90 11
23 17
49 5
87 53
43 32
13 2
80 44
55 32
85 74
55 18
59 39
49 31
47 22
58 45
32 15
9 5
50 30
89 3
87 3
67 49
36 2
37 22
46 16
78 12
53 16
38 38
20 15
17 2
56 7
32 16
93 80
89 70
78 13
57 24
7 5
12 5
23 19
100 30
12 10
49 36
90 12
33 22
19 13
78 49
97 22
72 3
5 4
29 3
25 10
87 22
30 11
79 9
8 5
7 7
98 86
91 74
36 31
98 25
60 14
16 10
24 10
61 7
8 3
56 25
58 13
65 16
30 16
63 46
67 33
16 10
53 46
47 46
71 21
22 2
32 15
62 45
94 62
91 31
12 7
30 11
90 87
62 59
51 40
8 2
39 38
58 34
6 3
67 59
27 10
59 57
59 26
85 14
54 16
19 19
51 18
89 33
82 10
66 34
87 23
33 14
50 44
51 22
36 17
79 29
35 13
83 9
63 2
46 13
25 21
92 86
68 8
67 64
38 3
47 28
58 23
11 10
100 30
23 21
66 28
33 12
18 18
8 7
49 23
10 6
43 41
8 2
19 17
30 21
68 21
90 71
37 21
59 9
80 40
76 33
68 44
99 69
70 30
3 2
71 53
52 42
52 13
29 28
95 57
8 4
40 9
81 80
93 64
65 49
69 14
96 53
56 33
39 36
77 45
96 19
27 3
66 34
80 49
78 49
58 52
24 14
27 20
74 53
47 13
74 37
90 48
14 6
23 11
50 4
84 75
58 20
50 25
96 6
92 56
48 17
50 38
65 53
17 7
40 11
76 10
100 58
86 4
11 5
74 52
95 85
39 39
84 61
42 41
51 13
50 2
46 19
93 91
12 4
46 45
89 80
63 29
46 12
60 22
4 3
25 21
2 2
8 8
18 18
99 8
31 24
80 28
21 2
82 6
77 59
82 14
91 76
49 42
23 21
17 17
90 2
84 83
12 2
100 59
53 51
33 30
71 56
83 29
20 14
2 2
69 14
66 4
14 7
95 17
77 36
92 87
27 9
88 11
96 5
6 5
31 5
72 52
71 61
61 6
7 4
49 49
58 51
57 57
11 8
89 84
90 88
14 9
38 17
68 38
85 67
95 62
32 19
20 13
52 43
6 5
15 6
48 11
8 5
75 18
77 8
31 24
7 4
67 5
94 6
80 22
88 20
79 4
53 45
97 65
69 12
69 12
76 11
30 21
16 3
14 4
37 21
69 44
80 16
42 14
78 73
19 4
79 61
80 37
3 2
41 27
71 47
36 16
11 5
80 59
3 2
55 7
29 3
38 11
54 47
87 70
99 35
32 16
95 36
53 44
75 63
81 29
41 3
50 25
77 39
81 27
52 15
43 31
33 9
37 17
51 42
43 15
84 24
6 4
50 34
71 44
94 57
46 18
83 51
29 22
93 33
81 5
24 11
52 18
28 15
62 56
99 32
91 57
70 64
80 61
25 10
98 85
82 61
70 64
67 63
67 45
92 33
54 52
87 82
18 17
79 35
76 15
79 33
64 23
11 5
5 4
89 65
13 5
60 43
73 37
37 33
45 3
31 10
40 5
88 77
48 11
52 33
55 21
5 3
24 11
99 10
69 48
94 58
11 2
94 28
99 84
76 60
78 57
69 66
5 3
24 23
99 87
10 2
53 38
24 3
35 27
88 67
15 3
54 22
21 21
46 14
72 29
86 72
39 18
9 3
39 2
66 40
60 43
73 2
50 29
8 2
23 22
57 3
94 74
87 75
61 8
38 10
98 8
78 54
76 53
49 42
13 6
11 11
90 52
34 2
22 12
61 5
3 3
84 74
70 6
7 7
52 3
46 34
81 4
10 3
42 37
77 12
9 4
4 3
70 27
98 59
69 6
41 16
62 45
36 34
58 4
17 15
74 63
33 29
61 20
89 79
48 21
50 5
35 15
79 62
11 2
85 27
89 25
79 43
38 11
88 78
82 43
74 15
40 20
19 8
62 24
61 38
67 53
81 9
20 5
12 9
95 6
99 29
46 4
2 2
80 16
35 30
68 38
24 15
51 23
64 40
75 2
32 27
45 4
84 70
92 37
79 48
16 5
4 4
69 68
26 19
88 75
38 14
73 6
49 14
82 13
17 7
99 32
60 38
46 30
100 77
73 56
25 4
76 23
71 27
73 69
92 22
92 44
47 19
27 12
10 8
28 19
23 8
76 10
51 10
66 60
99 88
42 7
54 43
14 7
63 24
39 13
88 40
83 77
23 8
25 24
17 16
13 5
28 17
26 8
20 13
33 14
79 59
40 4
95 78
71 6
27 7
14 2
23 5
25 18
42 6
30 27
98 44
64 23
64 59
23 13
98 40
34 11
37 27
63 15
41 23
19 7
62 16
41 38
85 63
41 20
80 57
71 40
81 65
99 27
5 4
67 66
30 25
18 5
68 33
91 33
87 34
62 18
73 29
89 8
83 21
34 20
42 37
91 90
79 79
96 8
9 8
38 6
32 22
64 62
15 12
42 6
54 25
51 26
46 44
53 53
5 4
90 21
100 75
12 10
58 33
35 3
6 3
27 9
4 4
55 21
70 12
98 44
53 32
25 22
82 15
34 25
71 23
17 2
87 14
37 8
47 33
55 14
82 23
92 13
61 7
62 12
16 5
99 60
2 2
54 50
83 34
88 19
11 4
79 21
50 29
80 66
10 6
87 71
83 23
89 78
31 30
76 14
48 21
21 19
97 53
41 26
49 17
69 45
2 2
47 36
59 6
10 3
32 16
6 6
64 56
10 7
3 2
3 2
75 64
22 5
56 5
19 18
8 6
25 19
16 10
49 15
31 29
88 13
63 43
90 36
26 24
87 19
83 27
94 2
34 21
70 37
3 2
98 30
86 47
99 15
59 27
34 4
68 66
76 25
87 54
8 7
51 8
77 11
20 13
20 6
18 14
30 7
96 29
18 5
70 41
5 2
14 4
64 33
27 20
29 12
81 61
42 38
27 2
18 2
22 10
12 7
49 40
48 5
3 3
9 6
2 2
76 71
59 31
51 41
37 8
39 23
44 17
68 24
92 26
2 2
17 11
30 22
20 18
10 5
66 48
30 12
63 29
76 69
5 3
78 8
40 30
83 28
79 46
5 4
4 4
100 17
30 3
41 6
38 9
25 12
9 4
59 24
95 84
4 2
28 17
8 4
35 24
6 6
55 16
88 61
44 4
99 46
45 16
26 15
23 5
12 4
73 17
23 12
67 19
82 4
53 32
56 25
8 3
45 2
90 80
47 45
9 7
33 17
27 15
84 65
51 41
31 24
96 90
20 6
5 2
62 7
97 23
77 75
84 11
37 21
80 3
22 9
67 39
77 43
62 38
36 3
86 64
22 4
90 17
92 23
45 19
30 15
42 30
68 55
49 17
83 8
71 60
3 3
100 87
47 33
55 15
55 50
62 37
78 18
77 8
20 3
71 53
97 86
77 23
28 21
84 71
12 7
85 59
11 7
47 14
52 45
49 4
82 54
11 10
32 30
26 22
94 62
7 2
73 33
53 19
33 30
2 2
74 3
84 55
28 15
3 2
69 22
34 27
43 21
51 19
27 14
56 8
99 61
32 30
20 3
29 10
4 4
69 59
90 26
88 87
79 9
33 25
30 2
22 6
52 23
43 20
86 59
64 13
49 31
27 11
78 30
98 97
79 10
26 20
17 3
86 78
68 47
61 43
90 81
88 57
15 12
74 2
59 36
85 52
76 62
58 6
74 62
49 44
43 13
67 6
52 37
84 2
99 93
80 28
57 54
3 3
67 66
8 7
48 45
72 34
29 28
33 24
29 16
72 32
26 25
18 12
74 67
69 48
10 5
41 22
78 13
96 3
19 19
29 19
93 30
29 3
32 11
86 20
71 24
82 69
61 35
71 10
57 18
33 16
66 14
22 14
40 32
37 18
56 7
40 10
61 33
64 63
25 3
12 6
73 12
86 70
72 58
9 4
29 17
60 11
27 8
59 15
53 12
13 4
80 36
42 20
13 3
39 38
54 15
30 13
85 2
84 3
84 61
80 30
84 49
29 12
51 3
100 35
37 4
76 66
41 18
93 23
47 11
77 9
80 60
90 84
83 28
93 81
25 13
94 23
73 72
51 26
18 14
39 24
82 29
15 10
89 24
23 21
47 9
79 37
13 9
13 3
68 24
99 92
98 6
58 20
94 60
61 8
8 6
78 48
100 36
37 7
79 16
45 42
33 22
26 9
74 66
44 44
8 7
6 4
25 20
36 26
19 18
98 57
74 71
68 11
57 26
28 19
13 9
16 9
9 4
3 2
66 53
19 16
24 15
25 22
42 15
33 28
95 14
95 32
78 63
69 61
43 24
12 3
93 4
77 61
28 25
18 17
62 23
12 10
88 30
46 30
49 44
70 9
29 26
65 29
65 36
29 20
45 18
30 23
28 28
100 98
86 31
14 12
96 49
84 71
74 38
22 2
18 14
68 58
89 10
79 20
58 32
35 31
75 37
75 52
12 11
67 35
88 54
96 11
93 43
27 13
33 6
97 38
68 60
17 12
73 4
78 59
24 15
91 76
25 24
5 4
31 29
34 26
63 59
24 7
50 33
40 24
82 27
70 30
64 7
63 45
14 11
78 65
77 52
31 11
68 35
50 7
44 12
27 12
36 25
70 6
12 11
70 12
95 28
83 66
88 3
83 20
57 8
59 56
48 35
26 19
6 6
13 13
41 28
42 10
28 19
79 20
67 6
34 15
70 57
61 39
26 9
81 49
99 10
23 22
43 18
7 2
45 7
11 4
2 2
74 41
85 78
41 39
66 53
5 4
13 7
4 4
51 18
60 36
50 20
35 2
71 44
32 21
49 11
26 11
25 22
23 19
63 44
79 30
77 26
96 15
13 5
33 3
12 3
51 6
84 68
95 82
73 29
88 83
35 28
91 63
24 24
80 70
29 25
29 13
42 31
40 33
97 15
64 22
4 4
72 51
86 34
97 47
21 4
62 4
40 12
5 5
31 10
85 30
29 16
70 32
21 11
6 6
20 3
18 14
25 18
94 12
12 2
97 61
46 2
96 77
3 2
67 34
10 9
5 3
52 37
7 2
88 45
80 27
98 54
65 39
5 4
63 23
36 33
74 55
71 43
5 5
11 11
62 34
84 47
74 7
37 35
34 22
56 3
62 12
37 8
13 10
74 74
23 7
48 43
82 67
50 47
86 74
36 14
19 12
81 25
18 9
6 3
82 15
49 4
94 8
87 87
71 54
14 6
87 62
4 3
28 5
9 8
12 2
87 53
47 2
17 13
69 2
76 70
5 5
12 11
3 2
74 8
62 48
34 3
58 40
54 12
10 2
92 23
78 10
70 5
33 2
96 82
38 20
75 25
58 57
3 3
28 20
13 3
53 39
19 6
6 6
18 8
73 37
8 5
13 2
73 57
43 36
70 15
44 35
71 21
64 54
58 7
69 35
48 31
92 50
42 24
99 32
9 9
45 17
4 3
28 18
93 78
90 50
77 4
7 7
12 11
54 16
46 7
8 8
17 4
5 4
38 3
55 26
95 12
15 13
66 38
19 10
53 27
11 11
76 28
61 40
69 55
18 2
65 36
69 7
97 32
7 5
72 72
69 63
14 2
7 7
37 24
55 2
70 67
20 5
11 9
71 69
42 22
43 3
17 14
79 46
77 51
67 18
42 33
26 15
94 5
38 23
47 40
88 27
59 11
22 11
31 6
53 17
24 24
76 30
21 18
4 2
68 48
2 2
5 2
8 2
65 59
19 14
47 35
86 12
59 44
31 9
31 23
56 25
75 41
33 14
99 41
82 71
8 5
76 51
8 5
84 51
90 24
35 19
48 12
16 10
18 14
66 26
53 37
70 12
53 4
45 20
36 9
9 5
70 64
51 8
71 67
37 19
77 27
82 5
46 2
71 55
95 30
40 35
13 3
26 19
39 35
96 17
44 7
21 12
85 75
90 48
35 27
33 26
82 50
33 17
44 24
18 14
90 45
28 17
27 27
98 89
11 7
35 18
28 22
56 54
20 16
52 49
81 6
97 79
46 16
51 14
6 4
36 31
96 86
98 6
32 11
34 2
83 40
42 10
64 23
63 41
24 6
16 11
42 27
55 22
75 64
94 54
50 47
47 18
4 2
26 15
54 39
76 41
56 23
92 90
8 7
94 51
56 10
8 4
9 6
70 18
73 44
84 7
62 10
30 25
97 21
93 10
63 60
28 18
94 87
54 3
39 3
84 19
30 30
93 38
87 80
94 72
68 17
76 49
41 35
62 7
19 15
3 3
48 34
19 10
2 2
29 2
34 19
83 77
25 2
15 9
33 7
66 7
96 47
77 49
46 32
79 45
57 32
6 5
70 69
20 2
64 2
70 62
53 53
53 52
46 27
76 18
89 42
35 25
8 7
99 85
56 35
86 67
4 2
19 9
11 7
76 36
36 35
78 20
47 31
100 31
36 30
76 59
86 14
8 3
88 52
19 3
52 52
5 2
98 80
22 11
11 6
86 52
66 32
63 16
27 12
73 10
91 24
76 13
89 21
49 23
51 48
33 2
46 35
66 35
8 5
58 31
84 64
64 44
42 38
52 48
64 19
47 32
6 5
31 20
49 45
93 83
16 7
4 3
81 29
61 12
92 2
93 21
7 6
81 78
34 8
53 40
33 13
55 52
38 20
87 87
23 9
33 23
45 2
27 5
21 4
66 6
69 12
28 15
71 35
50 47
9 2
96 91
67 56
30 28
73 68
40 10
53 33
17 9
10 6
21 5
99 64
69 61
62 9
37 8
45 19
11 8
12 3
100 24
62 27
3 2
63 30
51 3
31 14
76 51
18 9
79 74
72 33
4 4
79 14
94 45
55 53
61 51
60 60
52 17
44 4
21 7
55 47
71 15
78 75
47 9
49 17
36 34
66 31
84 78
66 11
62 14
60 29
28 13
50 18
84 8
58 38
84 66
80 39
61 60
20 4
46 23
4 2
12 11
40 37
2 2
64 47
94 55
67 50
36 15
73 59
24 10
64 17
27 2
90 53
28 16
69 59
77 17
65 4
38 33
59 25
27 17
69 20
97 62
97 97
10 3
47 14
89 45
41 36
34 6
38 34
59 43
31 5
44 15
14 12
22 12
45 39
48 14
85 17
53 15
21 4
89 4
72 45
93 20
57 55
49 44
25 5
77 70
52 31
7 7
25 20
51 15
67 26
52 23
100 24
24 12
21 12
97 73
41 11
53 47
54 24
3 3
8 3
68 16
41 38
25 13
82 34
60 32
97 51
95 90
40 10
48 24
18 7
72 31
46 17
37 21
92 70
94 23
39 25
81 21
83 3
28 20
42 8
35 34
27 15
22 20
83 3
57 29
17 16
80 24
59 28
48 27
47 14
53 6
38 12
30 2
50 19
61 61
9 7
95 89
89 16
32 3
48 5
5 2
71 18
58 16
77 36
24 3
29 28
35 31
8 8
49 16
60 54
40 38
42 38
14 9
97 60
79 17
18 11
49 8
78 38
99 74
23 9
53 28
34 4
25 18
100 73
79 48
35 4
78 41
97 68
78 77
48 41
51 36
19 10
71 38
42 28
97 37
84 48
100 90
7 5
7 5
12 12
13 2
27 18
7 5
97 2
88 39
57 7
86 68
27 21
16 11
92 37
3 3
47 42
12 8
35 22
22 10
15 5
17 8
8 6
66 57
19 12
77 20
19 8
70 59
2 2
90 43
26 25
64 46
91 21
8 2
84 75
52 7
96 91
69 35
22 2
56 29
75 75
42 22
24 14
28 15
69 27
9 3
52 16
2 2
24 24
32 23
93 62
54 5
52 19
7 7
4 4
33 7
7 2
43 40
58 12
13 8
93 18
93 82
42 16
50 27
46 25
91 50
32 12
37 8
2 2
92 83
19 5
52 7
19 13
34 13
63 47
36 18
80 62
44 22
15 7
44 18
68 12
57 51
30 29
55 42
90 54
49 41
93 91
97 44
31 16
73 24
99 27
66 4
56 7
23 22
45 12
58 14
72 70
92 52
78 63
33 24
72 7
9 4
27 11
23 9
53 20
100 93
88 9
83 4
19 14
44 40
3 3
42 10
60 53
95 94
58 13
64 39
14 10
79 34
95 65
97 12
67 66
89 18
41 36
54 17
16 9
27 23
54 48
39 35
88 37
86 25
93 26
88 35
89 71
91 77
49 22
3 2
92 81
19 2
82 15
3 2
78 65
54 21
44 40
84 62
68 56
20 2
28 13
56 2
29 21
68 47
39 7
64 51
44 35
89 28
86 72
23 16
5 5
31 8
77 31
37 37
48 21
14 14
65 19
34 28
98 13
38 12
65 41
20 15
33 7
95 19
87 25
8 6
88 29
96 43
90 25
71 61
2 2
79 24
82 77
58 32
49 27
80 14
100 80
23 14
37 11
94 25
63 63
8 6
78 64
83 22
22 15
3 2
28 19
21 15
5 5
35 10
39 27
80 17
78 24
67 55
47 38
78 70
98 45
60 17
72 30
17 13
99 74
91 10
46 24
76 42
42 18
57 17
81 71
16 8
22 8
5 4
74 39
61 22
63 28
84 50
69 69
97 79
83 41
10 10
64 45
48 26
41 8
75 74
97 69
28 8
27 19
15 15
43 32
33 10
17 7
16 4
88 11
8 4
64 61
86 57
52 34
60 26
21 3
80 79
80 54
10 5
9 6
6 6
3 2
93 66
67 44
18 6
74 39
92 7
52 27
79 5
63 7
100 58
32 20
21 6
72 63
42 9
84 17
84 55
40 23
19 4
66 42
53 12
14 4
73 14
71 7
74 19
47 34
62 15
68 41
73 17
12 4
33 26
3 3
57 37
79 14
36 2
26 21
25 13
14 2
23 2
24 5
56 18
20 4
31 6
48 39
14 3
21 17
49 11
2 2
17 11
58 34
89 24
19 2
40 28
94 19
7 3
84 55
67 60
81 34
3 3
28 21
5 5
88 81
50 23
80 43
55 10
51 29
63 56
49 19
87 56
84 23
95 77
47 31
78 72
81 63
3 2
30 26
49 47
41 11
35 17
40 15
63 2
58 15
75 48
11 4
84 8
95 14
94 29
20 7
71 14
41 5
54 9
20 10
78 39
30 18
90 60
42 23
60 56
17 4
49 9
99 27
6 3
19 19
77 71
18 8
3 2
31 25
68 57
94 63
11 6
61 6
84 22
9 2
93 57
48 47
71 48
2 2
54 30
17 2
76 69
70 12
40 34
47 21
95 75
29 24
63 22
8 6
60 7
64 7
10 8
11 8
39 8
34 3
32 21
72 22
75 12
55 23
38 22
98 12
62 18
82 52
23 13
9 6
42 38
52 50
42 35
59 40
95 90
86 63
98 32
81 68
80 9
23 16
91 52
44 15
58 8
34 8
5 3
99 22
59 33
88 23
93 22
73 25
77 46
27 3
83 2
77 8
73 53
84 32
99 22
96 34
66 61
23 9
40 27
41 16
34 22
79 2
95 47
99 24
14 12
37 27
3 2
48 9
87 44
41 39
26 16
94 94
62 4
20 6
100 99
19 8
23 15
91 67
8 7
68 42
27 11
76 10
83 76
89 85
90 62
66 48
67 54
43 32
85 13
85 67
86 7
56 49
63 58
23 12
88 62
30 15
15 15
48 27
28 10
52 42
14 10
82 62
3 3
14 2
10 10
94 13
96 35
43 25
80 45
73 73
54 52
7 3
85 68
45 44
20 8
12 9
81 59
55 20
85 32
62 59
2 2
29 20
46 7
82 14
39 17
62 22
20 17
29 17
93 69
21 18
88 66
81 57
11 11
98 45
92 43
52 22
50 42
43 40
61 25
85 34
38 15
11 3
58 36
52 44
74 6
31 16
45 9
99 4
24 17
41 40
5 4
72 72
20 6
23 5
84 39
18 13
52 27
100 63
82 56
28 2
10 2
91 34
46 5
30 7
65 49
88 69
43 14
66 34
85 73
85 80
57 57
53 2
95 4
45 30
22 21
74 43
21 19
67 27
18 17
44 30
43 5
78 63
28 7
56 42
80 41
96 16
32 25
78 58
99 20
18 17
75 69
35 15
17 3
49 9
56 44
68 11
58 29
62 41
8 2
77 67
36 31
65 32
7 3
88 15
88 59
82 9
70 70
78 22
46 38
23 4
32 28
83 70
46 17
28 10
18 12
73 73
59 8
61 60
8 8
4 3
96 43
75 33
91 26
11 3
45 7
30 25
97 40
78 30
35 9
19 4
92 44
100 74
62 28
3 2
31 13
11 10
75 33
64 5
64 46
34 2
19 7
60 19
63 17
67 54
87 4
15 13
7 5
36 18
38 29
92 6
42 7
80 62
98 10
65 63
100 73
34 19
19 16
35 13
67 58
31 27
88 15
80 48
80 4
28 13
14 12
41 5
81 78
91 13
33 5
96 90
41 38
5 4
89 17
77 60
76 43
34 33
57 23
29 24
16 6
4 2
51 24
43 14
42 42
77 34
79 65
78 18
95 24
36 33
97 81
59 31
85 4
78 17
6 6
5 2
19 12
74 39
5 3
100 68
91 60
9 6
61 12
21 18
61 49
31 17
85 7
37 20
88 26
4 4
68 37
54 5
19 10
88 56
51 34
59 33
38 34
81 2
36 23
65 59
34 28
83 25
76 67
74 23
37 5
91 45
26 15
84 26
90 74
90 42
2 2
25 23
30 27
46 17
25 25
43 23
50 46
88 9
98 58
78 69
52 12
73 63
11 11
51 40
37 27
50 25
72 19
64 9
20 14
61 3
71 5
87 3
91 81
20 11
44 44
5 4
13 13
93 65
77 21
36 35
2 2
33 6
89 73
34 21
71 7
11 6
24 8
34 24
10 2
6 6
27 15
23 13
26 19
75 11
56 29
16 4
15 4
100 39
26 4
34 31
76 67
4 4
24 10
37 36
55 18
41 40
95 69
22 2
68 63
14 8
70 23
52 39
35 11
52 29
35 25
42 22
84 20
45 17
93 71
41 3
36 25
87 52
62 41
51 27
4 3
94 56
94 34
67 33
61 3
41 31
17 3
50 9
15 3
77 52
84 79
5 2
59 33
90 34
20 18
21 21
94 15
46 44
91 57
32 31
38 27
75 72
23 2
28 5
15 10
97 63
5 3
64 9
60 57
4 4
20 7
14 13
32 4
34 12
51 40
89 70
91 38
71 31
27 14
59 29
77 66
69 21
91 63
70 52
32 17
64 42
53 9
32 26
6 5
49 31
51 48
56 41
23 11
12 8
20 12
76 22
89 81
11 8
22 15
80 9
8 4
18 3
4 4
50 36
34 12
49 25
33 26
55 38
85 73
92 45
32 30
84 80
42 29
48 23
48 21
37 3
37 12
6 6
72 3
91 3
63 61
87 84
48 25
82 7
8 6
18 2
40 35
37 29
54 4
33 26
74 72
2 2
10 3
12 2
99 38
93 46
97 27
43 15
94 60
36 33
58 17
46 43
72 58
2 2
97 26
100 75
51 38
55 33
3 2
40 8
43 21
100 90
52 26
20 4
92 25
74 46
34 5
15 6
62 47
24 10
48 47
65 44
39 13
92 84
33 27
78 65
41 13
100 21
17 17
100 30
55 30
5 5
89 31
33 29
94 92
63 36
63 40
66 29
4 2
57 36
63 52
11 2
95 27
83 41
92 40
11 10
30 15
19 18
49 3
88 10
88 71
86 42
75 28
97 11
45 18
94 62
38 9
58 53
43 25
46 11
67 64
83 72
28 12
16 12
24 14
94 49
97 28
45 43
98 13
90 24
44 36
52 17
76 7
26 19
83 47
41 13
40 12
19 13
53 13
67 53
65 18
89 89
97 19
39 24
5 4
2 2
57 38
55 17
50 13
85 83
39 4
28 25
55 14
59 28
32 12
18 9
41 30
49 43
98 7
70 60
23 10
13 10
34 13
43 4
47 19
46 2
37 36
10 3
56 45
38 19
37 8
19 9
100 95
74 29
4 3
31 25
11 8
84 38
46 26
74 12
42 34
100 11
56 21
9 7
85 82
89 55
92 3
36 29
97 79
91 88
9 6
15 4
95 72
90 19
41 29
10 10
91 4
9 7
10 2
49 7
55 41
97 25
74 3
25 24
96 88
93 11
44 20
76 23
62 62
100 22
47 11
29 9
39 13
38 9
16 13
16 8
93 93
30 5
46 17
31 9
20 8
98 70
62 37
2 2
94 30
92 87
68 66
26 7
56 32
57 46
32 17
95 82
28 7
21 16
11 9
43 15
30 23
33 30
91 59
95 44
34 8
86 35
60 32
60 57
72 21
26 26
74 70
24 10
55 21
42 40
88 22
98 94
6 5
65 15
41 36
65 7
21 3
93 70
83 8
88 65
86 82
87 35
98 87
79 20
30 10
49 27
68 23
37 35
25 2
14 6
25 18
61 30
24 18
26 17
50 33
45 24
38 22
11 9
94 77
60 6
64 49
23 22
27 5
87 37
64 48
39 2
21 11
41 32
81 67
45 6
48 24
54 27
99 2
2 2
28 26
37 23
11 10
93 65
92 30
52 49
17 9
51 3
58 21
93 16
48 14
96 41
87 54
13 4
96 59
91 56
4 4
58 49
50 23
34 29
28 16
23 15
69 62
44 36
42 21
92 45
48 42
51 17
71 57
49 42
41 8
37 20
44 18
57 2
38 8
25 3
6 5
52 47
30 5
37 22
29 4
77 47
5 5
99 9
37 13
81 33
44 22
3 2
64 58
16 4
82 52
2 2
57 28
94 39
71 36
57 11
10 3
14 7
28 24
5 2
85 40
18 5
16 9
66 11
19 8
76 3
20 17
37 11
24 7
94 19
70 41
86 27
10 3
62 46
27 4
25 8
69 24
51 10
53 39
84 37
91 28
95 49
3 2
87 53
40 25
98 17
15 7
73 57
76 74
10 7
22 4
27 21
87 80
40 5
81 71
27 18
35 31
66 63
53 35
18 12
57 31
2 2
21 17
91 37
50 24
91 63
66 56
44 24
20 16
28 18
8 6
100 2
48 25
66 19
22 2
88 35
66 2
83 18
21 14
11 9
76 7
74 7
66 27
52 29
80 79
19 18
14 8
79 51
23 20
51 8
17 15
73 50
34 25
31 23
58 11
67 9
23 21
15 14
85 56
35 17
47 25
94 45
80 48
62 18
3 2
90 42
28 7
25 10
78 77
45 22
92 86
23 20
21 18
13 12
74 61
43 2
32 9
22 12
29 18
3 2
36 18
3 3
78 55
21 13
64 14
75 34
94 51
35 3
36 5
17 16
24 5
81 74
28 24
86 82
96 49
62 30
64 54
8 5
44 17
35 20
66 22
44 29
51 36
57 36
56 32
48 31
12 2
51 5
74 63
64 62
32 9
98 9
5 4
45 14
17 9
66 66
6 2
92 21
19 9
10 10
33 26
47 15
85 47
20 9
91 39
74 49
58 46
82 68
43 33
39 22
29 29
10 6
14 14
93 36
41 39
67 26
52 45
56 9
21 7
51 32
46 45
84 37
10 3
63 44
82 41
50 5
58 43
56 31
68 19
63 55
31 22
13 7
92 13
49 19
80 37
34 26
44 37
35 17
90 2
45 21
89 18
24 19
64 30
5 4
69 28
25 18
71 6
13 8
55 13
60 20
96 52
24 22
9 2
56 54
9 4
40 38
70 46
83 48
23 14
96 25
39 4
16 12
61 6
71 5
17 10
72 71
42 7
31 22
44 13
39 30
54 41
3 2
60 27
95 83
9 7
52 23
46 16
92 67
57 51
76 18
6 6
65 18
23 7
73 49
30 7
47 15
74 40
25 19
92 88
75 3
95 88
75 3
69 16
14 3
39 15
94 71
84 15
72 46
39 39
94 90
68 66
63 41
16 5
7 6
47 10
11 6
85 65
8 8
34 33
57 43
20 11
76 59
79 29
94 76
65 16
92 54
83 35
72 17
82 49
61 2
38 29
50 3
38 24
57 53
46 23
73 12
24 2
39 33
10 7
28 13
87 15
61 4
46 3
49 23
77 14
39 3
19 18
73 9
82 4
45 13
17 16
3 3
62 13
66 44
87 28
24 7
66 53
3 3
37 9
70 31
90 68
45 21
31 10
21 18
35 16
71 8
50 16
87 39
16 8
96 44
59 57
82 74
44 37
44 17
42 29
3 2
23 16
34 18
26 11
52 11
81 39
49 34
43 13
60 55
64 13
64 48
35 28
76 73
91 57
38 29
52 24
15 13
62 21
90 52
2 2
41 38
7 4
41 32
27 20
14 4
74 14
12 12
18 11
56 19
25 12
62 43
97 57
94 69
25 22
20 13
66 6
10 3
82 58
52 33
67 38
14 11
12 3
94 74
4 4
28 17
13 5
32 20
26 18
73 52
96 11
23 17
4 4
82 76
9 9
95 17
40 7
45 20
41 16
76 76
52 33
34 17
69 52
87 3
77 44
2 2
79 19
43 30
90 63
44 9
96 67
80 54
67 59
24 11
84 68
5 3
98 69
60 7
8 5
94 81
3 2
61 24
57 55
44 3
67 10
11 11
32 23
99 14
93 4
68 6
63 58
6 3
18 10
24 13
40 39
27 3
40 39
94 58
18 7
3 2
67 27
88 55
12 9
25 18
68 45
45 2
27 19
48 20
60 52
90 74
77 28
42 13
79 61
46 13
31 27
62 46
17 13
85 15
61 26
12 12
80 9
6 4
53 2
21 17
11 6
11 10
18 14
35 30
33 14
21 17
65 29
33 13
18 17
70 24
92 65
82 58
77 35
38 11
89 35
84 26
35 9
42 27
58 33
84 16
18 6
43 33
64 23
50 14
82 73
43 20
87 47
26 21
87 22
15 14
58 41
8 8
45 25
44 27
65 23
77 16
15 3
10 6
53 33
74 20
69 29
93 3
85 49
85 9
61 3
57 53
75 48
26 23
34 34
49 3
63 52
96 93
97 23
49 37
44 24
4 2
18 17
14 14
95 9
71 31
54 16
88 4
90 76
87 49
99 50
38 35
63 21
79 42
62 28
9 5
77 61
90 10
72 65
27 22
84 78
89 82
85 10
92 10
6 4
90 46
62 4
6 3
17 10
59 49
10 3
79 50
34 12
95 91
12 2
34 2
47 24
42 27
38 5
14 11
97 44
17 5
76 27
13 13
74 37
7 3
63 49
59 5
40 10
92 56
37 33
91 36
7 2
56 49
17 8
69 16
25 9
3 2
60 18
17 11
3 2
47 4
22 12
2 2
91 43
63 42
71 52
34 25
85 21
67 32
20 14
25 10
62 56
5 2
25 6
82 53
9 8
43 43
94 76
67 34
95 63
73 71
72 15
27 2
75 5
82 78
91 6
77 65
83 27
80 31
74 36
6 6
57 49
12 12
8 7
89 72
63 25
38 7
73 21
38 20
14 8
70 48
57 20
96 54
90 12
8 4
18 12
55 8
41 15
66 4
56 18
4 4
46 46
15 11
18 12
95 19
78 4
30 28
76 61
71 4
55 53
48 15
16 7
19 5
81 26
86 30
93 83
93 69
65 26
57 52
13 5
88 68
75 31
51 10
60 38
63 40
36 16
88 26
63 23
86 33
69 45
19 11
83 62
45 20
87 54
39 12
82 81
66 5
39 29
95 70
8 4
82 71
90 83
82 27
19 12
38 19
82 15
93 87
53 39
75 46
32 14
64 52
61 33
80 10
32 17
33 26
86 25
12 2
75 6
50 32
5 4
55 39
97 71
78 66
64 63
33 7
51 42
86 73
6 6
2 2
45 14
29 21
40 33
24 17
5 2
78 77
36 12
10 3
61 5
37 7
83 66
15 5
21 14
55 52
60 20
44 10
97 25
16 8
17 3
93 90
50 20
26 17
21 9
75 70
7 5
58 52
17 11
32 28
33 30
4 2
50 36
70 65
78 27
39 16
34 34
27 22
36 18
13 13
2 2
57 10
66 12
97 25
17 13
15 14
8 6
3 2
52 41
45 21
5 2
23 9
96 80
78 73
90 67
31 16
14 10
67 27
59 17
36 8
70 4
95 63
93 64
48 29
89 50
35 28
10 9
75 8
61 55
46 31
41 6
80 62
97 24
85 35
57 36
21 20
33 27
55 52
9 8
3 3
49 11
55 28
67 44
83 72
48 43
47 44
55 50
86 8
33 3
45 6
65 2
25 7
48 8
18 14
99 98
95 92
69 3
23 3
79 55
6 4
12 12
71 12
58 8
29 18
58 54
47 38
12 5
46 22
52 41
39 35
99 76
69 40
52 11
28 6
6 6
21 13
58 32
28 27
4 3
8 6
51 4
58 5
99 27
32 16
33 15
52 40
12 4
45 21
34 34
9 4
75 23
62 54
69 9
28 10
44 25
53 35
65 44
88 71
2 2
60 3
42 27
5 2
96 87
98 13
15 13
6 4
46 4
6 5
78 21
72 10
48 12
45 15
76 16
50 46
60 45
29 22
77 27
63 63
26 12
2 2
87 40
49 48
33 7
59 13
53 37
6 6
66 2
59 5
94 73
4 4
63 32
32 8
47 3
26 4
46 5
92 83
67 56
13 7
9 6
61 44
83 19
79 50
65 47
96 3
23 2
41 29
51 41
76 31
64 17
92 33
73 36
35 23
16 12
19 7
57 15
70 27
6 6
59 51
11 5
42 40
57 30
27 27
39 35
77 41
93 86
53 27
64 57
88 70
5 4
21 21
49 32
46 20
37 14
30 13
38 18
100 97
28 16
45 31
82 6
75 12
17 4
17 15
50 18
79 10
11 11
74 20
83 18
80 22
87 22
78 5
28 12
90 46
58 42
11 9
94 39
7 4
55 10
77 27
85 23
59 40
45 21
95 54
17 4
95 54
14 2
52 28
43 42
84 59
64 38
41 34
58 14
4 4
6 5
7 2
58 2
75 30
99 48
90 40
58 35
92 55
12 10
59 6
62 39
46 19
38 19
72 40
72 8
65 61
58 39
49 49
38 33
100 40
83 54
96 64
79 64
27 2
94 28
39 22
63 41
69 24
52 44
14 9
47 39
45 35
95 67
39 8
52 5
86 65
45 24
24 5
34 15
62 53
97 32
91 66
23 8
39 34
14 11
64 29
9 5
63 61
6 3
42 7
27 17
27 5
79 70
60 41
45 7
46 34
78 51
77 51
75 53
41 25
93 15
13 8
53 31
36 5
98 53
55 25
75 69
53 46
33 20
37 30
11 10
22 8
58 17
59 2
95 81
81 52
55 10
62 34
75 47
75 8
36 11
94 38
10 6
63 10
28 11
46 39
40 23
70 40
34 5
89 82
62 27
50 29
26 8
23 13
57 16
89 57
67 32
90 53
41 11
80 38
96 77
11 3
99 34
97 36
83 7
23 9
19 14
4 3
67 55
19 14
79 70
53 16
81 13
51 25
79 21
53 20
18 10
32 19
55 13
35 15
19 10
4 2
71 31
82 17
34 25
23 16
22 17
25 18
43 3
86 69
51 34
26 9
22 5
95 38
30 19
80 55
86 29
8 4
78 31
76 44
73 24
10 4
92 34
100 25
68 59
9 3
64 33
22 6
73 5
36 9
46 14
28 17
55 18
71 22
44 28
59 8
26 20
27 5
57 52
43 33
90 15
49 31
43 33
77 27
71 56
60 46
13 11
67 34
16 12
4 3
54 45
100 46
66 60
29 21
80 7
40 13
12 4
82 44
40 3
54 7
95 72
94 24
91 82
84 2
47 23
91 30
69 43
66 65
4 4
14 11
96 88
63 36
51 42
61 27
7 7
22 16
2 2
9 3
19 5
90 85
67 59
65 62
61 38
18 5
98 51
81 57
56 28
34 7
67 61
11 6
93 26
75 49
38 12
50 39
59 9
63 24
58 24
45 23
18 11
83 42
46 32
39 26
79 35
57 53
48 10
17 9
9 4
6 2
75 62
68 61
88 76
6 2
77 21
53 46
9 4
87 86
75 40
49 9
85 23
5 2
9 2
96 47
59 22
29 7
19 8
85 28
98 85
87 45
34 26
31 18
78 32
9 7
38 28
52 51
80 22
73 27
23 22
98 9
10 7
57 36
78 66
72 47
80 46
74 60
42 22
22 20
41 13
92 77
8 8
20 19
11 10
27 21
4 3
90 71
24 6
40 23
16 14
72 6
94 25
28 4
96 57
30 16
51 5
22 16
75 55
26 22
68 26
54 21
40 31
13 4
35 29
52 51
44 10
89 15
88 78
23 12
68 56
61 13
79 29
92 47
71 15
75 52
97 84
11 7
84 83
25 3
34 5
23 12
35 18
47 32
38 33
66 33
21 21
41 25
95 25
38 13
72 8
22 14
88 52
77 46
70 69
59 23
28 16
89 76
99 71
12 2
59 34
54 11
11 11
96 4
97 73
29 20
7 4
91 51
88 12
2 2
48 40
9 5
6 6
15 15
13 12
40 26
55 54
3 2
99 97
16 5
53 33
20 11
78 55
42 28
68 56
85 76
78 16
56 13
43 14
74 64
95 62
8 6
57 10
24 10
59 28
18 16
46 34
32 12
31 11
91 54
90 56
10 6
97 10
45 36
73 63
35 29
9 4
75 31
95 24
72 8
78 37
12 7
100 4
12 7
54 16
77 23
12 7
97 23
64 64
4 2
70 41
76 68
59 4
11 5
29 3
23 23
56 6
79 34
69 65
14 11
72 55
80 76
75 46
80 52
71 48
84 57
65 18
74 73
76 73
95 88
44 16
63 45
9 4
92 48
91 53
6 3
90 67
42 31
41 13
15 5
63 51
37 5
88 36
30 25
24 3
19 17
97 71
19 13
62 35
42 20
47 11
63 23
48 3
52 33
9 5
94 77
31 6
59 52
86 64
52 2
17 3
25 8
33 9
69 21
77 35
74 37
3 2
87 8
89 54
44 17
7 2
27 9
46 10
39 14
46 26
75 15
75 54
65 32
22 8
32 32
49 17
31 22
24 21
34 11
69 30
82 65
33 20
56 18
15 13
8 7
24 6
18 14
13 5
64 20
76 33
20 8
65 58
79 61
75 4
37 8
59 18
10 3
31 26
64 50
7 5
16 14
51 43
76 42
6 3
77 2
54 45
100 41
7 2
65 38
50 16
15 11
41 10
53 51
84 26
17 2
55 35
74 64
12 9
32 22
94 34
21 13
65 54
79 33
59 57
7 6
69 39
81 35
43 25
18 16
6 4
17 7
86 81
38 21
64 35
3 2
13 11
30 22
53 12
45 31
89 45
70 33
41 18
18 17
45 40
11 5
6 6
22 6
20 3
68 53
8 5
3 3
57 39
13 5
14 9
65 37
11 2
37 18
84 12
71 41
20 10
12 3
12 10
85 41
79 39
12 9
40 7
100 72
18 13
79 67
71 49
62 53
46 32
36 17
6 3
3 3
16 2
78 75
62 56
40 3
12 5
63 12
87 79
61 59
19 19
47 9
25 25
83 68
65 49
69 31
39 4
51 46
62 27
12 7
82 45
60 9
56 10
78 65
22 15
28 9
48 5
88 57
26 2
43 39
60 6
87 10
59 58
52 48
64 17
32 14
96 12
58 49
28 27
56 51
67 10
16 14
45 18
54 25
42 7
22 17
45 44
55 17
16 6
25 2
49 42
32 29
57 35
71 65
52 23
15 14
64 58
89 11
95 95
96 52
40 10
84 42
10 5
85 71
40 22
55 36
66 25
24 20
45 25
16 3
100 46
33 15
52 15
97 78
95 79
99 47
56 53
74 18
66 63
23 23
91 53
95 20
82 81
51 38
11 5
9 4
67 8
91 84
28 21
26 3
17 4
37 9
72 33
89 49
90 68
43 39
75 37
94 58
4 2
30 25
50 27
58 26
39 28
32 18
99 40
15 12
24 4
14 2
52 35
12 11
80 36
24 14
78 48
55 17
12 11
95 19
70 12
15 2
66 30
85 32
21 15
71 17
45 37
37 15
46 9
72 72
80 28
62 34
74 33
88 43
11 4
73 5
77 24
95 66
34 19
56 51
15 6
98 53
31 21
62 58
62 50
86 68
4 4
16 7
94 89
60 48
10 3
32 23
23 4
26 26
90 34
96 68
62 36
25 5
66 62
30 22
8 3
65 29
92 57
56 9
11 11
32 24
40 22
30 14
69 12
15 2
94 69
44 38
55 20
86 13
99 49
46 16
30 29
57 34
87 73
62 18
81 48
61 13
26 7
86 3
95 42
67 52
63 39
43 20
89 13
62 18
72 65
43 10
22 19
36 33
17 2
85 23
35 32
2 2
26 24
52 48
91 6
84 45
53 8
40 36
14 11
80 67
60 35
60 58
17 16
59 13
48 30
79 26
57 48
73 30
21 4
38 11
34 20
34 27
96 51
54 17
92 10
53 48
61 56
51 50
6 3
5 2
37 22
17 4
91 66
22 3
9 8
16 9
57 31
50 11
7 3
53 24
60 38
18 17
37 6
76 63
8 7
51 41
8 2
60 17
63 18
88 62
56 38
100 24
7 2
80 22
43 32
36 35
38 11
61 29
54 2
81 38
12 11
97 3
31 7
57 39
2 2
11 11
35 9
15 5
3 3
51 12
29 18
16 15
58 37
42 28
60 18
89 7
93 18
27 2
12 11
62 40
47 34
22 17
92 4
94 32
47 28
84 83
56 21
13 10
57 4
27 20
49 8
67 30
98 50
18 3
65 58
44 4
68 56
22 3
16 14
54 46
29 3
16 4
75 54
78 52
65 55
78 76
54 33
30 22
30 20
16 2
12 8
78 77
62 62
94 2
9 7
92 77
65 25
18 11
88 21
37 33
46 16
84 18
26 15
36 13
19 14
91 2
6 6
26 16
13 10
73 40
56 10
57 21
14 8
71 27
61 37
73 71
45 15
99 49
8 2
63 44
66 33
12 5
94 83
95 69
44 27
63 4
19 6
85 5
36 8
99 61
81 40
62 8
94 33
4 4
94 14
91 70
31 9
39 38
48 46
98 20
9 4
19 3
38 14
58 40
17 3
5 5
13 9
80 71
67 8
43 3
16 6
90 63
99 77
73 69
70 68
36 28
46 23
8 8
60 20
87 84
57 57
72 5
70 21
94 19
81 80
89 39
35 4
32 19
58 11
28 25
99 38
81 29
36 17
76 43
95 82
92 20
57 19
55 6
62 60
3 3
25 12
81 4
38 19
77 42
9 3
94 14
67 30
28 2
16 6
55 45
76 41
7 5
74 73
72 33
43 37
34 16
84 22
41 14
74 58
20 5
76 63
20 14
56 23
70 15
80 28
70 20
11 2
94 25
65 53
39 4
19 9
49 12
17 9
11 2
98 80
54 24
90 78
75 56
95 55
93 11
65 7
85 31
46 5
98 77
85 50
25 21
47 9
57 24
82 17
34 8
75 55
24 2
21 10
41 20
66 18
14 11
22 7
48 43
18 15
17 16
48 7
66 17
73 49
23 18
65 42
33 14
86 73
86 60
94 22
39 35
42 42
20 18
71 68
84 36
13 3
13 6
94 25
95 81
82 26
76 71
65 17
67 3
65 2
77 69
38 7
82 22
2 2
49 27
34 30
34 14
69 52
6 3
7 2
12 3
64 24
4 3
40 15
27 25
67 62
5 2
76 24
85 17
58 15
70 11
87 11
73 6
43 32
92 58
82 20
97 34
14 8
27 19
58 24
5 5
94 9
37 26
22 17
12 4
64 62
83 44
67 15
75 52
70 59
84 46
19 18
85 60
65 11
24 18
5 5
24 5
30 17
74 5
56 18
38 19
89 80
61 30
49 13
9 7
92 12
29 13
12 2
50 26
70 40
21 18
34 33
57 57
32 4
77 16
89 86
49 48
26 19
54 48
66 36
67 35
32 20
58 4
56 47
74 62
32 26
5 5
58 3
61 4
40 33
96 32
60 8
26 17
58 7
85 5
80 43
70 55
28 3
94 91
92 7
25 4
58 30
23 17
18 8
59 9
98 73
26 17
64 63
62 4
6 5
10 4
81 62
16 3
59 3
50 16
84 65
47 33
38 8
37 34
52 41
70 54
45 10
8 5
38 11
72 34
80 43
100 11
58 39
85 33
22 10
39 24
29 19
99 77
77 54
16 2
70 13
80 66
22 2
16 4
5 5
83 83
58 55
75 61
57 26
86 57
63 22
36 16
75 36
49 3
22 16
30 7
97 6
30 5
52 36
96 66
86 8
77 13
78 73
99 93
24 18
34 5
94 23
18 11
60 58
87 85
63 2
64 4
29 4
55 35
93 52
16 16
92 78
27 17
3 3
12 4
73 17
56 3
20 20
39 4
77 17
61 40
74 54
69 4
46 41
100 81
38 16
99 92
84 27
35 3
27 14
40 23
66 16
2 2
48 26
39 18
90 16
95 15
45 33
51 3
83 8
24 22
70 51
18 16
57 33
95 41
81 8
73 25
74 12
20 12
40 5
35 19
50 11
99 22
75 19
52 45
9 9
20 8
68 29
18 6
87 31
74 30
19 19
73 63
27 21
10 2
61 53
87 70
18 13
37 36
29 6
41 34
100 5
50 4
15 10
90 29
80 29
16 15
84 36
21 17
11 9
25 8
58 47
76 43
42 14
33 9
16 10
93 4
95 52
31 9
73 48
46 21
57 42
19 9
99 95
28 19
53 4
15 13
36 24
13 9
58 49
31 12
15 3
17 17
41 15
74 51
13 3
67 27
50 13
49 13
66 47
38 27
56 9
25 11
97 88
39 28
13 8
7 2
92 90
90 44
88 50
30 22
7 3
85 69
78 31
97 41
21 10
55 35
86 46
96 64
22 8
29 24
10 7
78 27
38 9
14 2
100 41
31 21
39 4
46 27
60 57
92 49
34 33
85 21
3 3
38 19
92 7
46 7
11 7
2 2
21 8
87 8
39 33
19 15
98 80
2 2
71 5
75 14
69 48
54 47
45 41
82 12
62 20
56 3
76 51
28 12
57 10
73 67
52 30
89 75
67 9
89 34
28 3
37 23
13 4
18 2
53 6
88 68
13 12
44 6
37 36
34 18
56 54
93 34
17 7
35 31
3 2
95 67
62 24
11 5
26 21
76 68
12 11
81 15
65 65
67 47
10 5
22 6
20 8
72 60
79 16
84 57
2 2
66 58
76 41
79 46
51 51
66 15
87 53
24 16
75 25
44 26
98 8
72 16
72 5
12 5
44 23
22 20
78 17
91 65
100 84
97 46
7 3
9 2
63 5
91 29
33 16
82 69
60 8
9 2
84 11
11 5
84 8
27 8
98 81
39 33
93 47
40 2
33 6
44 44
62 62
97 62
21 20
63 62
67 13
62 12
37 23
22 3
61 6
75 57
91 86
61 58
71 43
65 53
34 13
85 53
82 72
92 8
56 43
86 61
50 50
60 41
86 70
94 72
34 9
39 9
21 15
47 21
32 30
57 36
7 3
82 78
74 25
98 6
95 4
54 54
9 8
55 23
41 39
27 26
90 36
97 62
60 5
99 7
77 41
8 5
24 2
52 52
75 21
99 30
54 14
58 26
71 69
25 8
26 12
77 61
18 3
3 2
13 6
12 4
50 25
22 9
68 54
36 33
51 25
80 32
69 54
92 18
65 22
26 18
35 2
65 55
2 2
26 22
21 15
78 56
91 84
54 43
57 49
2 2
95 65
75 8
59 34
12 3
5 5
16 3
38 21
53 45
73 52
81 11
20 5
43 23
100 23
31 9
83 5
65 58
2 2
61 54
88 38
2 2
44 9
14 7
10 7
81 79
46 20
33 16
21 20
22 10
46 31
57 42
21 18
33 13
20 10
64 25
3 3
67 3
54 31
40 2
93 44
34 16
90 27
16 10
86 70
62 12
42 19
5 4
19 16
83 13
70 56
94 6
23 18
86 60
17 13
6 2
91 69
14 3
35 24
15 8
55 39
31 2
55 21
58 26
37 16
27 5
31 23
58 46
63 56
68 29
88 46
81 15
57 48
96 90
36 7
69 29
46 28
38 22
27 10
11 6
11 11
63 15
8 5
28 23
89 39
41 13
78 57
99 59
66 9
7 3
20 11
85 74
54 3
42 21
80 13
80 23
10 6
12 12
6 5
72 39
14 9
35 29
82 29
47 44
29 29
41 35
41 37
53 25
26 18
4 4
14 5
40 10
55 47
76 14
87 45
56 53
58 44
41 3
13 9
53 28
19 5
57 31
41 31
70 18
42 20
15 8
36 11
12 2
3 3
80 45
56 2
98 40
91 80
81 42
5 2
79 32
44 7
44 23
31 19
89 35
76 64
28 20
14 9
60 6
71 64
95 14
31 12
56 50
5 5
68 59
56 39
47 14
93 72
80 71
50 25
42 11
8 2
56 55
42 22
87 81
61 10
49 20
100 27
52 17
23 5
16 8
59 34
56 18
3 3
47 42
8 3
31 14
66 7
3 3
56 24
21 9
31 2
75 62
82 47
23 12
81 72
98 94
10 5
73 6
87 7
85 83
58 32
38 33
46 3
84 52
37 34
95 94
8 4
81 81
80 44
83 55
33 30
64 63
85 58
61 9
40 4
56 3
96 56
41 23
46 39
67 41
64 12
60 41
94 73
64 3
80 5
74 31
52 41
96 29
80 49
95 29
4 4
5 3
46 17
31 5
17 17
77 67
58 43
71 8
87 16
93 59
84 53
20 8
7 7
35 22
87 22
31 14
85 30
83 19
29 20
48 28
14 6
14 9
26 16
40 12
5 5
29 11
52 10
23 9
98 46
67 35
69 59
47 13
68 9
18 15
25 25
87 21
15 5
94 46
32 20
73 35
81 42
20 19
13 6
70 24
81 75
13 10
75 70
49 21
45 42
93 63
71 61
98 61
61 55
11 2
23 18
16 7
22 21
18 15
65 24
28 22
26 24
22 19
54 31
79 8
55 49
28 26
46 31
68 28
29 9
2 2
20 16
95 44
47 46
6 4
54 22
33 4
42 36
47 16
53 20
93 51
19 8
98 94
84 32
21 7
45 26
21 6
84 34
49 11
59 35
27 2
35 17
72 16
45 8
48 8
7 2
96 49
32 31
44 33
79 34
93 27
83 30
99 8
36 21
96 46
65 17
85 21
21 4
17 14
84 78
81 30
19 16
77 42
42 19
34 17
93 85
61 9
28 25
13 13
92 3
37 28
36 26
46 45
82 54
16 9
32 2
69 47
22 12
50 24
31 21
11 9
18 11
53 31
9 6
54 40
100 60
41 29
23 4
75 54
89 18
49 29
64 17
7 6
18 6
37 11
44 5
53 19
71 3
77 19
66 14
20 16
6 2
70 39
94 75
30 16
81 17
99 57
68 34
20 15
83 63
15 12
20 5
25 21
31 17
55 27
87 63
66 4
11 7
58 15
100 5
97 8
43 11
51 6
48 26
95 3
48 27
27 26
31 30
79 68
72 9
45 15
23 13
69 66
47 23
46 34
95 55
68 66
12 9
54 16
88 87
23 3
57 42
100 21
2 2
2 2
41 35
2 2
62 49
89 28
16 11
71 49
56 48
22 22
99 11
96 50
79 50
68 37
55 26
83 61
32 27
66 62
69 43
5 4
83 41
65 65
5 4
96 96
52 50
28 10
88 78
91 56
4 2
54 36
15 14
53 8
44 38
50 44
18 8
30 7
45 35
66 22
71 59
10 10
29 10
58 54
30 29
48 6
37 31
10 4
8 3
49 40
53 5
49 11
17 3
49 15
11 8
35 16
60 43
7 6
83 3
86 80
91 5
71 24
89 30
37 16
63 7
53 51
79 17
32 25
54 32
71 44
66 52
62 9
27 17
38 11
47 12
35 25
81 2
91 23
93 24
98 70
10 7
14 14
24 10
98 3
17 11
89 46
32 19
12 11
