10000
74 36
52 19
47 32
5 5
40 34
77 32
54 20
5 5
85 37
97 53
34 19
90 26
18 2
21 17
2 2
40 33
88 75
98 67
72 35
53 2
87 49
12 5
58 19
54 7
40 10
52 9
63 50
29 29
39 3
30 29
55 29
36 17
32 7
28 13
55 27
94 34
86 14
6 6
2 2
10 7
74 45
75 66
73 59
69 50
34 2
61 8
26 5
95 64
80 73
14 10
41 36
10 9
65 62
54 40
2 2
34 14
8 5
68 54
21 8
70 42
51 27
72 66
60 3
70 29
26 7
84 6
51 28
81 73
39 8
36 6
22 5
67 66
17 9
40 2
26 11
39 13
14 12
75 68
85 48
60 5
30 16
47 39
99 25
82 13
63 63
67 54
7 7
52 41
7 7
42 33
84 73
84 52
97 37
78 31
34 19
21 7
12 9
22 17
40 5
17 15
80 46
89 78
93 25
91 40
81 29
5 3
56 26
35 17
94 43
56 39
2 2
3 2
89 84
66 3
84 79
90 66
32 6
40 16
37 23
49 3
32 28
42 19
40 40
4 4
54 34
21 14
77 69
53 43
10 10
63 18
26 16
99 88
87 26
52 22
60 8
61 44
31 3
6 3
93 28
40 18
95 47
56 2
72 59
56 15
18 18
91 7
91 24
30 14
45 31
84 43
74 63
13 4
96 32
14 12
14 4
37 9
37 18
95 10
73 22
39 30
46 28
38 7
31 31
11 4
43 15
4 4
100 78
61 13
17 16
39 27
44 44
89 49
54 21
97 40
19 17
48 27
67 10
61 54
98 3
90 65
24 15
60 48
94 52
54 45
37 21
38 5
9 9
99 7
22 16
17 14
52 22
3 2
12 7
69 6
100 68
78 8
24 2
71 44
46 33
41 15
72 29
29 28
8 3
54 26
2 2
91 81
68 26
82 12
96 45
95 78
89 57
56 10
13 8
50 44
38 26
61 52
25 21
60 14
92 86
88 47
95 5
39 24
38 3
16 7
21 13
57 37
57 50
95 69
42 27
6 5
46 25
15 7
66 57
30 30
49 6
40 17
63 43
72 9
83 28
86 11
87 30
21 12
83 43
58 14
50 40
43 42
51 4
74 54
96 24
90 66
27 13
48 26
63 47
47 39
61 17
44 43
93 7
95 77
87 64
78 71
86 68
92 25
15 7
32 22
15 15
90 43
39 19
100 35
70 70
39 27
21 3
23 7
40 27
69 18
35 16
80 49
63 24
22 10
4 2
81 78
65 55
4 2
91 15
17 6
12 6
37 37
75 30
47 3
27 5
14 7
2 2
90 31
57 21
53 41
19 13
7 2
74 16
12 8
13 12
59 44
89 83
96 92
72 59
2 2
94 80
67 53
51 4
83 59
90 22
75 27
13 8
64 27
84 73
80 27
7 4
39 20
46 37
40 15
11 11
61 58
99 5
35 9
57 6
48 22
43 26
3 3
72 10
59 57
20 2
42 17
99 49
69 13
81 46
85 6
94 69
44 31
10 9
47 30
57 20
63 40
6 4
86 13
48 28
40 20
79 73
95 39
11 9
53 48
24 15
35 13
21 14
17 10
79 51
88 78
35 3
85 58
56 43
33 11
83 76
33 5
32 17
65 29
6 4
66 58
42 35
98 43
50 25
19 12
50 36
93 46
43 19
97 91
71 35
44 37
85 21
49 41
45 25
100 5
48 43
33 11
50 6
82 26
36 35
79 27
74 38
39 5
80 10
19 2
44 29
59 35
25 24
77 27
73 57
18 6
89 62
50 47
3 2
18 18
95 5
59 42
91 65
10 8
10 5
53 41
20 6
2 2
7 3
79 72
82 77
99 12
4 2
46 23
12 10
61 7
51 11
79 64
11 2
45 37
86 47
12 11
48 26
32 26
46 45
77 62
54 53
13 12
28 28
10 8
59 34
36 12
64 22
63 53
98 12
22 21
88 55
49 16
2 2
77 22
75 25
83 41
40 32
73 36
22 2
78 72
43 40
32 29
14 9
53 6
50 32
100 12
69 46
80 75
57 24
78 61
20 3
12 9
78 70
69 53
21 8
74 41
72 5
64 8
71 36
64 27
88 26
50 4
63 34
81 76
32 15
25 13
15 3
37 12
77 74
67 20
70 31
27 13
72 27
73 45
60 28
31 21
36 28
35 9
10 10
18 11
42 23
20 15
83 45
94 2
44 31
88 8
62 32
50 44
9 9
66 65
79 64
89 15
14 11
33 9
12 8
98 22
90 56
62 53
59 26
22 2
14 3
91 67
11 6
7 2
34 28
46 33
50 39
78 52
100 51
71 38
24 20
81 60
21 3
59 46
51 30
75 57
38 27
19 18
93 63
20 2
29 19
12 8
86 63
14 4
33 8
61 38
18 12
67 58
92 43
43 2
20 4
55 34
9 7
21 15
81 75
15 9
85 8
58 43
8 7
55 35
58 30
80 20
5 2
64 3
6 2
100 62
60 5
10 5
17 3
3 3
9 4
48 6
70 26
76 60
14 12
23 3
69 21
32 23
100 77
65 8
47 7
56 37
72 35
89 66
40 31
36 32
15 7
95 22
61 39
82 17
51 28
68 41
99 20
15 14
27 6
82 73
44 19
88 14
66 20
6 2
26 26
88 8
49 16
76 32
23 4
88 60
88 7
91 24
40 24
94 9
15 5
30 10
40 2
14 2
57 47
71 26
9 2
53 11
8 3
29 25
19 15
15 14
17 8
77 37
80 61
74 37
71 13
41 38
77 69
44 15
94 3
19 15
34 24
19 10
50 31
52 48
82 33
24 7
32 8
18 12
39 28
58 25
9 7
10 8
39 25
46 2
50 25
12 7
92 2
12 4
5 5
18 7
63 38
57 8
23 20
48 10
91 91
82 8
37 35
44 19
94 50
53 16
100 51
86 65
16 16
71 21
99 49
75 41
80 31
11 2
42 21
64 30
13 7
43 17
95 53
100 51
71 40
65 26
33 31
28 11
92 4
16 13
32 6
30 25
52 5
18 13
64 55
52 37
47 3
97 61
63 21
26 18
37 16
66 12
51 46
64 11
40 28
88 68
74 21
23 22
83 59
95 88
11 4
29 29
26 6
17 12
94 55
22 11
46 10
89 25
11 9
72 48
45 38
58 2
92 45
80 73
49 22
28 3
71 64
14 6
9 5
26 4
37 6
15 13
52 24
11 10
60 34
72 68
81 46
19 9
45 7
36 19
81 6
36 32
24 14
16 10
54 20
29 21
31 31
28 6
8 6
43 31
24 16
62 10
22 6
72 29
54 20
37 12
82 42
95 26
97 76
34 4
90 65
55 30
10 3
91 70
52 3
66 36
7 4
13 13
9 3
5 5
6 5
21 19
12 11
49 16
15 11
52 16
33 26
88 49
12 8
50 41
65 28
44 22
48 31
67 6
100 93
10 5
78 44
15 10
86 85
23 7
3 2
49 38
95 76
9 6
97 41
55 10
84 25
48 42
92 71
47 8
96 88
94 29
27 10
48 40
64 63
92 83
40 36
30 5
79 28
74 67
62 53
72 48
5 5
46 21
65 37
46 26
82 35
74 19
45 34
11 5
89 68
76 44
81 57
89 72
96 20
57 11
52 13
57 28
61 41
19 7
96 38
19 14
43 14
89 70
73 44
94 85
6 5
71 32
62 45
100 39
75 25
95 23
60 34
26 23
76 21
96 14
10 4
80 38
4 3
47 28
45 44
40 22
55 37
29 11
23 12
79 39
84 52
24 5
89 6
55 16
100 82
93 14
62 47
77 35
64 11
79 52
16 3
31 26
67 3
96 65
67 49
44 42
50 14
72 25
60 19
24 15
54 8
90 77
63 45
87 70
36 28
73 53
17 17
41 11
12 3
47 43
51 45
61 35
56 22
67 56
32 14
71 4
44 44
23 14
27 16
8 8
87 80
65 59
89 79
34 10
45 33
90 60
18 2
99 21
56 31
31 23
11 2
97 77
18 10
5 2
2 2
37 25
86 14
5 4
22 10
17 17
93 72
4 3
67 33
30 5
90 37
81 75
25 23
34 15
39 25
34 2
75 70
18 10
58 35
66 50
53 47
45 3
99 84
35 26
70 66
71 37
11 11
4 3
37 22
2 2
82 79
34 9
94 27
58 3
27 8
4 2
98 57
47 29
87 76
94 83
95 68
16 12
84 8
37 17
90 29
65 62
68 47
7 2
45 15
92 47
45 13
54 21
83 52
70 27
97 2
93 36
87 87
45 44
78 77
17 2
75 57
96 39
28 20
26 20
88 72
62 24
93 29
92 31
50 8
35 3
69 44
34 22
54 26
84 7
87 18
16 12
74 39
81 5
9 9
27 26
79 75
52 23
52 36
77 58
80 18
80 56
99 3
7 5
96 42
66 34
6 4
32 2
51 44
66 25
98 2
75 52
94 11
66 15
29 23
46 31
73 47
19 13
55 9
76 12
9 6
66 20
55 37
88 57
57 12
87 2
43 13
16 2
16 12
40 22
89 45
49 20
79 43
52 7
2 2
9 8
19 17
91 62
86 69
75 27
54 54
71 27
45 16
18 15
18 3
11 10
98 12
74 48
42 12
43 25
91 25
36 8
48 45
68 53
8 7
78 20
38 34
29 20
77 7
59 53
39 4
6 2
20 5
6 5
68 17
56 5
35 5
98 2
81 71
25 14
67 12
79 64
27 24
37 26
12 9
89 74
40 19
83 12
45 12
93 38
12 9
17 6
94 82
21 14
67 57
79 3
100 52
15 7
85 66
28 23
36 33
8 2
86 49
63 61
24 6
2 2
65 12
40 27
66 15
52 50
6 4
23 12
13 9
99 98
59 57
53 6
78 54
67 15
66 26
37 2
5 4
72 19
27 23
72 12
69 39
50 49
84 42
7 2
95 57
91 6
28 16
54 44
25 19
18 7
31 29
4 3
35 11
73 46
58 37
62 57
56 27
97 36
31 20
60 31
40 25
97 21
64 28
74 64
89 37
75 2
66 63
47 16
20 2
97 46
55 43
89 12
3 3
73 62
36 29
39 2
7 6
38 18
75 65
88 38
56 34
40 34
22 12
99 19
92 2
34 4
24 13
82 10
100 27
11 2
37 20
35 32
72 37
70 42
61 25
61 9
95 75
32 29
28 24
95 55
56 25
9 8
87 25
71 13
70 56
51 38
11 9
54 36
54 44
48 24
15 3
88 60
48 19
2 2
61 9
100 28
71 16
3 2
21 21
30 10
60 56
61 52
51 20
10 8
27 3
50 50
63 25
97 5
41 17
20 11
21 19
70 18
85 35
22 3
33 29
68 50
59 24
62 51
33 8
70 30
64 4
80 8
97 96
76 52
13 9
12 11
28 6
91 71
69 47
10 4
26 8
11 4
72 62
83 42
36 26
82 41
97 29
22 17
60 19
15 2
76 74
98 69
50 47
82 35
85 67
76 70
24 6
42 7
4 2
38 9
33 5
94 24
57 23
70 21
40 31
51 33
27 5
27 11
36 10
22 4
61 25
45 3
97 91
37 22
27 2
47 7
19 7
86 3
2 2
18 4
36 26
67 38
46 45
80 26
68 60
49 20
28 10
18 18
98 74
72 3
32 2
16 9
64 53
57 27
88 39
35 8
93 37
93 2
73 29
97 96
52 33
35 35
86 49
51 39
13 7
44 42
20 14
86 4
21 10
20 6
62 50
35 24
10 5
74 30
88 24
25 4
39 4
81 20
8 6
56 15
19 10
91 42
78 2
27 17
86 58
94 4
78 48
10 2
74 32
32 18
99 88
51 41
61 45
51 12
49 3
64 6
59 4
44 19
82 10
71 31
40 11
45 39
9 6
64 58
24 17
32 20
31 22
44 8
15 3
67 58
67 21
78 46
52 13
50 42
30 20
79 27
24 17
66 66
82 27
53 4
34 34
88 35
47 6
96 14
30 27
84 58
88 88
39 39
84 67
72 57
52 10
7 4
56 12
2 2
11 9
73 71
68 49
59 8
12 10
97 79
30 8
88 2
84 72
82 22
31 9
92 52
62 2
46 20
77 35
38 32
91 12
59 24
59 33
21 6
5 3
32 7
43 30
84 29
9 7
82 45
47 16
41 18
19 9
33 2
79 60
81 33
10 4
12 5
27 25
52 35
46 44
39 20
37 27
21 8
31 14
55 4
64 2
74 57
91 48
23 9
30 19
11 8
20 2
28 8
31 8
51 8
14 13
66 51
67 36
36 26
49 13
66 17
24 13
56 50
78 37
14 5
60 23
24 23
17 13
88 48
48 15
30 29
43 33
16 8
70 10
87 17
2 2
36 21
43 8
52 44
64 43
12 9
12 8
50 47
70 49
12 12
7 7
78 73
51 22
85 30
17 12
76 4
14 12
80 59
3 3
18 15
62 10
19 6
55 19
21 12
20 12
82 45
86 59
18 6
59 44
11 9
41 23
93 68
10 9
41 37
6 2
23 22
26 13
21 18
18 15
86 61
16 10
11 10
55 4
42 32
99 81
52 24
70 22
32 21
42 30
26 9
31 11
15 8
66 64
82 66
56 36
70 58
13 5
32 17
90 54
6 3
33 31
25 12
25 7
33 8
21 6
10 7
55 37
31 3
23 2
52 18
66 9
85 80
18 4
19 13
75 41
82 56
7 6
11 5
30 11
81 11
67 45
22 15
26 21
6 3
22 17
45 39
90 83
6 3
13 8
98 95
15 13
19 15
9 7
29 7
33 15
81 40
48 34
58 55
59 7
56 13
71 66
72 67
93 15
77 74
90 11
94 28
7 3
51 28
55 21
53 14
45 45
39 6
99 76
11 10
6 2
96 80
25 13
12 6
62 25
95 26
43 31
38 9
66 18
47 31
8 8
53 46
70 28
21 19
57 9
26 12
50 40
31 24
76 70
25 20
18 16
98 84
8 6
3 2
48 2
35 12
51 40
94 65
18 15
54 46
14 13
29 13
29 4
12 12
7 5
11 5
45 26
73 25
21 12
12 11
41 16
45 39
74 33
10 4
19 13
68 65
90 6
99 12
25 8
93 69
66 53
35 32
63 48
9 8
71 30
2 2
68 51
27 17
77 24
56 31
97 66
12 4
8 7
2 2
72 29
74 3
92 14
18 11
43 16
95 45
11 9
17 4
87 40
73 19
18 17
58 21
13 6
35 13
14 10
77 61
57 32
59 55
5 2
46 5
60 6
15 5
14 6
56 41
95 39
84 52
81 4
24 19
57 39
90 3
15 9
94 77
82 50
96 57
55 34
3 2
13 9
37 19
59 55
85 24
77 76
86 78
53 24
11 11
5 3
79 24
98 36
46 44
44 26
95 66
49 28
25 12
33 18
76 8
49 5
25 10
11 6
100 20
46 21
19 9
34 23
5 3
57 39
21 15
48 36
26 12
78 78
29 5
17 11
25 9
89 77
3 2
13 2
74 73
31 12
56 49
29 15
71 6
93 51
45 15
18 10
47 7
5 5
44 9
41 28
59 22
68 56
2 2
59 34
62 37
48 47
56 2
13 11
74 8
27 5
99 11
28 18
91 72
6 4
37 4
70 12
92 92
31 5
71 30
65 60
62 17
25 4
48 16
96 38
98 16
58 54
61 55
87 19
52 13
29 26
70 22
79 41
93 27
68 59
16 15
63 26
62 62
99 82
28 3
31 30
43 4
63 12
3 3
28 7
41 39
21 20
32 2
77 54
9 3
94 87
47 47
95 33
40 37
85 26
46 35
83 37
14 9
70 45
63 7
44 5
14 10
56 9
76 51
66 29
16 16
28 12
32 7
39 3
17 3
77 30
49 12
32 16
31 10
41 12
8 7
36 18
45 39
26 4
13 9
53 18
65 13
68 26
62 17
46 22
33 6
28 16
91 45
30 27
63 44
31 23
67 55
26 9
12 8
73 28
58 48
67 60
85 8
3 2
67 12
9 5
89 73
76 42
41 3
24 13
81 65
99 24
28 18
99 90
80 4
58 25
84 44
2 2
31 19
17 11
72 66
36 21
60 5
61 26
44 42
53 4
87 35
18 15
13 7
36 13
20 16
27 24
88 28
42 5
10 9
83 32
28 23
18 8
38 21
90 73
60 9
50 9
44 15
43 17
70 70
48 13
88 15
66 40
17 15
38 6
97 30
86 43
10 5
49 13
18 17
100 98
86 17
52 27
45 34
32 11
86 72
71 33
76 23
33 4
75 53
44 2
19 8
26 7
2 2
88 61
84 79
15 5
86 43
89 63
74 48
69 51
19 14
17 5
34 32
58 5
44 6
66 5
46 5
71 23
71 16
75 39
25 24
26 20
8 8
15 10
18 14
10 8
57 25
35 23
84 35
26 5
21 14
74 48
66 13
50 25
82 79
66 40
86 9
55 14
6 4
44 21
80 9
94 88
80 61
35 21
99 3
94 32
65 46
2 2
97 52
59 45
7 3
57 48
7 3
81 45
61 37
69 43
81 68
93 29
70 68
94 37
24 7
34 8
21 3
16 7
65 17
12 7
41 7
32 25
66 8
24 5
10 3
63 42
18 18
46 11
39 30
38 19
91 83
71 18
27 19
7 3
50 22
32 32
25 9
55 35
24 3
18 18
94 10
33 17
88 77
20 7
7 7
82 13
68 3
62 50
48 28
98 26
11 11
60 42
59 14
14 13
81 47
39 13
84 42
20 13
94 3
69 67
31 6
38 32
10 9
20 11
57 34
9 6
8 5
48 21
46 40
41 25
60 34
50 28
3 2
46 6
85 40
60 46
82 75
37 23
15 7
97 10
40 32
18 2
62 31
92 45
37 2
22 18
25 21
42 22
10 6
51 11
95 39
4 3
69 52
87 21
2 2
65 53
61 32
99 47
97 50
2 2
67 64
75 58
47 17
17 6
62 42
84 75
25 20
22 12
66 7
20 12
49 32
4 2
69 13
91 64
56 24
29 23
39 24
43 7
13 12
51 14
42 19
42 5
99 99
53 32
3 3
28 24
38 6
39 26
79 73
65 59
53 47
39 13
79 21
71 29
68 11
33 26
97 48
30 30
24 2
35 21
74 50
28 22
10 6
79 42
32 8
85 72
93 51
54 30
53 27
29 7
79 25
8 6
3 3
30 5
62 3
86 25
73 7
53 52
95 92
78 29
5 3
10 10
43 29
83 81
50 14
77 12
14 10
20 6
27 11
17 2
52 20
19 11
17 15
76 27
29 22
59 58
100 24
59 43
69 53
88 22
44 8
25 16
41 23
100 24
77 55
58 51
91 3
37 14
88 83
75 29
74 59
3 3
48 40
19 19
30 12
35 3
29 21
19 13
79 3
80 24
74 25
56 13
39 32
33 3
68 47
21 2
57 27
100 38
13 10
37 37
14 14
87 9
12 6
53 37
61 31
30 26
17 3
35 30
43 39
56 8
32 17
88 29
92 12
49 21
44 40
55 19
41 28
63 29
25 7
44 34
55 37
36 10
87 62
24 20
95 93
84 50
51 38
35 34
97 18
67 32
70 39
8 4
34 9
13 9
9 9
30 16
85 71
55 37
7 3
74 50
95 12
36 11
81 73
63 35
50 18
78 15
62 39
5 4
22 5
97 82
58 50
95 89
25 10
31 3
20 14
31 15
68 46
16 12
28 17
86 52
88 56
87 36
40 23
8 7
19 6
49 11
64 7
7 4
77 65
47 3
39 27
43 35
34 7
57 34
79 66
93 8
82 70
86 60
8 6
100 72
87 67
3 3
55 23
34 8
20 15
45 43
60 29
82 52
68 49
92 61
21 3
66 40
33 18
37 33
94 71
14 11
5 3
75 40
43 30
99 12
65 52
53 49
58 7
26 22
66 63
24 18
4 3
21 18
72 41
75 66
9 4
29 20
83 41
83 44
77 48
2 2
24 2
23 18
62 15
60 28
54 12
28 23
34 22
54 14
52 3
61 10
71 41
62 16
22 19
59 16
4 2
31 13
71 9
97 34
56 49
60 34
48 32
34 26
96 70
10 5
55 7
99 68
41 16
23 7
8 7
75 14
22 13
30 21
27 11
44 36
3 2
40 37
37 6
17 2
19 10
12 10
8 3
36 13
72 59
13 7
7 6
21 12
40 32
75 42
82 75
45 27
89 3
89 2
29 12
62 19
7 3
60 35
43 27
61 55
74 48
97 49
81 81
25 19
21 20
20 2
95 22
94 41
47 38
91 79
63 47
43 8
79 54
36 4
9 4
48 37
93 5
48 8
60 55
4 3
52 31
26 6
50 33
20 16
67 66
22 22
81 36
19 3
6 3
37 28
71 65
56 5
43 7
57 12
44 16
55 27
59 11
32 23
78 65
42 40
72 61
90 60
15 15
31 11
67 27
71 51
29 10
73 50
49 34
40 25
65 42
81 20
63 15
98 71
44 44
98 33
46 15
100 95
96 69
37 22
83 53
52 29
11 3
45 19
17 3
87 67
58 17
54 44
40 18
79 38
71 32
14 5
73 49
19 19
79 32
93 68
57 7
44 24
48 42
98 65
35 29
42 20
6 4
56 6
32 2
4 4
45 19
23 2
18 7
75 13
18 18
56 46
70 54
58 25
9 3
94 57
100 79
80 45
63 20
16 8
19 2
81 48
23 22
19 15
27 19
81 24
68 34
38 25
59 6
57 56
28 28
58 45
24 10
43 27
6 6
31 12
93 35
98 19
81 25
81 53
27 19
7 4
36 14
80 28
56 11
67 51
7 2
36 33
93 46
63 58
80 12
57 48
57 33
22 3
99 45
31 18
57 54
60 33
98 47
65 34
19 15
78 60
19 10
10 10
82 13
38 23
95 63
20 10
36 31
64 22
46 39
16 7
65 23
15 10
24 21
20 2
42 25
73 24
69 14
94 73
100 14
98 62
49 28
31 7
52 36
90 44
50 14
71 14
53 41
19 15
81 58
41 34
17 3
40 38
94 5
58 37
83 63
86 79
41 16
14 11
53 36
58 35
55 26
73 10
89 20
72 41
31 8
37 2
47 17
18 7
50 16
72 34
21 14
72 60
3 2
66 18
94 4
59 41
41 19
14 12
97 65
80 17
34 5
49 38
86 41
10 4
52 3
90 16
93 82
54 44
14 9
97 63
16 11
20 14
31 28
95 13
9 7
58 6
13 7
42 13
14 6
94 3
72 17
94 4
100 70
47 34
97 82
45 26
52 30
88 68
50 37
9 5
9 6
38 36
9 8
55 47
21 6
61 48
48 18
12 2
44 22
59 27
38 6
33 21
76 32
77 12
43 18
42 13
50 47
74 30
77 47
10 4
20 17
4 2
89 36
22 11
68 12
50 31
38 11
84 58
16 9
62 53
15 14
100 65
40 4
15 5
52 12
2 2
24 16
21 2
9 5
50 37
84 54
55 13
15 12
34 6
64 49
12 2
72 24
42 28
64 15
70 31
39 9
38 19
66 11
51 46
37 7
91 13
58 10
3 2
92 31
20 20
41 34
87 82
83 22
11 8
80 5
16 11
75 13
83 24
6 4
21 16
78 27
98 17
5 3
14 7
10 9
91 88
73 73
68 39
76 69
26 5
66 53
19 16
88 79
2 2
84 19
37 30
27 27
64 19
81 77
3 2
24 10
27 19
2 2
31 25
81 31
71 24
83 33
81 45
66 9
14 6
12 9
70 66
66 20
27 27
83 46
88 70
24 16
32 3
4 3
69 44
48 42
64 2
19 10
98 40
98 42
40 11
34 22
26 24
24 6
36 14
2 2
71 26
30 13
99 74
82 60
99 23
69 15
4 2
96 21
58 42
7 5
29 8
52 17
31 23
46 19
57 2
52 24
68 17
23 19
34 13
8 7
31 8
16 7
5 5
66 14
12 10
60 28
57 53
5 2
18 16
11 2
67 35
18 7
7 5
44 42
96 21
45 5
77 19
31 16
52 36
44 23
16 9
43 25
100 10
43 30
41 20
56 56
59 20
48 33
48 12
66 47
65 49
56 8
75 15
89 13
59 6
100 100
78 16
87 35
63 24
68 15
19 4
23 22
25 11
76 49
30 29
64 37
29 5
57 13
83 83
27 4
38 4
73 3
100 53
57 56
36 13
94 14
33 27
70 10
55 11
73 64
58 20
90 10
34 19
2 2
77 57
39 4
46 44
37 8
30 8
18 5
21 17
3 2
58 26
31 25
11 4
6 3
97 11
82 52
26 16
68 5
43 35
12 9
93 29
79 21
24 13
95 60
36 13
11 9
4 2
97 87
56 39
65 45
23 11
26 13
37 34
44 30
30 24
16 10
7 7
96 41
45 18
77 72
69 5
91 14
71 44
53 32
9 4
11 8
72 49
9 9
40 40
87 18
92 19
17 11
11 6
39 16
20 20
11 10
37 3
43 12
27 3
41 14
72 35
26 21
31 14
9 3
94 86
7 4
78 63
7 4
59 30
65 26
38 14
16 5
54 4
71 15
29 9
19 4
21 17
61 17
52 7
35 24
30 4
64 16
28 19
26 21
34 17
47 25
41 35
20 19
52 45
66 4
99 14
80 5
85 16
63 47
7 4
98 16
62 9
19 9
74 25
46 5
16 13
64 14
46 21
6 2
73 40
55 49
25 9
34 12
84 7
62 61
87 23
30 26
48 20
66 57
27 9
29 13
72 67
51 37
22 17
34 4
18 12
61 18
25 13
19 12
76 3
67 54
80 74
61 47
60 40
16 14
5 3
79 47
82 27
79 5
13 3
38 26
72 49
62 53
100 19
52 10
19 13
42 33
6 6
56 8
12 11
55 14
73 48
51 5
41 24
5 2
44 14
70 52
64 31
3 2
99 60
94 67
56 9
87 21
76 48
68 12
73 72
15 11
50 6
70 44
13 8
90 15
46 21
56 46
78 48
93 35
21 2
67 17
61 12
47 42
69 24
82 12
85 18
16 14
86 2
53 47
90 22
26 3
13 4
11 11
69 51
100 18
27 18
52 9
76 49
55 54
54 20
15 3
63 21
22 15
97 84
76 55
54 39
25 6
60 60
10 8
37 25
97 15
85 60
91 2
72 32
47 2
35 21
71 60
45 36
22 11
21 15
19 19
94 31
39 15
39 37
2 2
34 29
71 52
74 11
30 20
77 16
37 7
38 8
60 14
15 12
83 81
98 40
49 49
19 18
33 2
92 6
54 27
58 2
87 20
59 31
2 2
48 4
64 52
94 16
21 7
55 35
29 10
25 24
9 3
33 29
91 40
28 4
95 66
7 2
25 10
45 32
72 52
11 11
6 2
58 22
82 44
48 19
6 5
98 44
87 78
83 72
71 55
57 22
27 26
34 31
99 69
13 13
97 82
20 13
51 32
46 31
35 9
33 26
98 43
12 12
77 5
91 19
37 6
32 30
39 12
47 31
65 23
36 27
76 61
17 9
98 86
68 62
70 41
19 6
47 43
20 12
43 34
31 6
20 20
91 55
83 35
16 7
88 16
81 40
56 11
83 21
71 48
69 15
70 41
72 65
28 15
71 25
56 56
50 31
35 31
85 71
14 5
33 18
15 3
50 46
57 37
18 12
18 18
28 18
89 56
18 2
2 2
78 68
3 2
9 4
35 19
68 52
73 37
66 26
32 31
65 51
89 68
99 28
53 15
74 43
31 7
90 90
37 5
17 2
58 27
82 50
97 49
29 23
37 21
65 48
77 61
55 5
24 10
83 46
59 6
3 2
41 41
100 44
28 19
26 19
30 4
58 4
67 23
37 19
40 38
95 92
2 2
99 81
62 55
35 28
43 21
41 11
85 83
69 11
93 53
38 20
85 85
39 11
14 4
9 2
90 51
22 17
34 15
13 7
79 50
7 4
37 9
11 3
61 19
17 4
20 6
8 7
12 10
68 39
3 3
41 6
74 71
37 9
46 26
14 10
86 65
50 17
40 12
26 7
26 13
9 5
88 83
7 2
10 3
35 35
66 54
36 11
50 8
4 2
88 79
3 3
91 13
86 85
47 40
76 57
39 37
92 55
48 28
87 22
41 18
10 5
62 6
88 36
49 29
100 85
8 5
43 6
39 2
82 81
49 8
33 27
21 10
90 9
60 21
54 44
45 44
50 19
85 32
16 16
10 7
47 35
63 51
45 39
46 7
45 2
62 47
100 89
52 43
48 47
94 26
69 23
5 3
100 18
73 41
11 7
14 11
20 9
64 31
29 18
90 77
51 21
69 60
48 35
4 4
73 26
87 43
93 20
34 26
87 64
42 5
59 49
45 29
24 24
33 28
49 11
40 4
23 18
49 46
37 13
19 12
68 17
30 7
5 3
95 35
53 17
74 41
98 15
94 58
5 5
29 7
94 59
6 2
93 61
6 2
34 27
72 34
80 58
38 14
3 3
66 5
39 12
66 64
42 29
96 52
82 33
37 30
47 43
18 18
13 5
10 3
16 4
17 2
15 12
77 75
22 4
100 93
15 9
22 10
54 13
58 52
18 2
9 8
81 11
9 2
99 7
28 11
6 3
19 3
58 28
44 18
77 13
38 24
49 36
41 38
75 55
93 64
82 4
21 9
7 5
59 17
14 13
23 7
90 25
35 30
72 50
95 3
31 17
83 46
97 60
78 40
56 26
31 10
11 8
17 5
54 11
93 77
77 33
41 24
38 34
53 44
100 14
32 31
25 6
68 25
27 19
55 21
93 21
47 20
31 23
36 7
60 49
96 24
77 5
8 5
21 13
80 13
32 25
90 52
48 43
2 2
49 36
88 15
7 6
91 6
46 15
2 2
83 27
72 48
46 17
44 10
75 75
67 15
95 11
92 55
99 87
53 27
87 21
91 12
78 12
4 4
70 28
86 48
46 39
68 36
15 6
84 53
2 2
13 8
8 6
9 8
54 42
65 32
52 8
3 2
55 48
83 56
34 9
6 4
34 10
51 24
43 27
71 17
22 15
59 49
25 20
93 34
50 18
12 2
81 54
68 65
76 27
74 48
37 16
53 30
26 24
19 13
48 36
43 4
92 70
97 76
61 5
85 48
48 47
44 40
13 11
19 16
45 37
68 67
8 8
7 2
35 18
71 70
58 40
34 4
34 5
33 16
88 78
14 5
2 2
98 51
82 48
10 4
57 37
47 40
32 5
81 62
38 19
28 24
76 60
62 27
88 10
7 4
48 21
21 17
98 72
60 16
14 8
75 62
14 2
48 42
36 2
47 35
63 39
68 6
58 22
95 78
33 31
45 18
68 65
33 33
32 6
45 41
41 18
34 24
67 40
74 62
33 16
11 3
15 13
57 30
63 34
44 3
8 6
93 77
88 69
67 42
34 22
100 16
73 15
70 5
5 4
43 10
35 6
5 5
48 10
25 21
4 4
55 22
46 34
70 31
52 28
42 27
54 17
6 2
2 2
24 18
76 45
32 32
12 4
57 6
24 16
57 8
8 3
84 36
16 9
100 78
96 16
54 45
64 28
58 27
33 23
13 5
96 89
38 26
32 15
63 4
95 37
76 66
61 22
30 9
65 64
36 14
63 52
26 25
29 26
29 9
44 8
39 17
2 2
31 20
34 16
2 2
68 38
60 52
61 43
56 41
2 2
93 30
5 2
75 21
76 49
20 15
11 9
30 26
62 60
12 4
43 22
88 65
93 41
64 22
62 35
7 2
88 65
75 56
60 50
87 84
98 96
52 4
54 16
91 27
13 7
30 15
42 11
77 18
45 22
46 33
35 15
96 69
89 67
32 2
97 60
31 17
51 48
49 28
77 10
72 27
10 4
49 31
95 77
6 4
89 49
24 20
32 4
61 12
37 6
16 5
25 18
12 9
53 25
24 9
70 30
70 22
85 43
40 12
72 57
7 3
57 21
18 16
51 19
78 5
10 2
81 73
95 51
73 11
46 26
62 29
22 16
26 25
24 10
29 27
93 70
51 27
13 3
67 29
2 2
34 29
38 2
32 21
74 13
43 4
6 4
69 62
78 13
29 10
2 2
78 15
67 15
64 59
72 58
84 16
79 33
68 50
16 15
43 4
54 5
73 4
42 22
52 45
85 10
12 10
100 77
65 49
88 31
38 29
28 20
71 44
9 4
18 14
13 2
80 57
44 36
25 23
46 29
78 2
87 55
85 34
95 20
56 41
92 8
60 49
23 23
20 8
42 5
27 17
9 4
82 40
93 10
54 49
55 5
76 21
86 18
16 2
54 44
49 40
43 38
73 71
6 5
65 13
2 2
24 11
59 38
36 29
80 73
31 24
87 10
76 10
83 54
64 47
49 13
90 67
90 4
69 7
47 42
62 21
67 47
4 2
42 28
30 21
40 34
4 4
66 42
28 25
37 11
88 10
63 36
53 16
26 16
12 12
11 11
67 46
88 37
57 8
69 66
84 78
7 4
87 32
78 44
53 22
5 2
13 9
96 13
34 7
97 51
43 19
7 6
27 8
31 16
100 40
5 4
51 41
43 20
98 37
4 3
64 25
72 22
86 36
71 29
27 19
82 9
89 53
84 56
77 65
100 79
46 26
29 29
71 7
81 22
15 3
73 38
63 53
66 13
84 3
90 11
33 25
56 40
85 43
69 33
40 39
20 3
43 2
33 6
47 47
29 10
85 28
36 28
66 24
58 58
89 34
16 3
55 31
52 14
20 13
21 6
43 3
22 14
95 47
42 9
53 38
16 10
80 55
91 22
67 40
89 27
68 30
7 5
98 6
61 48
77 53
9 8
87 54
97 64
45 16
45 12
83 29
47 43
70 55
62 55
4 3
30 16
25 9
40 3
87 27
27 12
80 68
20 15
93 63
25 17
17 16
24 20
92 56
39 6
75 40
46 32
90 64
48 41
18 5
15 13
48 33
96 64
35 16
22 11
66 10
92 14
3 3
65 42
49 8
24 14
70 28
92 88
57 28
99 35
2 2
93 66
38 21
58 5
84 25
17 9
18 17
76 27
32 17
8 2
70 15
74 64
67 21
56 33
52 17
22 5
10 9
90 2
34 8
57 50
97 16
41 18
91 49
10 9
88 35
24 2
92 11
50 50
91 87
14 5
55 35
85 37
18 10
37 16
56 22
79 43
39 20
53 42
45 41
66 40
52 41
79 34
66 11
10 7
76 65
6 2
7 6
84 82
10 2
45 7
73 53
56 22
11 6
5 3
2 2
77 15
69 39
74 18
3 3
40 4
51 30
7 5
90 9
70 54
24 12
61 14
85 78
30 30
28 20
52 28
81 50
61 45
12 4
2 2
90 36
27 8
99 24
14 13
85 28
98 34
65 12
25 20
36 7
59 9
14 8
45 38
41 22
47 29
18 12
18 4
74 65
84 77
14 3
58 23
79 36
89 24
35 27
68 27
87 25
43 20
87 5
55 23
39 17
22 12
51 15
72 27
76 36
55 42
98 60
64 22
43 41
67 55
30 10
99 47
51 5
79 65
93 73
59 19
7 5
59 13
71 30
8 2
79 41
39 29
9 6
49 17
44 44
96 6
72 4
8 2
93 33
99 96
72 48
56 7
24 22
15 8
34 30
42 36
80 72
76 76
41 27
6 3
69 67
70 37
51 39
45 12
59 35
70 61
89 14
21 3
43 37
77 27
61 18
33 4
83 38
94 70
59 4
66 57
25 12
39 23
51 18
40 30
94 77
33 3
19 14
96 16
77 41
100 53
100 53
67 23
7 3
49 13
6 5
22 7
19 12
23 2
53 5
43 3
48 25
57 6
47 47
56 2
59 18
30 3
25 7
100 33
17 6
36 28
7 4
61 24
61 32
58 20
34 7
56 30
46 26
82 7
69 63
12 10
35 10
5 3
15 9
81 63
53 18
96 29
72 23
61 35
52 29
34 29
25 8
28 6
58 9
35 18
76 11
39 9
99 59
10 6
35 7
46 35
45 39
83 80
62 14
50 47
81 61
14 2
36 7
58 46
85 2
81 60
14 10
89 70
9 3
99 54
17 2
12 8
53 32
36 24
20 16
20 14
53 32
89 80
20 17
52 46
48 16
46 19
93 34
37 5
61 17
86 38
29 24
18 7
98 58
92 55
96 79
55 24
49 11
6 6
37 19
25 7
68 63
40 31
53 5
77 53
5 4
11 4
12 8
9 5
34 18
90 6
86 39
5 2
53 3
69 45
15 13
79 29
58 24
56 27
38 3
82 7
88 21
82 63
67 66
63 28
43 30
25 4
33 23
80 41
51 31
81 61
35 21
29 23
73 49
33 33
36 19
5 4
93 86
40 19
69 43
12 10
99 40
19 18
34 34
29 25
77 3
18 11
34 30
91 21
76 11
8 4
55 20
43 24
61 33
38 10
29 6
77 12
50 34
94 36
71 16
89 81
39 34
24 2
39 30
78 33
44 31
87 57
75 3
7 4
23 17
42 17
53 3
30 23
19 15
73 4
47 14
24 12
74 46
44 33
37 19
35 2
14 9
8 3
84 29
51 12
12 7
5 3
45 45
20 4
44 2
63 38
35 2
28 5
41 6
51 18
35 7
58 21
13 10
20 16
8 2
13 3
92 53
48 36
74 48
32 10
13 12
71 60
58 22
61 51
40 24
5 3
36 30
79 33
87 31
86 86
54 9
74 28
49 22
52 11
24 23
85 25
26 18
45 16
53 2
18 18
50 3
34 25
56 34
35 22
11 10
28 5
17 9
29 11
9 3
95 29
26 6
10 6
91 39
7 7
64 43
2 2
93 91
38 17
49 14
42 27
50 7
92 89
21 2
86 4
18 18
44 36
26 23
22 15
61 14
31 10
90 26
34 34
82 58
61 32
6 2
52 22
58 57
16 16
51 15
26 4
54 31
74 6
48 14
90 35
76 49
67 45
27 26
87 17
31 21
59 34
100 66
51 31
77 25
85 39
42 39
14 8
85 84
9 3
100 34
36 4
80 62
76 10
35 30
40 11
72 15
45 26
46 4
88 44
11 6
64 21
82 18
27 8
23 14
80 41
17 5
95 60
7 3
6 3
2 2
79 52
71 29
19 2
79 74
65 55
51 46
84 40
57 4
88 37
96 24
10 8
67 6
46 45
20 7
72 4
51 23
40 7
65 35
21 16
63 42
87 39
6 5
36 17
59 4
73 20
68 3
45 39
89 20
52 47
74 9
80 14
91 60
49 44
11 5
90 90
97 24
83 9
59 33
20 5
53 36
20 13
60 4
75 51
75 43
47 3
39 21
4 4
68 66
27 10
25 19
83 59
37 29
16 8
69 22
41 2
82 81
100 45
55 42
6 5
13 11
52 49
89 23
73 63
52 4
86 51
97 8
25 12
44 3
11 3
13 2
28 25
28 9
40 8
9 2
40 18
56 39
98 60
45 11
90 52
10 7
46 21
9 5
68 8
65 15
29 18
10 10
83 7
13 11
38 17
25 18
81 54
56 25
93 25
73 61
43 8
74 72
46 13
98 27
66 46
43 18
70 15
29 21
80 12
68 58
46 45
22 4
32 18
47 7
25 7
27 4
88 84
75 66
90 66
39 20
29 22
86 85
93 76
12 11
32 21
80 12
91 60
25 7
10 8
13 11
27 16
65 29
13 12
26 19
76 45
33 14
65 4
100 20
96 67
89 69
26 4
43 6
12 9
3 2
44 7
50 5
85 38
91 62
59 32
88 32
64 10
3 2
42 10
98 36
53 5
25 25
90 12
5 5
20 20
55 48
51 10
23 20
50 45
57 6
70 70
68 2
90 27
55 52
95 44
53 4
30 11
41 39
24 24
10 6
63 52
2 2
75 51
3 2
34 26
28 24
87 79
49 22
31 12
34 20
90 80
11 8
86 62
63 31
69 39
28 5
99 22
92 92
31 7
62 4
84 55
18 7
68 67
28 3
8 4
26 8
78 76
77 24
17 8
36 14
81 26
37 26
4 3
80 17
89 47
36 6
71 35
43 21
52 51
10 10
65 58
8 4
51 34
79 72
37 20
6 2
72 9
28 9
31 27
8 4
22 14
100 81
98 13
80 13
65 25
95 59
53 28
99 2
87 43
97 90
27 17
21 13
41 23
41 36
71 45
48 26
85 39
58 36
22 5
67 41
91 67
12 5
60 47
29 16
65 65
96 77
42 17
78 50
97 65
18 15
8 7
7 4
78 19
60 29
72 66
43 19
14 7
68 7
63 59
66 26
3 3
90 11
77 29
7 4
10 10
90 84
28 19
49 16
56 53
42 19
74 49
66 12
14 5
37 6
61 52
14 9
63 39
48 28
16 3
48 29
90 48
75 55
71 52
72 33
3 2
93 61
45 38
39 17
31 13
78 27
5 5
22 17
39 31
22 17
9 7
52 47
18 9
43 19
82 39
92 19
30 7
83 12
24 17
41 31
45 16
15 4
49 23
84 56
74 12
14 13
66 24
41 19
61 60
72 36
86 85
98 98
20 2
64 5
26 15
25 22
81 35
81 74
84 14
85 33
47 36
39 2
96 38
97 32
72 14
67 36
26 4
11 7
12 7
55 8
59 13
16 15
76 71
80 33
81 10
69 47
17 14
79 10
95 95
36 27
2 2
28 5
82 13
39 8
3 3
100 36
25 18
17 15
82 38
39 39
57 30
12 4
71 38
25 20
81 63
31 25
86 46
9 3
26 13
54 26
59 51
53 52
46 35
62 60
92 53
22 17
68 37
20 8
44 21
37 3
24 23
47 45
92 57
14 14
36 13
58 21
6 3
20 19
22 7
59 10
86 76
19 18
100 30
61 6
50 40
68 41
68 48
92 82
84 20
19 6
27 6
84 66
65 39
62 51
73 6
75 19
14 11
4 4
38 31
35 24
62 37
72 23
53 24
65 4
96 12
78 75
6 2
97 78
60 18
79 8
44 4
68 32
52 42
99 41
11 11
30 25
40 19
52 5
10 9
41 7
50 36
31 22
55 5
52 12
29 6
37 31
94 87
27 27
66 39
55 18
30 30
95 61
83 81
65 33
62 60
92 10
94 35
93 10
68 5
63 38
62 48
55 21
95 88
100 29
32 22
61 19
94 37
95 29
50 44
36 6
69 38
87 37
49 13
38 4
14 3
60 24
84 74
50 31
81 22
41 15
99 60
99 29
2 2
71 40
96 85
72 34
24 23
78 33
90 87
49 8
12 3
38 28
43 31
46 5
21 11
89 69
43 27
24 20
36 18
25 14
66 42
3 2
70 4
78 19
24 6
32 4
99 48
47 2
60 16
80 33
17 16
19 6
11 8
66 29
5 5
2 2
72 23
15 6
17 7
49 24
82 63
46 27
54 47
86 48
69 46
57 13
24 21
33 12
50 26
14 7
95 21
37 21
56 55
70 14
47 45
95 28
40 9
6 2
86 43
57 35
49 40
18 13
60 56
96 45
78 20
49 40
14 12
56 16
29 5
49 39
84 72
13 7
86 57
33 4
13 9
50 30
31 5
29 23
49 7
64 61
70 47
92 75
16 8
57 45
47 36
22 22
40 28
27 27
40 34
34 27
42 12
29 9
21 20
41 13
7 4
63 62
29 24
77 48
22 21
57 3
8 7
55 30
35 20
54 49
30 12
52 11
35 34
76 14
94 94
25 23
71 18
52 21
56 9
86 81
16 4
46 10
77 35
58 37
95 81
13 6
31 30
27 13
57 32
65 16
97 68
52 48
16 4
67 52
82 8
45 10
45 34
91 46
97 7
48 31
70 33
23 11
58 23
52 37
9 3
94 30
62 49
15 4
6 5
88 29
66 60
28 14
50 34
17 8
91 39
50 32
83 77
12 4
14 14
88 74
41 28
17 17
49 19
18 12
12 5
27 23
65 2
52 14
35 22
23 15
40 30
90 52
11 6
91 4
69 41
34 18
11 11
81 28
18 9
4 3
85 27
42 27
53 12
43 25
67 19
71 71
11 8
86 38
91 88
64 49
54 19
41 40
96 11
86 66
68 53
40 31
54 49
8 3
56 34
51 11
8 5
67 65
12 8
68 4
58 15
22 12
38 34
58 48
41 18
20 5
75 10
32 18
67 32
46 8
75 50
23 20
51 16
93 16
38 19
91 3
19 9
87 67
36 30
59 28
50 4
71 6
83 38
56 16
67 19
81 49
52 29
71 30
15 12
18 5
95 31
90 41
62 43
57 49
74 62
55 3
64 24
4 3
48 13
22 9
72 31
98 86
15 9
6 2
50 32
44 18
65 47
83 55
12 12
34 2
95 24
82 82
75 46
57 10
29 23
39 18
52 2
43 24
73 38
48 31
72 66
61 27
39 9
55 17
54 47
6 4
12 2
44 9
80 35
16 11
38 29
26 11
98 64
62 62
100 81
70 17
48 13
7 7
95 86
16 15
11 3
50 4
63 25
97 88
69 33
82 44
4 3
55 54
21 11
64 64
34 34
98 8
90 44
90 53
54 7
42 32
54 31
64 21
89 60
67 20
25 19
62 15
12 4
37 9
67 45
6 5
85 34
55 6
35 30
83 44
50 49
36 32
91 39
47 20
17 5
73 72
64 23
50 44
30 14
7 4
74 73
28 21
66 9
58 32
68 66
5 4
59 57
37 23
64 31
99 81
12 9
32 20
68 64
43 30
100 81
95 87
76 58
62 27
86 7
22 8
24 17
87 9
3 2
68 4
65 31
13 9
57 28
26 23
40 19
69 26
7 2
31 28
37 14
88 15
84 33
85 52
16 16
14 8
25 25
32 7
92 33
38 34
18 11
92 91
75 34
6 2
59 26
36 2
18 13
88 34
27 5
96 84
63 37
9 6
4 2
2 2
37 31
29 4
62 18
65 47
46 10
14 13
68 35
30 14
97 52
58 9
79 68
45 32
49 34
87 68
69 39
71 67
24 15
58 58
12 12
85 41
46 5
91 79
60 29
28 11
77 5
100 70
65 46
99 65
78 24
84 3
68 17
19 13
59 35
42 34
33 21
37 15
91 27
22 22
72 52
41 10
22 4
79 58
7 5
25 13
20 5
36 24
75 15
47 30
25 11
74 70
62 38
53 51
45 27
36 26
58 47
6 3
88 74
72 42
54 28
69 54
76 68
22 21
35 22
38 23
95 22
63 34
35 16
51 3
50 34
38 35
53 43
66 58
98 11
47 20
57 45
60 55
44 37
29 9
49 30
45 36
10 6
7 6
85 62
15 13
84 64
51 6
96 77
10 8
37 3
61 27
81 78
96 17
53 3
87 65
89 76
42 27
28 24
51 41
23 9
82 64
48 29
100 94
68 8
72 22
52 38
33 12
45 32
39 27
44 4
47 15
44 25
16 13
16 12
28 22
38 32
42 4
87 46
72 11
59 46
74 12
56 52
82 35
70 31
78 9
16 10
30 15
12 7
61 20
61 14
46 5
79 64
82 77
88 10
13 5
23 11
3 3
42 3
90 24
61 27
55 37
36 29
19 9
8 5
86 76
57 57
58 34
65 17
13 13
25 24
41 35
7 4
69 15
61 46
40 9
9 3
6 3
19 18
86 41
17 11
8 3
77 3
36 17
30 19
26 6
39 5
54 49
45 15
53 33
5 5
62 36
32 4
79 5
100 13
37 35
81 64
66 57
42 30
82 46
77 18
81 77
61 59
34 24
18 15
29 5
56 53
32 17
49 15
75 31
81 17
35 2
43 43
99 38
81 15
61 5
69 55
23 13
32 15
98 91
86 75
67 47
46 43
43 16
7 6
35 34
54 32
18 6
13 6
12 4
14 10
79 6
37 22
43 27
38 11
51 11
41 27
23 11
27 22
91 75
50 29
8 5
17 15
71 12
18 16
61 42
55 23
51 23
69 33
19 12
6 3
14 9
58 24
41 11
73 33
63 63
12 5
10 2
89 77
54 35
14 12
44 18
10 4
63 51
54 47
23 5
78 5
40 23
14 10
27 9
65 47
17 5
93 11
41 34
85 72
85 71
67 62
11 5
33 29
5 3
8 3
24 22
22 15
44 13
53 12
47 25
75 47
30 30
96 92
68 24
81 61
45 12
3 3
78 43
44 44
54 18
33 23
28 10
94 40
71 67
67 50
69 60
69 51
41 27
9 4
66 58
88 68
3 3
60 8
31 21
26 8
51 35
44 8
83 78
19 12
98 5
29 7
81 53
76 76
61 52
58 48
11 3
52 33
100 38
21 11
7 2
25 4
95 34
42 26
59 36
80 38
22 17
27 10
26 15
89 30
62 31
19 3
10 2
28 8
42 2
64 4
11 9
80 67
60 44
27 9
78 75
29 26
10 7
20 10
58 26
36 36
35 19
5 2
60 41
18 8
20 13
57 34
15 14
25 9
8 8
27 18
77 31
7 2
91 73
94 14
25 18
94 53
43 22
70 8
33 18
75 23
99 98
94 52
74 14
66 8
61 51
28 22
13 7
20 5
28 14
54 5
44 39
49 14
40 35
4 4
17 7
30 2
95 34
12 7
53 49
93 77
5 3
85 54
83 32
38 30
69 6
25 5
42 41
6 4
81 55
86 3
91 8
21 21
94 13
31 11
98 91
30 13
53 10
13 13
67 40
24 13
56 34
66 40
70 41
34 29
83 53
5 4
33 5
5 5
44 31
73 2
37 20
33 24
94 3
92 43
26 18
45 34
43 21
20 2
76 70
79 38
81 74
96 16
30 24
77 39
52 30
18 6
8 8
82 60
36 8
53 2
58 58
50 48
33 2
14 11
45 4
27 8
95 67
34 12
9 9
23 2
58 6
83 68
58 58
22 9
74 34
46 11
18 8
22 16
60 51
46 11
4 3
8 8
41 31
41 23
91 6
35 24
62 32
76 43
90 43
29 5
9 3
97 2
25 15
89 8
32 24
31 18
29 10
17 8
100 65
70 16
67 64
13 7
95 46
60 15
73 46
33 28
11 11
62 55
95 40
80 41
4 2
23 13
23 3
59 56
93 41
90 33
50 41
7 4
50 7
80 2
30 8
80 68
100 87
6 3
13 8
80 42
62 45
75 24
71 52
86 27
41 18
11 9
9 9
14 14
78 17
86 34
91 84
16 16
59 50
39 10
43 18
15 7
67 10
29 5
68 28
84 70
95 52
27 13
61 3
12 6
35 18
39 29
44 41
71 15
11 11
55 32
32 21
55 55
97 86
52 5
33 18
78 48
41 21
5 2
27 25
13 9
64 27
97 96
69 48
72 3
69 60
22 18
38 10
25 18
63 48
83 13
80 4
11 10
22 21
38 12
16 11
34 21
13 12
9 5
86 73
25 23
39 22
47 30
98 15
81 50
76 68
19 14
51 30
5 3
2 2
78 48
80 55
3 3
17 3
18 5
98 12
81 69
26 9
9 2
93 9
75 9
68 5
82 27
23 17
30 27
99 89
76 34
11 3
22 16
73 10
98 43
17 6
75 12
55 38
59 41
52 10
91 17
72 30
68 54
28 20
66 7
59 59
81 39
63 24
87 57
52 12
53 34
65 23
16 7
37 8
4 3
87 78
8 2
82 23
28 15
36 31
69 66
91 38
71 34
49 38
30 6
71 32
82 15
47 46
34 15
18 8
92 52
38 10
94 31
65 38
70 12
71 25
17 4
44 4
40 32
75 31
60 51
92 25
86 28
49 23
25 2
87 30
46 31
21 17
86 30
53 33
16 7
54 12
21 14
37 34
34 31
16 9
36 14
96 11
52 9
95 51
47 32
26 6
83 2
37 24
81 20
17 8
88 88
13 4
86 81
51 20
74 39
69 68
66 44
66 60
65 26
7 6
11 3
27 15
81 33
83 39
12 9
22 18
36 14
18 8
12 2
98 63
23 13
72 29
65 44
74 49
11 4
86 39
14 12
79 68
74 69
24 6
61 27
48 16
22 6
89 83
29 22
81 28
40 19
16 7
98 67
95 35
2 2
88 83
23 17
69 16
37 21
47 30
48 9
53 36
96 92
61 49
34 10
74 37
3 3
16 12
66 52
94 92
9 6
9 9
80 52
19 5
2 2
9 3
66 27
50 30
22 8
4 4
74 43
100 92
57 32
67 37
32 16
38 18
43 27
51 41
63 29
64 5
29 9
89 63
8 7
100 30
17 8
83 67
44 5
56 44
49 10
78 9
23 6
82 60
61 58
74 57
29 3
61 49
66 43
8 8
23 6
44 2
58 26
92 63
47 16
68 32
81 60
24 5
88 79
16 6
2 2
74 58
11 2
96 54
84 57
94 71
43 25
87 56
63 40
60 50
34 28
25 20
56 17
45 20
83 24
28 8
77 17
72 49
93 53
18 5
17 7
60 55
5 5
4 3
65 44
29 27
77 74
33 26
33 4
79 41
84 8
57 48
25 16
85 55
9 4
45 7
78 7
98 94
95 8
67 8
38 15
49 4
2 2
31 30
12 3
19 12
32 12
15 13
43 23
56 4
27 7
76 12
83 15
12 3
79 11
55 24
71 24
9 3
48 27
42 8
67 56
92 38
30 6
14 11
54 36
35 16
94 28
24 7
21 16
56 18
100 100
75 47
95 14
38 21
68 45
84 10
97 61
26 8
87 42
45 31
67 50
15 8
92 77
48 11
3 2
14 12
79 20
55 14
69 52
75 54
89 61
32 13
46 8
28 2
94 75
43 25
49 3
38 14
53 15
53 51
16 10
4 4
58 43
53 23
9 4
14 10
32 29
77 27
14 10
86 33
34 24
32 29
94 79
31 7
72 19
21 15
17 4
99 89
72 59
30 30
87 72
25 10
96 22
4 4
13 2
44 29
76 31
9 8
10 4
86 79
80 14
76 25
61 57
83 66
33 25
7 7
32 26
52 16
72 48
8 6
42 10
39 3
61 3
7 7
75 18
23 3
42 24
64 17
33 26
21 8
61 9
65 23
31 30
30 21
29 8
64 57
99 80
6 2
4 2
56 12
54 39
95 59
3 2
43 41
3 2
15 12
25 7
48 16
26 11
93 5
99 63
9 5
70 37
74 30
41 36
24 23
54 9
44 39
42 28
8 5
52 28
23 14
43 24
29 25
57 30
57 46
40 10
32 26
50 5
100 43
57 10
49 47
94 78
86 26
16 16
38 26
9 3
69 17
11 6
13 2
69 66
31 31
23 15
49 46
22 7
48 13
5 5
73 29
81 22
54 32
19 13
91 5
81 47
45 42
91 79
94 41
59 55
21 16
60 47
72 71
67 19
64 43
53 34
45 8
49 31
16 8
63 62
40 19
54 24
95 27
78 8
71 64
81 51
75 11
81 47
62 47
84 45
63 28
24 23
10 3
31 13
65 63
13 11
74 68
22 16
33 27
4 2
100 64
77 76
75 25
84 45
98 43
24 11
84 21
43 42
37 18
59 24
92 91
65 63
34 2
8 3
36 28
34 3
71 44
58 46
61 39
55 55
5 3
81 60
5 5
59 24
23 20
24 14
95 64
99 89
55 33
51 4
38 13
41 10
91 21
63 57
64 56
31 17
93 3
52 20
26 3
14 10
12 4
72 11
85 3
82 57
40 9
73 70
68 14
19 8
83 72
31 28
58 7
83 79
51 36
59 37
46 30
53 43
79 12
34 10
40 30
20 5
92 3
70 15
93 89
83 30
76 37
57 38
54 22
65 64
99 50
66 52
88 86
17 7
91 66
71 44
33 8
64 2
31 24
20 17
6 6
56 38
43 27
66 27
100 86
46 8
58 16
53 17
72 6
66 18
57 11
70 49
5 2
20 4
68 3
86 25
51 30
51 10
87 13
81 74
88 26
76 8
12 4
28 25
25 8
27 20
5 5
33 15
62 6
54 46
56 44
92 49
55 16
17 9
4 3
25 23
58 38
41 37
30 25
10 7
16 14
70 37
23 6
89 10
26 8
40 22
70 33
100 98
27 2
24 23
5 4
6 6
34 33
88 82
31 2
92 14
93 15
8 2
3 2
40 27
24 21
31 12
100 83
60 38
71 48
36 11
88 46
3 2
36 27
31 15
64 42
81 76
3 2
26 2
25 18
100 30
10 7
85 50
97 56
90 14
89 52
63 34
2 2
52 39
80 78
32 12
81 51
39 7
100 22
5 5
43 24
69 55
4 3
26 12
84 35
97 80
20 16
84 55
51 6
60 32
62 18
31 30
94 3
97 52
24 14
46 15
30 9
19 5
51 15
38 18
50 30
57 56
55 22
66 31
17 14
61 50
19 11
31 19
6 3
35 35
34 26
28 23
89 10
4 4
52 26
59 4
80 46
3 2
14 8
27 6
97 21
35 35
54 40
86 47
19 2
40 4
47 18
50 41
86 36
53 25
97 78
73 63
97 21
66 55
92 58
77 16
24 19
84 67
68 45
45 25
28 16
59 10
87 81
6 3
58 40
49 35
96 85
4 3
38 2
50 26
72 66
92 68
57 38
17 14
69 3
30 15
99 54
67 42
34 13
22 2
90 84
19 15
32 10
32 6
98 3
72 18
30 28
52 10
61 49
91 88
8 2
98 40
20 13
67 64
90 25
19 10
13 2
30 12
87 40
38 34
83 55
79 41
67 16
58 18
48 5
43 28
83 15
77 77
35 7
32 21
40 9
10 2
32 20
66 53
84 10
19 9
52 51
29 24
65 61
35 23
73 12
46 7
39 5
80 45
6 4
21 18
8 5
83 60
69 15
23 17
69 54
93 55
54 39
65 54
47 17
82 78
41 20
4 4
95 32
44 19
29 22
92 75
27 17
39 24
65 33
69 5
96 76
45 3
58 58
20 16
44 14
23 3
98 32
76 28
29 9
56 30
57 6
5 5
27 20
80 17
21 6
98 86
5 5
20 2
6 5
35 19
83 17
71 36
42 25
24 7
11 2
22 13
79 29
72 14
91 28
46 38
10 8
78 73
98 92
28 8
57 30
11 9
47 38
77 59
11 7
46 46
79 10
85 78
69 47
68 65
13 10
67 44
95 32
17 12
9 6
31 17
17 9
75 72
25 14
25 15
63 60
47 10
28 8
38 21
20 17
18 14
95 25
97 66
3 3
9 3
32 12
66 46
37 23
15 6
90 73
78 15
48 7
83 32
28 27
22 9
43 43
9 4
24 13
54 38
45 8
19 14
32 18
64 48
2 2
14 13
84 55
8 6
98 35
28 3
93 7
55 19
36 30
52 27
36 19
100 40
22 18
69 11
27 14
77 60
96 2
27 3
43 29
17 4
55 4
23 8
47 11
66 47
15 5
75 54
25 14
69 40
68 58
11 11
31 22
92 17
80 18
54 39
69 69
90 2
2 2
68 40
65 57
88 42
44 40
34 27
33 28
10 4
92 52
34 14
95 63
31 13
7 6
19 16
21 10
89 9
41 24
92 7
4 3
31 28
73 64
24 12
16 6
52 18
75 42
17 4
56 43
65 23
26 11
77 54
22 15
9 4
37 31
93 28
89 44
42 14
30 27
57 55
25 23
3 3
46 17
65 20
97 48
3 3
37 35
68 27
63 2
12 12
67 48
85 73
29 6
87 50
55 37
45 39
78 78
60 35
36 4
14 8
35 17
55 52
29 25
46 8
61 41
21 20
58 30
64 33
94 29
72 49
68 48
97 24
90 72
75 11
66 21
66 23
74 67
74 58
34 17
47 6
57 15
10 3
55 6
71 26
2 2
89 73
61 40
24 18
13 10
74 20
31 4
43 31
76 67
99 73
33 28
41 37
59 10
74 25
88 5
18 10
85 67
71 58
57 11
20 3
39 28
35 18
14 11
17 3
27 7
80 60
21 13
21 3
42 7
16 14
37 28
72 5
53 14
26 19
57 16
51 19
13 5
11 6
88 38
93 21
8 3
83 42
29 12
25 21
64 57
28 10
81 33
44 31
61 42
25 14
18 10
41 27
32 19
7 6
72 29
61 7
96 62
73 39
73 42
61 37
63 29
97 79
92 74
58 52
21 8
62 54
3 3
82 51
8 3
62 59
2 2
7 7
9 3
73 73
89 22
8 4
19 9
17 16
72 36
10 8
68 53
66 65
89 37
14 14
83 14
39 2
73 61
91 86
43 43
87 8
44 17
17 14
60 50
58 22
83 52
92 18
77 67
58 3
34 24
67 34
62 26
4 3
57 40
59 2
36 16
83 4
64 29
23 6
100 4
41 30
61 28
46 16
35 24
23 2
6 4
67 13
67 44
45 31
71 54
11 9
78 13
34 12
79 79
18 5
20 4
36 24
31 19
62 18
48 33
38 30
23 11
32 20
35 8
57 4
7 2
5 4
40 15
22 11
38 13
80 77
52 18
7 2
37 34
49 13
37 11
45 8
64 39
83 46
39 22
15 11
56 13
98 77
33 14
18 13
32 8
100 75
11 9
22 21
67 7
43 30
18 2
20 7
52 45
96 85
49 32
68 11
20 16
49 12
48 2
3 3
31 4
84 72
22 9
72 11
29 17
79 56
3 3
31 29
98 84
21 12
31 16
61 7
82 66
41 19
19 2
21 11
7 4
37 13
20 20
25 16
2 2
22 2
41 39
11 4
35 18
17 3
5 2
59 9
77 42
46 15
98 84
92 77
45 32
4 4
52 5
85 73
14 4
4 4
37 4
43 2
36 20
3 3
98 39
4 2
81 79
76 17
25 3
19 7
68 48
75 7
16 9
36 5
37 14
74 40
32 22
58 29
95 26
83 6
25 25
46 25
8 6
72 9
89 43
6 3
71 4
13 8
91 33
63 37
33 31
82 55
80 21
67 65
10 9
75 8
74 56
55 53
95 9
90 29
63 32
52 25
22 4
75 57
56 50
35 3
24 19
17 15
86 32
86 78
35 14
81 41
10 2
80 43
33 9
40 16
71 25
21 18
24 15
80 6
12 4
53 24
92 77
82 11
96 23
66 29
88 3
4 2
84 3
6 2
97 40
34 32
64 57
96 20
49 27
85 61
68 17
83 54
24 3
83 5
7 5
67 58
19 8
2 2
53 15
49 20
11 5
96 45
30 15
40 14
23 17
52 19
61 34
84 4
63 15
93 83
96 88
26 4
35 21
63 63
20 19
10 7
42 12
10 9
11 2
63 15
96 28
65 37
10 4
78 37
87 82
73 42
71 18
13 8
77 16
58 29
43 40
62 41
63 34
54 4
16 7
42 41
12 4
26 17
82 51
92 69
92 91
53 20
73 62
50 23
18 13
60 40
77 47
4 4
77 30
39 33
50 40
57 53
58 14
63 29
20 19
64 14
47 43
50 20
41 3
24 24
47 32
83 3
15 13
7 3
48 36
2 2
85 21
41 27
69 20
6 3
82 54
7 6
80 68
51 51
9 6
25 10
99 50
99 69
60 40
54 12
99 85
66 31
77 61
89 37
39 27
10 2
15 5
96 28
12 11
42 28
24 22
25 5
87 70
91 64
27 6
34 5
87 7
39 12
89 30
4 4
51 42
2 2
16 14
33 26
4 2
25 10
95 53
42 28
8 6
17 16
82 43
39 24
28 11
100 11
69 17
36 24
91 16
53 25
34 34
49 30
96 51
13 6
22 9
5 2
6 2
3 3
3 3
2 2
39 28
14 5
43 21
44 11
36 32
47 3
19 14
71 62
33 25
35 31
33 5
58 49
17 4
87 38
47 17
71 13
29 8
28 11
21 2
78 60
91 28
24 23
52 44
89 87
28 7
90 35
2 2
99 61
90 61
84 60
13 10
49 33
66 35
21 5
9 9
41 17
67 51
81 49
46 45
57 37
16 15
77 58
38 17
7 5
83 64
76 8
10 5
70 4
51 26
28 14
79 63
80 14
33 23
58 54
21 13
50 24
62 44
10 4
36 24
86 50
78 70
74 5
10 2
34 12
85 19
25 8
2 2
96 54
36 21
50 10
63 14
49 41
52 25
42 28
68 20
44 2
82 31
100 75
73 53
61 28
90 53
45 5
98 56
94 15
21 5
69 5
15 14
98 72
55 33
28 12
91 55
31 14
99 73
11 10
23 16
8 7
19 19
9 4
2 2
60 31
56 49
80 47
54 9
94 29
89 16
37 35
29 19
62 9
12 12
13 4
93 34
22 5
95 89
88 48
67 4
26 18
8 4
23 20
15 9
38 13
63 54
79 11
70 63
63 17
90 71
2 2
87 66
16 14
65 33
61 10
36 23
5 4
7 2
47 25
96 68
52 10
28 10
52 4
31 10
47 23
92 29
71 53
61 56
94 33
33 13
44 44
97 24
15 7
40 39
61 50
25 20
65 45
83 23
22 7
80 3
8 4
11 4
44 15
21 11
10 2
6 2
53 12
26 7
67 31
72 61
60 57
33 5
28 4
73 45
83 24
67 32
32 10
64 9
99 30
15 8
81 40
22 9
91 39
20 12
8 8
70 28
50 24
67 15
54 33
31 29
60 47
53 24
53 3
67 41
87 50
58 23
47 31
68 60
32 20
86 3
33 14
32 15
53 19
12 6
80 45
9 9
33 18
8 6
44 12
89 59
15 15
4 3
54 26
17 17
75 57
17 5
45 17
45 23
32 9
75 19
31 23
3 2
52 48
26 19
94 11
20 9
87 63
58 11
38 7
46 23
80 14
68 23
10 2
99 13
36 7
5 5
86 68
98 69
26 14
98 4
34 15
37 4
11 8
95 9
32 22
49 5
75 9
36 13
73 71
46 24
14 5
71 28
98 7
43 18
32 9
71 56
50 43
63 43
6 4
85 73
69 52
96 86
46 32
28 17
29 29
95 90
42 2
60 37
46 14
55 10
93 55
97 83
41 10
40 16
5 4
23 12
40 6
32 32
7 4
31 27
62 4
90 86
96 94
18 8
95 83
32 10
86 2
56 48
27 7
69 55
56 30
28 13
92 8
100 83
70 31
86 56
81 34
34 7
81 75
62 20
24 6
84 53
3 3
80 10
45 21
26 2
49 32
99 29
85 23
67 9
78 43
61 3
58 7
60 47
17 17
8 7
83 49
72 72
91 5
82 73
72 41
33 27
59 31
50 33
53 45
57 49
71 17
59 16
98 5
93 14
17 11
76 30
49 15
86 7
43 42
87 41
73 14
28 12
3 2
99 80
23 15
68 65
76 64
10 2
2 2
2 2
87 84
45 24
100 86
32 25
5 3
87 70
52 5
26 11
12 7
81 34
44 21
88 49
61 26
67 10
59 26
59 53
58 53
57 40
98 12
79 76
81 60
12 12
88 87
44 5
88 18
8 5
71 64
66 61
10 3
94 7
97 78
96 89
4 2
11 6
79 54
55 16
19 11
73 33
26 22
72 43
63 30
16 4
11 7
81 27
87 46
96 13
77 27
80 56
80 14
41 19
2 2
34 10
20 12
93 32
88 27
78 7
94 8
97 84
44 13
16 14
64 12
98 36
69 27
91 30
49 15
9 6
87 66
22 3
4 4
77 4
76 51
73 73
69 45
82 58
75 56
99 94
91 44
39 21
20 7
71 45
81 62
41 4
93 85
85 31
42 17
38 38
53 42
58 8
3 2
54 2
2 2
36 34
78 40
52 45
10 7
80 6
48 32
61 41
28 10
35 18
52 44
72 25
5 4
65 21
50 26
34 21
13 11
59 54
91 73
39 5
71 11
81 6
7 7
47 23
4 4
17 17
21 17
44 23
51 19
17 9
13 5
39 32
16 8
93 40
67 33
96 60
71 3
68 40
14 4
72 21
97 91
62 30
63 29
54 43
35 10
37 19
61 4
41 16
86 24
24 19
99 39
88 8
98 68
54 30
54 54
19 12
79 43
22 13
52 40
17 11
33 23
81 3
36 19
49 36
76 15
37 18
81 33
91 10
88 36
37 14
82 38
52 7
99 83
48 9
30 12
95 55
27 17
66 6
93 93
97 55
30 16
80 2
34 32
32 25
57 40
80 59
40 25
46 8
67 44
54 23
96 51
96 56
38 4
97 55
60 22
46 9
67 29
62 48
36 15
20 2
14 4
33 14
96 59
17 9
2 2
72 39
51 42
63 20
34 15
13 10
32 10
91 45
48 13
51 41
65 29
32 19
43 7
4 4
91 25
100 40
85 29
78 43
21 12
76 28
46 2
80 3
50 14
56 53
37 14
18 18
69 18
70 19
81 22
50 43
51 5
47 6
36 3
67 56
61 45
71 40
57 44
71 53
67 50
87 38
45 13
64 54
12 8
74 51
70 34
3 3
83 72
31 19
63 12
36 31
85 8
67 21
55 6
5 2
52 32
41 28
11 10
41 4
67 51
96 77
3 3
93 30
100 78
6 4
41 30
42 15
47 25
74 3
50 46
43 20
84 80
85 18
2 2
42 6
56 9
68 20
18 13
33 16
55 40
50 34
36 16
4 2
86 31
4 3
57 6
39 19
60 8
97 89
66 66
10 6
39 36
46 21
24 12
16 2
28 15
85 40
78 17
70 62
14 2
16 12
72 14
93 82
45 15
9 6
46 22
100 43
5 3
82 59
87 20
44 18
11 10
94 31
62 55
52 25
55 42
55 40
79 64
5 5
62 48
17 3
87 17
20 12
99 4
43 9
85 23
63 50
58 30
61 35
16 2
61 40
48 14
33 7
89 39
65 31
92 70
16 4
88 70
45 41
11 11
55 33
58 52
79 14
19 15
48 36
89 82
29 29
87 12
56 23
43 2
41 11
69 38
95 12
23 17
61 24
70 31
76 37
92 40
88 23
57 56
43 4
27 3
18 18
26 15
57 26
20 9
70 55
100 20
71 15
86 7
50 44
51 39
43 9
44 17
18 7
95 18
88 84
6 2
63 32
15 12
76 24
75 30
11 8
81 52
25 23
97 50
59 37
83 34
58 33
56 17
67 10
55 45
35 32
38 15
90 62
5 5
67 31
87 76
22 17
71 24
5 5
50 24
21 11
38 3
38 7
53 46
85 25
97 48
58 14
58 25
44 23
33 17
21 15
68 17
82 82
51 40
72 25
60 37
4 4
31 28
77 28
52 29
23 20
100 38
59 20
23 8
41 35
48 33
24 3
93 68
44 21
37 34
68 42
66 36
32 15
19 19
55 11
87 7
20 9
70 40
6 2
35 27
30 10
73 13
88 34
20 6
19 12
37 29
58 38
82 3
78 66
86 82
58 32
62 53
60 40
53 12
20 18
49 45
78 62
14 11
64 19
21 7
9 9
12 11
4 2
86 24
18 2
6 6
16 6
26 12
76 39
53 2
3 2
13 2
97 26
32 21
55 14
51 14
88 2
79 10
21 13
37 8
85 19
59 5
77 8
21 20
73 49
3 2
68 45
78 67
47 5
7 3
61 59
99 44
81 60
28 8
63 2
27 21
36 6
17 14
6 4
82 52
5 4
50 44
97 44
91 40
59 32
98 48
49 15
19 19
54 13
20 4
39 37
54 7
38 29
6 6
30 17
10 3
67 16
67 9
38 17
49 2
56 31
55 43
81 72
95 20
22 19
99 3
6 4
39 34
38 38
64 24
46 16
94 22
48 42
100 13
4 4
65 45
21 11
81 69
17 15
56 43
43 32
98 7
22 19
65 24
96 79
35 12
63 55
63 42
65 3
66 46
51 34
93 51
38 8
52 26
97 91
56 53
66 65
76 7
95 6
10 9
23 10
83 19
81 15
35 21
27 10
9 4
28 5
5 2
53 46
70 18
16 5
49 10
59 21
4 3
60 13
83 54
57 10
62 16
72 35
63 51
43 10
30 12
12 3
79 41
72 26
26 6
47 4
76 52
74 40
96 22
33 27
20 20
100 99
40 8
74 69
53 30
55 21
43 3
13 9
45 10
33 24
90 66
22 6
60 15
71 65
70 8
10 6
57 48
97 25
26 22
92 64
85 13
24 6
7 5
71 2
10 4
62 4
52 33
90 72
57 41
53 38
68 44
70 56
85 78
41 21
98 35
40 9
92 70
12 3
78 19
77 22
57 37
31 2
15 11
75 56
17 8
42 37
4 4
73 34
70 24
55 26
82 8
60 46
41 21
83 16
56 54
34 8
52 21
58 50
47 35
7 3
52 31
62 2
18 2
8 4
99 29
95 25
13 12
29 4
90 35
52 27
54 7
23 11
35 29
53 38
39 6
69 59
40 35
98 86
39 39
65 62
13 9
8 6
41 39
93 63
35 27
4 2
56 3
80 50
68 32
51 40
45 26
27 17
21 8
38 26
94 14
10 8
66 64
51 9
30 2
97 59
20 8
84 42
4 2
39 17
49 17
12 2
24 2
15 13
86 16
16 3
23 3
30 6
97 83
92 27
17 14
34 31
8 6
31 18
8 3
56 39
67 29
21 8
74 45
18 17
17 9
40 10
66 48
93 7
8 4
71 59
91 68
67 17
100 5
23 22
37 16
97 22
35 12
13 5
94 84
46 27
89 63
50 27
78 64
52 6
73 31
87 45
19 9
12 11
6 3
59 47
88 55
71 12
40 17
53 18
40 37
64 35
41 5
5 5
41 38
24 13
81 24
43 32
16 2
24 15
35 8
58 14
87 40
35 31
92 37
97 24
24 19
33 17
6 6
64 14
93 17
64 64
94 74
59 39
4 4
39 9
40 29
23 6
99 82
71 29
95 71
4 2
29 11
50 43
47 36
91 21
45 12
71 43
97 16
88 23
44 42
18 4
60 37
34 11
65 39
76 35
57 13
31 29
66 50
10 6
97 93
39 8
62 43
22 10
10 9
56 18
39 31
75 24
16 11
16 8
77 11
66 61
66 24
29 24
75 68
89 3
94 90
78 68
69 62
18 7
43 33
7 2
94 46
35 16
61 20
99 27
74 70
29 25
58 42
66 61
53 25
75 30
80 75
25 5
31 8
57 41
73 57
45 28
40 9
4 4
44 17
72 71
64 23
31 29
49 26
84 15
37 29
78 24
78 46
83 78
69 19
63 45
69 57
8 4
79 77
26 13
75 65
40 8
83 53
64 18
31 18
27 6
22 21
6 4
87 13
90 54
93 2
96 88
63 33
74 45
28 6
42 25
100 48
28 27
96 77
87 24
18 7
27 26
89 17
60 19
58 32
43 9
94 34
72 8
92 80
61 35
46 15
18 7
17 10
63 7
67 64
72 47
17 11
8 4
91 34
70 44
46 3
40 11
9 8
2 2
75 16
69 29
6 2
44 39
26 19
46 10
46 22
98 58
98 70
24 3
20 11
2 2
58 18
29 23
100 82
33 17
93 91
19 4
36 19
20 10
52 12
54 27
94 26
83 80
10 5
32 6
70 57
4 4
77 49
100 45
87 79
69 44
46 7
90 22
94 36
98 70
25 23
50 18
20 11
86 50
65 57
78 25
91 63
5 2
67 43
65 23
49 4
39 10
30 3
38 9
38 22
30 25
66 34
33 16
69 57
17 10
10 6
82 35
77 43
75 5
9 8
6 6
88 60
20 12
100 43
92 92
39 10
59 58
50 18
86 18
19 15
26 7
85 56
41 41
33 33
65 41
22 9
24 22
25 6
32 19
82 39
70 43
52 23
28 9
96 50
43 29
2 2
15 9
52 40
94 66
50 20
20 12
32 25
24 19
6 3
21 11
17 2
65 52
89 80
73 41
7 4
8 2
50 40
27 24
91 76
44 9
20 16
97 21
69 45
99 35
77 47
23 15
67 24
15 6
9 6
29 23
57 13
5 2
95 9
84 83
8 5
10 5
20 7
7 5
45 16
47 22
85 27
5 5
90 63
5 4
49 48
94 38
6 2
60 2
85 53
35 9
80 36
26 23
68 11
39 30
5 3
93 6
4 2
12 4
7 2
93 56
8 2
95 14
85 36
61 11
49 36
80 34
41 14
75 21
41 23
12 3
69 61
44 5
92 88
56 45
99 83
59 59
39 36
82 46
52 29
26 10
32 3
60 25
26 18
31 9
13 6
50 11
29 3
30 24
53 3
34 30
46 42
23 20
96 92
72 49
25 19
62 14
8 3
10 8
23 18
21 3
45 40
34 14
61 33
48 16
73 30
37 4
86 53
25 23
74 38
49 43
86 68
51 6
90 16
19 5
25 25
68 16
81 73
39 18
25 15
80 19
11 4
7 4
66 22
37 17
99 74
80 45
83 20
63 45
40 28
15 8
47 38
23 12
40 22
37 22
13 12
57 6
51 32
56 27
82 31
21 19
23 2
83 70
55 33
59 58
97 36
50 4
10 5
12 3
9 7
37 5
52 43
81 23
9 8
94 89
95 52
52 40
52 35
47 19
75 75
2 2
21 21
73 52
55 43
93 19
74 45
32 7
92 65
5 3
84 52
51 23
30 9
43 15
12 8
68 4
69 25
55 4
95 77
99 20
19 18
29 8
23 7
81 31
76 40
22 22
61 37
97 9
44 11
90 38
37 21
81 15
38 34
33 16
19 7
98 74
41 28
39 32
56 7
53 6
51 9
18 18
96 73
2 2
48 38
81 5
50 29
34 11
34 34
62 52
91 59
77 53
84 16
64 61
87 61
16 16
16 8
79 66
59 57
39 18
98 28
51 33
2 2
11 10
15 6
7 5
38 33
68 23
46 35
59 43
75 4
29 13
16 16
71 49
34 21
69 30
91 40
20 2
82 14
22 9
31 31
85 30
57 57
29 3
45 7
27 2
60 55
7 2
7 2
72 67
87 21
77 60
40 7
85 5
99 17
85 26
84 78
37 28
88 65
54 41
64 26
2 2
98 25
76 48
78 35
22 3
61 8
68 61
9 5
19 13
88 3
91 48
24 16
89 11
87 78
35 19
62 32
20 15
46 27
15 8
96 43
8 2
37 16
48 25
55 34
51 6
95 93
50 4
20 20
73 9
33 29
46 39
37 11
37 9
57 56
53 41
37 22
32 16
25 25
2 2
13 13
4 3
83 11
26 19
36 22
79 20
66 16
70 3
4 2
52 21
73 55
19 3
80 19
16 10
63 15
39 35
95 29
41 24
14 6
38 6
29 21
59 13
81 66
45 34
58 44
42 25
6 5
35 34
42 14
12 12
19 19
95 31
23 6
35 8
76 18
14 13
31 8
37 29
59 40
45 7
72 59
27 12
64 61
21 9
59 36
62 42
86 18
44 9
77 26
42 37
31 18
93 81
26 22
15 15
79 24
99 27
98 50
17 3
46 8
91 60
91 37
82 22
60 17
82 59
93 78
26 16
24 17
67 3
90 57
9 2
38 15
5 2
36 2
24 14
88 57
87 55
45 13
77 10
62 17
63 24
52 9
76 46
30 12
9 6
48 4
25 6
83 46
52 23
23 3
79 61
16 4
16 12
77 52
83 74
43 20
47 33
44 11
49 4
64 40
17 3
61 31
88 32
10 7
30 29
56 55
17 13
80 34
21 6
10 2
27 12
81 69
20 12
65 50
72 69
87 11
28 17
39 16
97 21
10 7
51 19
72 26
59 39
34 29
89 68
27 2
77 21
14 3
92 9
17 5
76 16
42 42
45 32
13 5
11 10
46 38
95 51
42 34
73 62
27 11
58 16
7 6
12 9
58 19
43 23
39 32
52 24
86 33
14 12
77 30
18 3
27 13
39 17
41 4
4 2
67 50
47 32
90 18
91 87
37 29
16 13
31 19
10 6
8 8
29 22
91 39
69 37
42 36
82 30
26 19
38 8
33 23
72 11
25 6
27 25
83 47
97 50
60 41
3 3
4 3
11 9
36 14
6 4
39 6
93 23
29 12
83 74
47 19
87 55
8 8
100 39
30 24
66 44
12 12
4 3
76 15
34 12
67 65
69 14
52 31
65 49
5 2
49 27
85 53
30 13
30 6
44 17
54 52
71 36
80 29
17 17
80 27
11 3
93 40
34 11
85 73
57 42
42 42
5 4
69 44
45 8
58 34
32 15
45 8
12 10
66 10
48 3
28 7
8 3
86 12
34 27
71 38
54 37
52 32
80 43
60 4
4 3
11 4
58 30
49 5
99 75
45 40
52 20
76 39
29 2
23 19
93 65
70 67
78 44
10 7
9 9
65 59
31 27
11 11
19 7
41 35
84 39
90 65
68 20
36 3
4 3
60 25
10 10
42 36
36 36
94 26
12 6
73 30
89 76
62 25
99 17
94 83
41 35
35 3
72 12
33 8
86 55
32 25
98 26
33 16
99 5
38 26
72 52
31 19
38 12
16 3
88 73
41 33
40 5
91 15
83 75
22 14
69 35
93 22
8 8
100 2
9 2
6 6
75 60
100 60
31 8
44 28
34 24
40 33
19 17
78 12
23 16
56 8
69 13
35 31
86 14
77 10
28 20
56 46
66 40
56 51
7 6
42 3
45 25
62 14
40 38
94 38
60 8
30 12
99 24
68 64
16 14
48 28
59 44
82 50
51 50
29 29
24 8
10 5
62 40
82 57
33 12
44 23
96 93
70 42
69 12
69 50
25 23
43 26
18 13
99 37
96 38
49 39
13 6
11 7
86 9
28 14
11 6
7 7
76 31
98 11
13 9
19 15
16 15
33 18
27 25
57 11
71 70
34 13
12 9
60 4
50 5
100 27
7 4
2 2
22 21
81 71
31 2
49 43
80 78
34 30
6 4
68 60
5 3
29 2
84 43
78 78
75 38
26 3
55 39
53 46
98 50
84 39
91 40
27 3
83 40
15 8
98 52
39 12
86 68
32 29
90 2
78 31
28 20
91 39
40 11
90 88
91 84
72 47
46 28
41 27
9 2
89 29
75 34
68 3
96 46
4 4
56 11
37 8
80 2
9 9
58 52
24 10
46 12
67 61
54 5
27 9
42 14
71 34
72 13
89 32
29 27
57 41
33 29
94 16
90 75
5 4
85 4
97 78
51 43
90 51
30 3
100 83
88 18
43 24
63 62
58 10
84 56
92 90
39 26
84 21
35 12
6 5
52 51
20 12
44 37
91 74
54 21
71 7
96 75
74 55
35 7
6 5
78 10
9 5
47 38
33 19
80 17
95 23
84 66
4 2
35 2
48 23
4 4
94 43
5 2
5 2
82 8
15 9
4 2
62 29
96 22
42 38
66 14
98 68
34 11
72 44
82 15
66 6
51 21
65 58
41 24
31 23
96 85
32 7
67 52
79 70
93 52
24 7
51 51
84 30
19 7
95 57
59 39
22 4
24 23
66 2
7 6
78 47
23 16
96 47
95 19
85 66
69 8
8 4
37 31
75 51
53 47
94 7
86 82
7 2
57 28
20 15
51 8
42 3
3 2
24 13
46 2
10 9
80 7
91 84
74 4
97 9
59 4
25 23
87 78
94 93
70 33
94 66
38 19
4 3
44 38
80 6
66 44
75 66
21 2
61 51
86 33
59 7
89 24
35 15
46 38
63 3
90 31
40 34
79 20
15 5
92 21
26 3
47 29
80 37
10 9
25 21
86 4
55 38
87 13
8 5
36 16
14 7
70 26
81 32
19 15
14 9
36 25
25 9
57 12
5 5
62 56
13 10
77 3
9 8
22 14
48 20
45 40
51 15
46 29
37 27
2 2
50 42
82 45
35 3
9 7
3 3
19 13
89 14
76 65
13 7
45 24
95 70
68 26
91 91
4 4
47 3
63 30
89 49
41 10
36 31
45 31
40 5
86 38
42 39
78 75
6 4
18 12
82 8
15 5
79 74
100 58
86 22
70 6
26 15
41 39
13 5
17 3
28 19
39 10
33 31
80 77
49 15
55 54
5 5
42 35
75 44
85 20
93 30
50 14
93 84
37 10
14 9
30 13
100 69
75 5
47 35
81 64
79 56
39 22
22 11
80 78
22 21
49 41
99 69
3 2
43 25
96 6
39 8
68 62
67 36
78 45
91 5
99 93
32 26
76 40
57 30
79 12
77 72
49 11
29 28
35 21
65 34
95 61
23 13
88 2
94 86
80 73
49 47
55 32
12 6
41 40
85 23
61 32
99 52
68 58
11 5
10 7
9 4
47 16
5 2
8 8
31 11
39 20
54 4
29 26
11 7
73 46
28 7
67 30
45 3
68 60
67 53
96 90
50 23
36 6
34 15
62 14
12 10
25 18
75 12
33 10
90 75
97 60
57 38
12 5
57 9
53 18
43 41
38 9
24 11
9 5
77 33
3 2
30 22
87 78
16 16
69 48
41 11
5 4
10 9
98 31
90 25
35 2
46 45
78 22
75 6
71 62
82 32
98 48
48 8
31 18
59 7
13 13
10 3
23 20
56 44
92 32
45 2
51 5
60 56
81 78
66 15
21 6
31 21
39 25
57 42
26 14
65 59
86 23
43 20
64 60
48 45
60 44
90 28
6 3
79 17
42 23
86 28
38 25
97 49
56 51
76 8
10 4
16 6
28 12
86 16
49 42
25 19
29 27
37 33
86 59
44 11
45 2
66 65
70 7
91 57
43 33
12 9
62 9
97 25
81 80
43 38
52 27
65 57
16 11
98 44
89 6
75 36
19 6
93 67
49 6
15 11
53 32
80 33
25 22
78 28
35 32
44 26
44 34
53 8
11 6
83 18
7 6
99 82
81 80
72 28
26 14
33 6
30 10
16 12
98 53
31 15
78 7
90 34
21 13
7 6
52 3
62 52
84 21
36 16
70 3
18 5
53 33
5 3
60 29
91 16
46 28
33 11
79 24
70 28
57 29
95 41
22 22
29 26
65 13
38 27
66 56
15 2
4 2
23 22
9 9
10 2
72 7
2 2
49 45
41 18
41 20
94 50
62 24
23 17
99 45
81 52
11 9
52 6
92 72
3 3
83 62
18 7
78 41
13 2
18 6
18 12
27 19
30 10
93 22
53 39
51 14
35 29
93 71
30 10
43 38
23 22
82 40
45 31
44 7
69 64
88 42
85 16
36 10
74 17
62 20
28 13
91 51
43 7
48 7
18 12
74 61
67 18
64 4
78 59
91 81
33 17
54 54
45 18
44 28
81 75
51 17
71 48
18 15
2 2
68 8
31 15
31 2
42 2
89 54
33 16
22 8
17 6
68 35
79 9
64 30
68 50
16 13
89 58
52 35
41 21
38 38
95 92
82 61
75 7
9 4
11 7
90 20
97 19
16 13
75 59
35 14
28 26
43 39
34 31
13 5
14 11
43 3
54 27
7 6
71 49
4 2
54 52
49 15
45 11
13 6
72 20
20 18
92 38
80 5
55 22
26 6
77 44
59 30
19 11
24 18
56 55
58 16
5 5
74 50
92 78
36 20
26 3
90 40
53 43
65 40
44 11
2 2
41 3
64 30
100 19
45 10
49 24
5 3
20 2
80 37
8 6
23 13
90 36
3 2
98 75
8 3
78 22
5 3
60 6
26 6
27 8
82 6
45 11
19 5
27 15
77 8
10 7
83 50
20 20
49 21
6 3
78 43
23 19
49 29
100 16
84 49
7 2
27 18
49 21
95 92
81 64
100 87
64 32
35 30
25 13
77 30
32 30
96 43
94 81
4 4
4 3
29 22
65 44
65 33
42 26
32 12
9 4
81 44
47 38
79 74
45 22
31 17
11 10
95 48
15 8
62 33
62 5
50 36
85 72
97 27
97 88
15 8
79 58
6 4
10 5
9 3
89 7
90 66
85 78
28 24
86 56
15 3
45 21
41 9
61 57
15 15
82 31
4 3
5 4
67 20
26 11
5 5
25 21
33 2
17 15
48 48
99 77
47 11
2 2
14 7
3 2
9 9
97 51
7 4
65 40
97 33
4 2
51 19
75 29
19 16
5 5
100 64
43 12
53 7
98 77
12 3
60 35
79 8
66 17
75 61
58 12
29 21
73 9
51 44
76 4
46 20
66 33
61 45
92 31
98 94
71 5
80 37
100 19
52 51
17 6
10 10
79 45
43 3
99 9
80 16
9 5
79 25
41 7
66 17
64 9
69 24
2 2
26 9
31 25
2 2
29 28
53 32
24 6
88 81
11 10
46 34
64 4
38 22
90 11
54 28
3 3
35 31
35 11
44 13
45 10
91 30
87 69
68 21
44 10
56 30
98 24
45 34
39 7
8 4
81 65
82 77
10 3
90 81
68 64
62 37
77 59
88 72
70 58
78 18
33 31
45 19
7 4
64 61
64 43
99 39
61 24
81 78
16 9
97 50
74 27
80 43
78 7
60 57
48 25
79 17
99 20
91 10
54 43
92 74
92 53
62 17
36 7
71 45
50 44
26 11
36 27
76 8
39 39
24 2
55 23
57 54
81 8
16 3
82 68
91 29
70 53
28 11
39 24
4 2
70 30
58 5
24 14
71 5
8 4
80 72
60 27
58 25
27 17
92 60
96 45
100 96
89 83
66 19
62 6
61 38
62 61
3 3
89 47
76 10
90 88
85 6
54 44
31 13
71 44
87 26
24 18
3 3
41 34
14 7
66 61
17 15
52 20
87 35
7 5
34 32
34 7
15 8
33 23
43 41
37 25
38 29
9 3
99 73
15 7
20 4
70 24
74 65
41 3
71 13
25 20
47 43
100 41
86 67
3 2
35 29
57 44
77 24
64 26
66 14
58 55
83 77
4 3
69 57
41 12
45 16
86 27
21 2
93 71
85 18
57 38
8 8
52 44
47 36
91 19
55 29
88 30
17 4
88 51
68 67
51 43
88 47
97 95
9 9
73 71
63 30
100 79
52 25
12 7
14 4
31 17
74 12
51 10
69 64
23 9
57 29
81 24
14 10
45 15
37 6
29 4
67 21
71 32
61 32
42 39
98 32
98 78
68 9
8 4
16 10
27 24
24 22
17 2
5 5
74 67
34 28
48 33
70 37
42 11
47 43
89 36
2 2
45 30
25 21
2 2
27 15
84 75
29 10
24 9
53 53
29 14
76 13
47 29
70 42
78 52
36 14
29 26
65 34
31 2
92 35
22 14
11 6
72 66
81 77
44 16
6 5
98 25
72 25
99 29
44 23
39 18
3 3
92 60
11 7
63 56
51 46
97 43
30 12
2 2
22 3
71 49
75 37
66 15
73 55
78 33
11 7
46 23
82 68
82 48
43 8
42 27
41 18
86 19
72 10
6 3
51 40
86 74
42 36
49 38
50 30
26 23
97 87
85 84
83 32
87 6
5 2
19 3
22 10
33 31
92 82
23 14
14 11
86 67
40 40
45 25
92 34
100 20
28 18
7 4
4 2
25 19
34 22
21 13
67 27
22 15
82 63
14 9
32 24
50 39
99 20
98 71
5 4
72 57
79 38
81 63
2 2
93 6
94 43
68 65
70 45
