10000
74 47
52 33
48 30
96 65
68 45
44 28
14 9
48 19
70 8
27 26
16 9
75 29
58 30
9 6
40 18
97 12
13 5
70 68
89 48
44 14
24 11
34 20
88 26
39 4
87 25
21 13
99 57
10 3
55 50
41 39
61 30
3 3
16 3
7 6
24 3
49 9
66 10
48 2
96 77
13 6
49 4
48 32
29 24
81 67
61 23
60 41
35 8
77 5
88 18
64 49
96 17
63 31
53 47
23 12
67 27
49 27
74 21
51 10
60 16
49 28
54 2
94 50
37 22
32 18
93 13
42 37
58 15
98 93
41 23
95 61
23 18
30 11
40 24
56 2
84 70
78 13
28 8
85 81
94 51
37 10
92 34
76 69
23 18
28 14
73 52
12 3
8 4
97 37
92 25
97 60
27 21
20 19
87 32
41 23
81 48
77 68
34 12
58 8
15 8
96 68
63 29
25 19
30 19
14 5
24 10
35 4
47 7
72 25
25 7
77 35
81 27
45 41
7 7
74 21
46 36
98 85
93 57
60 58
73 60
54 5
37 36
12 2
85 35
66 11
31 21
94 71
25 6
5 4
86 59
78 14
39 11
71 45
92 44
63 10
3 2
14 9
63 60
50 9
58 40
5 3
83 56
88 88
52 28
23 17
89 16
78 71
21 13
100 57
29 28
22 8
17 12
77 37
21 13
27 7
62 19
97 38
100 59
51 5
91 89
85 53
77 56
61 38
12 9
45 3
99 40
61 7
8 8
73 58
68 27
56 18
41 18
11 6
29 4
41 29
40 34
10 3
93 49
56 39
95 22
53 32
59 29
73 49
72 27
49 26
80 18
65 26
60 54
87 44
72 50
13 11
70 6
15 7
27 22
71 9
20 20
5 5
3 3
5 5
59 45
83 58
43 14
60 4
8 6
73 50
63 31
46 27
89 50
39 27
7 7
69 47
25 6
81 2
99 65
10 6
51 10
16 7
58 27
31 19
47 8
4 3
62 45
17 15
27 26
23 18
90 10
38 27
15 7
84 78
72 24
85 4
65 45
17 16
27 27
5 5
23 7
86 53
41 22
38 36
75 71
38 13
52 47
73 37
57 34
46 19
59 54
78 16
99 95
59 9
49 45
5 2
84 79
90 15
17 16
36 23
21 6
75 50
18 4
55 54
13 11
30 20
68 22
19 12
98 49
64 13
24 7
9 3
16 14
74 57
35 7
16 11
13 8
69 14
88 7
71 3
76 40
60 5
94 7
4 4
58 33
26 23
66 33
61 42
52 39
57 3
23 21
37 30
6 4
44 17
35 26
81 8
65 37
5 5
32 3
55 26
9 6
98 21
3 2
44 35
22 7
31 15
41 24
84 4
35 15
43 18
97 2
77 68
31 21
96 56
73 31
33 10
73 5
39 7
75 25
81 64
70 40
7 3
44 29
51 20
12 7
82 82
62 48
52 24
88 7
25 24
98 78
51 16
97 9
81 26
38 30
88 78
82 24
97 94
20 10
84 52
28 8
80 58
96 15
65 5
75 69
68 48
40 24
90 68
73 24
74 34
89 26
11 6
77 20
48 10
38 22
57 10
92 88
33 15
26 18
84 7
34 2
54 48
34 6
57 16
15 13
85 42
69 12
55 38
21 11
22 14
67 22
79 39
54 48
50 22
91 31
61 51
29 22
65 32
57 32
94 55
17 10
43 22
74 72
30 12
18 17
55 14
51 21
16 13
8 4
90 11
75 65
43 4
18 5
50 21
73 12
30 12
91 17
89 28
30 12
51 17
78 16
4 4
15 3
39 11
70 34
85 27
87 50
85 3
34 12
83 74
57 18
28 15
73 36
4 4
2 2
72 48
76 14
66 55
99 95
6 3
93 86
85 11
66 4
28 8
62 9
35 35
99 23
49 32
48 4
49 7
30 7
60 39
20 14
90 2
87 3
39 37
39 9
84 5
78 25
76 8
51 9
71 37
61 11
50 37
77 76
67 40
8 6
89 73
68 25
55 27
18 8
58 32
27 26
25 23
89 73
62 62
13 11
66 5
60 57
71 48
57 38
14 3
73 19
89 82
16 12
82 2
58 28
78 36
17 7
80 62
23 19
54 44
23 13
66 6
43 41
73 42
23 20
51 41
35 31
27 13
49 13
2 2
34 9
11 4
44 2
27 6
30 12
75 42
91 57
66 65
67 43
59 43
56 3
56 13
29 27
23 4
60 20
56 41
11 10
91 55
66 37
100 25
3 3
45 14
10 10
46 13
94 34
57 50
3 3
66 4
90 47
65 14
92 56
9 7
82 16
94 43
34 19
69 19
49 14
90 90
73 22
92 83
97 92
45 15
30 4
67 48
71 22
67 41
94 18
53 46
88 36
48 22
73 57
49 7
6 4
52 20
83 30
7 5
77 16
84 4
98 51
59 23
5 4
38 36
37 4
44 15
21 13
18 2
62 7
41 10
90 16
8 8
92 73
67 51
34 25
62 31
74 71
61 4
40 4
94 41
13 13
9 7
46 34
24 15
71 29
24 4
96 8
31 17
5 2
67 37
54 5
73 65
86 76
24 11
55 48
67 41
73 32
23 21
13 4
82 68
76 65
49 35
86 10
21 13
82 47
48 29
24 23
96 71
16 3
87 45
68 39
24 3
56 42
35 2
85 57
47 11
46 33
87 79
22 9
43 32
86 3
94 13
98 55
77 40
7 4
65 45
43 33
28 26
69 43
83 26
57 34
96 47
13 9
53 30
51 11
59 59
65 38
98 48
79 34
28 10
50 41
60 49
95 60
68 11
60 50
38 3
32 7
93 23
60 46
38 24
5 5
15 15
19 10
37 5
20 13
85 37
6 6
65 4
17 17
30 9
69 22
29 27
88 8
50 7
89 55
19 3
17 14
46 35
98 63
35 10
19 2
83 69
91 28
87 71
96 24
93 90
13 10
88 6
17 12
62 20
41 36
79 8
33 12
78 64
73 30
20 4
4 4
80 61
24 17
12 6
65 15
48 24
29 27
39 13
64 18
22 13
31 16
18 13
27 22
40 4
63 52
9 3
13 9
43 34
77 23
95 6
40 5
25 23
90 11
63 17
7 2
87 21
10 6
39 32
30 16
31 7
81 7
4 4
30 16
51 32
37 22
86 36
8 7
63 19
92 15
17 16
48 16
14 10
9 9
4 4
43 36
47 16
5 3
60 28
50 10
63 31
92 50
63 55
100 58
98 9
64 52
4 3
91 45
10 6
64 15
21 12
13 7
22 13
85 8
72 19
43 22
51 30
85 12
65 65
4 3
91 89
57 45
71 47
68 52
22 20
35 35
89 3
79 23
84 16
16 16
99 75
2 2
94 20
4 3
34 6
18 8
98 38
28 21
16 13
38 35
63 63
55 14
52 46
46 18
60 49
34 31
86 52
23 19
28 3
16 5
100 96
2 2
72 4
55 42
76 44
59 28
31 12
11 7
99 85
68 2
87 23
71 24
55 31
85 4
23 21
95 68
28 11
54 13
32 20
52 7
41 6
77 11
18 12
51 27
95 67
76 65
54 41
23 9
71 4
84 35
76 30
68 43
10 7
3 3
80 15
25 3
99 46
49 33
95 66
60 56
64 64
53 8
44 10
64 59
20 13
84 59
40 22
35 16
30 21
90 32
41 11
2 2
15 6
6 6
78 25
44 4
90 44
27 18
54 39
88 57
17 10
8 7
73 39
48 22
4 4
43 43
67 17
57 21
56 52
2 2
59 32
72 45
20 9
95 44
89 51
40 35
80 23
75 38
90 39
36 2
48 23
31 25
4 2
47 27
49 39
25 16
15 13
49 38
29 3
56 53
10 6
27 18
77 37
37 13
14 13
8 3
70 10
65 51
8 5
32 30
84 34
74 17
18 2
71 32
26 10
22 17
41 3
50 6
88 79
41 12
66 17
7 3
38 5
73 23
4 2
24 3
9 5
89 74
20 10
70 47
50 18
46 40
47 24
45 7
14 9
23 13
4 3
81 70
21 18
35 24
12 8
40 9
87 86
43 25
56 20
58 19
89 58
11 7
5 4
11 6
14 12
87 24
53 13
90 23
78 71
34 33
48 17
61 20
18 12
60 54
75 27
93 17
46 33
55 16
98 78
10 8
80 12
39 18
79 55
80 66
2 2
94 56
25 22
20 8
16 9
94 27
58 53
86 50
70 44
88 70
68 14
15 14
37 27
68 63
72 29
66 8
83 25
40 10
79 28
94 22
99 15
45 27
16 7
81 56
85 37
7 2
20 9
86 7
67 2
7 5
47 12
10 5
65 40
80 76
57 49
74 52
31 16
92 21
38 6
86 31
34 10
46 24
26 4
66 28
86 77
31 24
68 41
65 44
3 2
66 59
17 3
94 27
8 5
34 3
40 19
61 2
31 4
88 16
84 53
30 17
99 56
29 29
72 56
51 34
29 29
35 4
25 16
71 6
42 6
65 46
62 4
41 3
81 9
97 40
77 63
87 61
84 3
17 16
4 2
8 3
50 4
23 12
32 32
26 4
7 2
23 14
53 25
83 36
51 27
24 7
36 23
71 62
67 22
27 3
61 10
10 5
4 4
24 7
67 47
72 44
93 82
88 36
33 15
80 50
8 5
5 4
46 39
7 4
88 33
73 20
93 70
66 47
46 37
72 20
3 3
88 4
38 28
43 26
54 40
17 4
79 77
59 41
19 15
12 6
95 75
45 19
9 7
67 48
36 33
89 37
59 47
16 11
94 75
78 45
29 19
70 68
14 9
52 49
90 32
22 13
50 19
13 9
18 16
49 21
34 14
95 79
42 24
18 6
49 44
61 3
48 48
12 3
72 19
59 44
18 18
12 8
4 4
34 2
4 4
29 27
20 4
39 17
52 33
34 5
48 3
69 64
69 28
58 30
36 33
31 12
17 5
32 2
68 21
24 2
74 52
29 26
34 17
26 15
28 6
84 44
69 63
38 6
5 5
8 5
5 4
99 88
94 45
55 25
87 26
67 48
87 23
35 22
89 5
73 48
21 15
94 27
92 48
89 18
4 4
80 4
34 33
96 91
71 51
18 3
65 35
7 5
43 23
26 6
60 16
3 3
32 15
82 65
17 11
69 23
99 39
14 4
74 61
86 15
46 7
20 6
37 14
25 14
20 16
32 22
68 5
29 10
46 13
100 37
72 67
44 25
63 15
26 16
73 2
28 9
60 39
95 52
57 18
21 13
80 3
71 12
21 21
100 34
44 20
53 6
91 3
16 4
61 41
69 15
44 44
95 40
34 28
60 41
65 42
92 85
54 23
60 53
3 3
77 72
3 2
49 26
26 21
20 4
15 2
19 5
84 25
92 32
42 10
46 36
78 78
37 34
37 17
73 53
42 15
18 16
65 21
90 55
99 41
44 21
94 19
54 12
12 11
21 10
55 46
95 95
45 39
79 71
9 3
25 18
45 14
96 71
100 18
43 35
97 63
51 17
2 2
89 34
4 3
40 40
40 33
56 46
45 28
3 2
28 18
17 3
32 29
99 52
44 44
36 6
53 15
85 49
69 2
8 2
11 7
79 21
30 2
10 4
60 11
100 41
37 7
49 24
71 5
58 30
56 43
21 15
55 16
66 45
61 55
21 10
61 28
26 8
83 73
48 19
50 38
71 42
45 33
68 61
5 4
44 8
93 60
83 26
58 31
65 57
20 17
80 27
39 15
94 81
55 5
51 39
59 11
65 56
28 28
26 23
34 15
57 24
38 19
44 32
2 2
99 74
83 72
14 5
93 92
99 27
37 27
67 28
51 5
49 17
74 15
13 6
51 41
26 20
50 33
4 2
85 75
15 7
16 7
99 74
59 20
25 19
63 26
33 32
79 17
59 29
23 4
37 34
79 31
7 6
4 3
10 8
58 32
38 13
47 2
22 14
60 7
58 44
59 19
94 49
70 11
19 7
66 57
17 10
44 20
84 25
39 10
61 46
41 14
71 50
33 17
57 31
11 4
81 18
51 48
16 13
69 7
91 72
23 20
87 33
60 31
43 24
22 17
62 14
57 9
57 14
25 5
75 8
27 25
22 13
73 47
58 31
94 67
28 2
77 50
65 5
74 35
24 8
26 23
97 51
37 31
54 22
99 73
80 50
85 38
64 27
68 44
42 13
25 19
48 30
40 33
30 5
23 7
38 9
38 33
98 38
66 12
73 69
13 10
98 34
94 90
5 3
21 19
68 23
87 17
88 9
58 54
95 9
85 39
54 2
53 17
7 4
50 50
71 14
62 61
61 13
23 11
26 15
53 20
2 2
94 44
96 6
63 4
98 26
49 38
98 88
62 8
80 7
42 37
62 16
13 4
51 7
29 7
39 2
83 2
41 28
7 6
48 27
24 18
51 11
56 37
38 33
81 48
88 84
39 33
42 21
8 8
27 18
44 17
83 50
26 17
78 78
45 17
35 17
5 4
75 60
85 53
26 23
81 26
46 22
40 23
81 23
33 15
28 10
60 47
68 6
61 19
98 73
33 18
48 8
66 20
40 11
71 14
15 15
70 59
20 11
63 25
33 8
53 37
98 15
88 30
60 21
54 47
50 10
95 88
60 6
94 22
65 20
84 83
56 6
93 92
98 12
46 30
94 57
46 16
47 18
54 51
25 5
77 62
86 52
36 23
77 23
71 36
35 8
51 34
30 26
10 10
88 27
81 31
5 4
27 6
74 71
89 41
15 15
99 95
42 3
71 66
87 12
45 20
38 18
63 3
3 3
56 54
6 4
28 20
30 26
77 18
45 12
41 39
52 52
32 8
56 14
96 59
77 24
89 3
85 74
68 43
81 53
42 31
71 4
70 63
94 35
5 4
46 28
74 50
29 16
47 5
32 7
91 14
9 7
16 13
81 3
62 46
31 22
67 21
99 98
100 19
92 85
70 18
69 61
57 13
53 46
19 15
65 22
43 11
25 5
77 41
64 55
43 32
15 4
74 26
97 5
42 26
63 8
15 10
99 99
47 44
61 13
70 46
74 33
52 17
27 8
48 37
65 42
69 39
83 55
14 10
77 25
90 27
98 76
62 23
85 77
62 37
71 65
96 18
24 9
68 16
73 57
15 3
79 71
60 58
28 12
90 90
73 50
3 3
36 23
33 21
68 32
64 33
6 4
83 69
88 14
43 12
92 50
72 65
94 21
37 12
96 41
6 6
13 9
83 74
24 5
84 34
53 21
63 50
97 84
30 5
19 8
18 16
99 39
99 86
74 24
69 37
25 4
97 69
57 46
23 10
15 3
29 9
38 31
30 15
9 2
31 9
87 3
48 38
79 7
71 2
22 2
41 37
100 87
88 39
3 2
18 8
55 9
74 46
96 64
20 16
87 82
77 43
2 2
96 35
16 2
70 41
57 32
14 6
86 65
67 24
26 8
9 8
95 46
66 13
13 8
83 46
23 18
27 21
90 64
98 73
9 5
63 41
52 12
92 53
15 6
31 8
79 43
96 92
97 30
5 5
75 33
97 83
61 31
33 19
88 15
50 43
69 61
83 41
71 20
43 6
75 74
60 22
9 3
72 30
39 29
85 69
66 6
46 14
48 9
74 2
81 57
49 32
25 25
2 2
55 22
50 8
98 32
61 48
52 11
29 18
9 7
42 17
14 6
27 2
16 2
26 18
60 4
42 25
43 5
2 2
25 7
42 33
31 31
7 4
12 9
49 4
12 10
91 73
44 34
86 73
66 28
29 14
79 8
89 5
8 7
75 4
77 34
25 15
30 5
7 2
82 46
18 2
52 26
59 43
71 45
73 30
59 52
50 12
74 54
59 52
43 39
69 29
61 17
89 47
98 11
55 43
23 17
80 12
4 3
83 60
90 52
38 37
94 85
52 15
97 51
74 67
2 2
67 66
30 23
34 19
10 3
54 2
96 65
14 13
27 9
52 38
72 67
9 5
88 24
64 23
82 71
94 92
23 23
8 7
88 83
99 24
6 3
89 61
89 29
14 4
52 2
37 12
10 8
98 4
97 72
41 20
26 4
64 23
86 19
95 40
18 13
88 41
86 76
43 24
10 10
49 32
67 47
64 7
18 17
28 24
24 3
4 2
59 59
6 5
59 40
3 3
21 16
92 91
68 66
75 9
41 36
49 15
18 11
10 4
17 17
31 13
22 21
57 3
77 54
14 9
77 71
84 2
23 22
76 56
20 18
60 58
48 3
62 5
60 29
62 39
90 56
61 11
50 26
56 37
97 48
15 2
35 22
75 36
95 38
82 49
84 51
67 49
13 10
22 7
96 96
48 38
16 5
4 3
90 56
97 87
71 44
54 15
54 44
52 44
21 17
9 2
17 13
74 52
15 4
68 18
40 13
48 46
91 33
74 11
29 13
16 16
14 4
79 27
27 27
70 45
85 63
19 16
29 27
43 19
34 4
15 6
20 10
80 50
51 8
50 21
62 10
12 5
91 39
28 13
3 2
81 42
11 8
3 3
20 3
72 8
48 41
35 35
35 7
30 15
33 10
68 60
45 29
82 21
18 11
51 22
18 11
21 13
11 3
16 3
99 26
74 51
40 37
34 33
13 13
24 23
27 14
97 74
89 10
9 6
57 26
8 2
20 20
61 61
80 38
69 11
36 30
52 41
68 56
7 6
79 58
68 61
86 65
38 30
48 47
79 11
67 29
29 12
84 16
71 26
32 31
52 32
13 4
80 75
43 43
79 57
48 47
65 23
99 93
50 35
60 32
38 14
81 46
7 3
74 44
45 17
29 24
96 54
95 16
71 41
26 22
51 44
2 2
71 33
76 70
55 45
64 4
36 8
14 2
64 57
10 5
72 9
69 60
83 2
95 51
33 5
95 26
98 36
80 12
80 23
90 59
35 29
97 6
38 23
83 79
85 42
92 2
51 8
73 48
95 39
76 48
69 48
12 7
13 13
94 76
41 2
21 7
44 5
84 57
17 11
3 2
15 11
70 27
51 43
95 46
18 5
64 52
10 3
39 33
33 8
41 37
10 7
97 88
85 12
89 58
29 26
18 3
69 54
31 11
62 4
54 6
54 6
9 2
21 19
93 37
100 23
57 29
85 60
85 17
6 5
64 41
10 5
27 6
44 8
49 25
58 58
89 52
40 26
17 9
24 23
67 43
18 18
96 9
46 44
42 9
70 57
88 76
78 11
91 39
77 11
69 46
38 31
76 12
13 4
12 7
7 4
45 27
47 23
24 4
65 35
30 7
76 68
53 52
79 66
90 9
68 51
93 74
9 4
53 39
99 54
57 19
53 23
63 42
24 10
78 18
100 52
22 19
52 42
24 21
36 34
71 26
35 6
52 43
32 10
51 18
59 11
45 32
2 2
92 13
73 32
81 33
88 88
8 5
16 12
7 2
55 33
57 18
80 44
45 2
94 36
65 25
11 10
25 9
40 10
9 2
40 30
41 2
8 4
29 14
58 12
7 6
40 17
64 3
73 18
59 33
21 3
54 54
75 60
16 5
28 6
10 6
70 12
6 6
57 48
49 14
31 21
16 14
31 12
2 2
67 60
22 13
31 6
40 29
93 55
94 36
33 14
86 72
54 41
28 13
8 3
49 41
34 3
95 85
52 30
54 49
35 23
6 3
99 35
96 12
78 11
37 19
48 2
93 23
59 46
13 5
9 7
49 20
11 5
36 15
65 24
17 9
22 8
65 48
39 34
15 4
91 8
35 21
74 21
20 14
14 13
52 6
93 82
45 7
94 46
84 52
28 27
60 14
92 19
42 28
16 13
54 11
9 9
33 25
55 44
76 63
31 11
78 2
74 41
96 16
91 68
87 61
23 3
48 23
72 29
93 90
5 2
33 18
54 22
21 19
13 10
50 32
2 2
28 4
76 39
44 37
85 74
20 6
99 49
66 38
59 23
71 63
64 13
38 26
54 25
17 2
12 11
38 27
77 33
89 7
91 26
45 31
4 2
55 47
62 59
47 36
70 68
60 53
49 10
3 3
95 65
50 17
49 31
42 30
12 2
39 5
20 19
9 2
34 11
95 83
52 43
62 48
25 6
15 14
51 51
53 34
96 10
95 81
11 11
98 85
60 47
51 16
4 3
66 36
83 29
100 58
77 5
59 23
44 13
59 38
58 26
67 3
36 15
97 73
3 2
95 3
27 2
17 12
93 90
54 44
73 38
99 2
30 30
20 13
56 19
17 12
71 27
40 32
53 18
70 13
85 37
26 23
59 59
50 12
7 4
72 72
32 6
9 7
68 39
48 18
74 70
85 51
12 11
6 5
19 19
44 40
16 11
75 71
82 36
69 17
44 6
14 3
31 7
84 75
47 28
70 6
2 2
86 29
43 15
74 41
35 16
48 14
17 8
64 54
7 5
62 16
73 47
35 29
32 12
70 67
87 42
88 64
60 37
16 3
37 8
90 47
93 33
81 79
37 28
93 32
20 9
45 8
29 24
15 12
40 4
38 11
36 7
56 13
86 38
10 8
20 8
9 2
59 57
30 2
50 15
69 11
53 26
74 6
70 46
37 33
67 28
99 75
35 27
32 15
24 17
62 52
55 51
30 12
45 15
20 4
38 27
73 51
45 32
81 31
53 21
78 40
69 37
83 67
93 13
26 23
100 87
66 60
20 4
7 5
8 2
93 58
95 37
85 53
31 4
50 23
70 65
9 6
91 71
58 16
75 70
65 25
23 12
72 45
11 4
96 8
23 5
63 44
96 18
85 20
70 2
10 5
28 17
32 29
52 31
79 21
11 6
5 3
69 50
100 9
96 69
21 12
68 63
40 37
69 56
10 10
78 71
88 25
40 20
74 55
76 29
31 29
26 10
98 35
79 36
29 27
25 12
11 9
41 3
22 10
67 26
24 22
31 11
84 36
46 16
67 23
16 6
8 6
84 12
41 24
53 50
92 21
68 34
85 42
11 3
6 3
40 23
45 6
81 42
24 22
52 45
93 91
87 81
50 26
92 61
60 42
51 51
67 39
25 9
4 4
78 64
58 56
45 22
71 59
68 18
49 40
48 29
12 3
93 75
27 25
6 6
48 23
36 29
86 49
59 28
12 8
93 77
33 3
94 20
18 14
37 10
14 2
73 67
61 46
55 50
88 79
63 44
60 33
89 57
82 14
90 30
25 14
49 16
53 36
26 22
51 31
88 46
58 18
68 52
57 13
83 23
60 43
42 5
16 6
8 4
4 2
46 46
75 16
28 9
58 43
72 70
2 2
60 43
51 36
35 22
37 16
4 3
8 5
73 63
56 3
64 62
10 4
78 24
47 8
44 30
40 10
75 37
34 14
33 17
72 71
47 6
31 19
89 31
54 43
14 4
57 37
64 27
18 2
24 15
87 26
2 2
24 21
19 7
64 12
48 11
76 14
86 65
4 4
46 7
92 9
69 4
58 55
85 38
32 17
68 24
78 16
36 30
87 34
36 32
14 13
8 3
29 10
19 14
54 35
39 13
73 40
88 52
21 3
95 87
9 5
11 11
24 23
84 23
25 17
15 13
38 7
16 6
12 6
18 2
33 7
36 16
5 3
57 46
82 48
52 34
38 13
17 3
62 12
45 4
70 46
97 81
3 3
25 24
88 75
53 46
25 13
65 52
35 12
57 44
32 18
56 26
91 87
89 2
95 44
6 6
74 51
64 12
20 14
31 9
27 14
8 6
78 61
74 46
99 56
66 59
22 20
86 18
28 7
16 2
77 39
85 48
28 10
90 43
94 26
20 20
76 16
84 50
93 61
95 88
62 48
17 14
39 4
36 17
75 73
78 67
8 4
6 5
79 19
48 12
54 30
38 14
44 11
87 24
58 2
68 52
56 13
78 23
22 6
46 3
90 90
39 23
96 10
7 2
35 24
5 3
60 19
34 14
65 24
12 5
99 54
5 2
43 25
58 33
55 32
60 2
46 15
72 21
100 81
72 17
70 30
53 53
67 35
75 37
33 9
65 13
79 29
77 42
71 32
6 6
34 25
82 50
96 30
49 41
98 92
93 32
89 83
82 14
93 5
73 9
10 5
81 58
93 62
20 20
30 28
49 26
29 6
48 23
83 35
48 29
21 16
46 20
54 29
48 19
62 54
87 66
16 16
31 5
89 19
96 20
94 69
30 19
4 2
94 62
35 35
32 23
85 36
54 17
66 17
60 45
7 4
9 6
12 7
22 9
32 8
33 29
11 9
39 8
56 50
66 65
61 22
30 10
79 74
44 28
44 10
8 7
36 13
71 48
4 2
34 28
54 50
27 12
52 5
51 2
94 62
63 9
18 16
38 17
36 36
44 25
5 2
92 29
23 5
58 58
67 49
38 19
77 69
25 14
79 21
66 3
44 33
34 24
30 18
36 24
81 54
89 79
64 46
83 9
62 46
13 11
7 2
76 47
33 5
5 4
64 12
92 7
81 5
17 15
22 11
53 47
35 35
71 49
9 8
86 48
83 10
22 3
66 62
70 64
57 57
46 4
24 15
92 53
47 24
35 32
75 33
90 82
38 25
29 14
98 77
21 4
38 37
79 75
36 9
54 35
79 63
89 47
16 15
83 66
45 45
19 6
30 25
28 5
78 31
91 33
47 45
14 11
82 41
64 58
46 41
12 4
63 44
36 14
26 17
3 3
14 14
30 11
65 36
70 10
25 25
3 2
83 7
59 13
95 70
45 37
84 32
40 39
24 9
47 40
97 44
88 12
14 2
15 8
19 3
19 12
80 77
54 26
65 6
64 44
61 5
10 10
67 30
73 20
52 49
86 2
44 26
70 68
98 11
15 6
85 37
99 61
82 45
98 18
49 10
44 28
73 21
48 21
51 28
71 12
20 18
49 2
65 37
37 34
97 55
97 47
100 93
76 28
20 7
3 3
61 22
39 32
14 5
23 20
96 91
89 9
16 12
8 5
2 2
10 2
50 4
79 8
86 82
38 7
86 60
98 16
44 22
56 19
74 59
4 2
87 29
50 21
39 25
20 5
10 3
52 31
13 9
66 54
64 20
57 27
69 3
16 2
39 18
57 52
81 33
74 50
94 6
30 9
23 2
91 79
16 6
94 36
23 6
37 8
13 4
27 18
48 37
20 9
28 23
70 39
25 8
9 2
75 11
14 13
93 44
31 29
16 14
92 52
52 29
2 2
80 21
41 7
37 25
20 8
9 4
90 12
29 18
12 5
86 48
29 18
82 59
36 35
80 11
10 9
94 4
89 40
73 58
26 12
43 18
73 67
20 15
67 21
98 17
78 19
95 76
23 18
14 7
77 38
33 4
93 41
20 2
32 30
67 43
26 12
37 3
23 19
74 67
17 4
85 26
35 27
16 13
27 25
5 5
45 30
13 3
58 6
20 10
91 62
83 32
47 11
82 56
47 37
79 34
22 15
92 56
10 4
88 27
27 13
94 5
60 43
58 30
14 10
9 2
50 39
66 25
21 7
7 2
39 8
75 57
49 16
57 5
21 15
95 32
87 33
98 50
75 10
36 25
66 29
47 16
62 5
93 64
91 60
71 58
52 52
84 19
15 10
10 10
88 69
76 66
57 22
54 47
74 8
12 7
47 42
6 5
72 33
95 77
12 5
89 12
59 18
45 23
36 11
44 6
81 57
98 92
80 23
4 3
31 30
38 25
54 50
31 7
27 9
48 31
30 22
50 9
35 6
36 19
21 10
18 18
82 45
29 9
80 20
99 43
21 2
78 18
81 32
21 11
62 9
67 61
20 10
64 12
85 48
93 87
20 14
81 34
52 9
21 19
52 51
41 32
10 7
42 14
19 12
20 9
46 37
56 21
92 49
36 28
48 21
82 5
21 7
78 75
65 41
68 25
69 34
78 6
36 11
49 33
23 3
41 4
7 6
29 28
72 64
4 2
50 18
25 10
8 4
98 68
4 3
93 89
60 21
96 46
16 16
65 26
63 57
27 9
4 4
74 26
91 75
98 35
38 38
13 11
89 5
71 2
5 2
35 26
90 78
15 8
9 4
9 4
59 12
88 87
98 89
92 10
8 7
16 7
84 56
37 4
13 7
31 7
83 37
42 39
80 34
74 31
35 9
2 2
43 13
42 4
31 11
70 13
86 86
14 13
57 44
46 11
8 6
17 12
86 72
80 79
17 4
10 3
17 17
19 7
84 66
9 4
54 45
64 56
94 25
15 14
79 34
46 19
83 17
49 3
62 28
97 86
12 7
89 71
83 45
39 19
49 36
20 4
12 6
30 4
89 77
63 40
52 4
42 19
21 5
24 24
78 75
16 12
15 9
17 14
78 39
23 2
98 77
82 19
37 2
39 12
42 39
67 38
49 38
79 18
91 32
88 30
75 44
27 6
59 26
46 18
76 52
30 11
49 44
96 82
7 5
4 3
89 53
81 28
5 5
20 6
39 23
25 10
83 20
22 18
86 28
95 34
71 37
94 66
25 24
67 16
75 57
52 38
36 7
29 22
43 8
82 41
15 9
78 65
6 6
20 6
92 50
88 21
88 45
62 19
63 18
10 2
41 25
65 49
11 11
50 40
61 57
39 11
37 30
87 8
52 4
10 8
11 6
41 33
84 46
36 26
22 19
44 2
50 44
57 49
68 7
66 52
46 24
94 59
37 26
54 4
18 3
14 4
17 13
21 20
18 15
88 2
30 10
25 3
63 50
94 85
100 43
4 4
74 33
77 2
95 6
44 29
17 10
60 14
7 2
42 40
25 25
79 13
25 14
99 72
60 51
60 23
54 47
52 14
66 2
20 14
65 29
86 23
24 13
40 23
31 20
99 32
56 28
38 4
69 38
38 18
11 6
7 2
83 45
94 7
90 13
36 23
89 24
33 13
86 11
84 48
94 20
93 38
52 19
10 8
22 13
44 7
57 13
85 17
85 49
7 5
88 62
27 21
83 35
40 17
100 27
53 12
40 34
46 17
43 16
22 4
78 61
27 11
32 26
23 9
7 2
28 3
91 68
22 6
70 46
16 12
64 30
5 3
35 5
55 15
32 31
18 4
48 40
6 5
28 25
97 4
77 9
61 30
33 10
49 14
28 9
44 12
77 45
55 38
14 13
29 22
12 11
69 68
48 2
46 38
81 60
75 22
24 18
44 43
94 16
36 9
71 57
2 2
100 52
20 8
65 57
51 9
65 39
88 27
91 26
94 39
7 5
21 2
10 7
36 8
43 2
67 42
12 6
75 30
72 20
42 16
86 61
98 59
19 19
4 4
46 7
44 37
20 14
56 16
94 61
60 59
81 22
27 21
15 6
81 34
57 19
93 13
87 81
41 32
18 10
83 22
17 9
97 72
39 11
32 19
51 24
62 8
97 95
85 21
83 50
63 27
56 40
45 33
57 39
82 72
39 23
42 24
63 55
34 33
43 33
39 24
60 6
5 4
98 54
25 10
75 11
23 17
84 37
54 35
10 10
49 25
20 8
46 19
12 11
66 59
59 7
43 34
40 21
60 33
23 19
2 2
85 71
14 13
35 24
19 3
43 6
72 12
99 29
37 15
26 7
47 9
29 2
33 9
51 4
65 2
28 6
95 88
63 4
70 15
15 8
65 64
92 56
6 5
37 7
38 30
12 5
46 10
83 82
72 53
33 7
61 53
56 14
32 22
25 13
15 14
50 30
7 5
31 7
95 64
34 2
88 18
95 23
55 53
15 9
94 64
50 28
12 10
57 53
93 17
53 43
50 42
98 46
55 26
44 15
35 34
70 15
85 41
46 43
59 5
75 23
61 47
22 15
44 28
53 40
4 4
15 9
14 4
8 6
63 7
96 57
15 11
69 45
37 27
69 30
77 6
49 14
62 5
75 43
20 9
27 27
43 18
26 10
65 50
97 33
29 12
37 35
55 26
15 4
67 64
67 46
22 14
80 9
28 10
22 10
93 38
63 12
91 81
74 68
40 27
78 6
20 4
80 11
16 6
80 59
12 3
9 5
68 40
86 9
92 69
10 5
71 16
95 18
57 46
27 5
54 13
91 85
73 44
67 43
32 30
71 53
80 63
46 33
85 2
33 9
43 31
83 82
6 4
59 36
6 3
5 4
58 11
10 4
43 7
75 12
61 43
24 20
65 33
40 7
47 18
58 15
53 38
13 3
71 23
33 8
2 2
66 33
37 26
54 35
52 37
8 3
95 19
6 6
74 60
6 3
37 20
20 13
66 46
34 3
65 65
73 29
9 9
54 29
39 38
31 24
93 35
63 12
78 41
74 43
56 24
54 32
85 31
48 24
71 39
38 3
60 28
97 27
19 6
89 16
64 14
94 49
35 34
95 6
29 13
19 7
5 2
34 23
86 12
34 28
97 20
53 44
10 10
37 13
81 3
36 20
18 16
60 15
67 40
37 25
59 9
18 7
66 17
89 19
15 9
87 19
44 16
62 61
14 6
100 6
16 10
36 23
97 71
86 72
15 11
4 4
33 33
35 32
62 59
8 5
91 50
62 26
26 25
56 27
53 24
70 3
57 25
28 18
24 14
68 42
95 76
37 21
89 26
99 72
25 3
25 18
48 9
60 52
28 27
80 57
43 34
59 12
23 10
92 16
63 36
27 4
90 65
57 49
61 31
55 12
3 3
73 65
62 7
27 19
63 49
6 4
4 4
29 28
46 4
31 11
63 13
61 26
4 4
68 53
3 2
76 56
14 13
69 39
5 5
27 23
3 2
40 29
94 11
84 18
18 10
98 77
6 2
2 2
55 11
70 21
44 13
86 71
75 32
66 6
27 17
56 18
86 29
87 8
63 44
91 56
11 5
6 5
65 21
39 20
64 55
30 13
26 17
11 3
91 73
14 5
27 11
42 32
13 12
36 20
38 20
64 19
2 2
99 61
22 7
8 2
8 5
39 14
64 62
47 29
7 6
45 24
25 7
43 31
8 3
11 5
52 7
2 2
61 8
53 20
36 4
90 76
32 22
27 24
10 4
83 56
81 35
14 8
75 13
66 19
38 16
74 35
20 15
80 72
52 43
6 6
44 7
31 18
12 2
36 11
93 55
85 46
17 8
45 26
84 24
33 22
16 4
3 3
2 2
79 19
2 2
22 19
5 3
45 10
9 5
87 54
52 17
74 22
100 34
2 2
92 79
83 43
93 81
50 3
10 3
79 78
70 26
62 15
11 4
68 2
95 54
28 28
15 9
90 35
61 26
13 13
45 12
60 48
52 32
84 69
61 15
39 23
71 28
54 12
77 39
9 7
90 8
29 12
45 30
93 63
72 67
4 4
68 25
25 25
59 42
52 38
25 17
72 13
92 21
79 42
54 13
35 5
52 21
58 28
29 26
57 26
89 8
54 2
64 43
12 11
23 5
42 23
74 3
100 51
4 4
57 44
13 2
64 36
38 8
79 24
16 15
74 10
55 45
81 52
57 32
74 62
79 60
92 88
35 32
47 34
32 7
3 2
71 52
28 15
51 40
23 3
89 20
57 52
98 56
28 26
93 86
10 9
52 33
26 9
78 45
37 26
79 79
85 63
87 56
76 64
47 25
73 48
56 41
3 2
31 5
32 7
66 33
63 32
34 29
60 59
86 11
15 4
13 10
13 11
65 12
91 28
56 19
24 3
85 5
56 20
38 32
28 8
49 32
82 13
46 14
51 43
17 11
68 27
32 4
46 23
31 28
57 34
20 11
51 43
52 45
24 17
87 78
46 44
21 19
5 3
9 5
9 6
20 7
34 7
19 19
14 9
74 52
6 2
95 50
98 14
53 18
84 83
34 24
83 37
82 72
11 9
87 21
10 9
68 60
79 45
100 86
11 6
78 22
13 9
81 4
76 55
37 12
65 39
89 43
91 68
98 13
100 65
71 56
56 2
11 8
74 69
16 16
86 23
60 18
73 6
62 58
20 20
69 38
8 7
36 11
18 13
39 21
64 16
94 51
87 84
6 6
78 5
89 9
98 94
30 8
14 5
92 76
60 33
38 13
31 13
13 4
47 18
25 4
64 22
49 5
27 27
99 12
53 46
46 13
18 6
90 39
62 59
55 50
25 5
12 9
56 13
99 59
31 13
12 4
24 5
38 13
35 2
78 24
21 2
67 54
81 26
21 10
37 13
61 5
66 49
6 5
7 2
22 5
92 26
77 51
27 6
80 40
68 42
33 8
93 17
75 9
6 6
39 19
87 44
9 3
74 33
28 28
95 53
16 9
46 44
75 14
88 6
36 26
79 32
18 2
56 29
9 6
78 4
51 9
53 35
7 2
35 2
9 4
67 37
5 3
19 19
40 19
43 26
80 76
34 23
80 79
42 39
46 18
66 21
3 3
17 2
80 58
18 13
42 28
27 4
40 27
92 68
52 5
68 33
100 73
59 3
73 52
57 8
53 10
90 32
56 49
10 3
95 29
30 29
97 70
11 6
43 5
40 11
73 12
3 2
29 25
13 8
59 7
39 38
65 41
10 7
84 43
65 54
34 32
45 6
55 4
16 5
92 37
35 33
29 27
33 19
9 9
2 2
18 9
85 19
5 4
37 25
65 36
77 10
88 33
91 28
70 29
70 30
95 11
100 89
49 12
60 19
41 36
58 24
10 4
43 4
34 25
52 31
11 9
30 18
68 17
64 9
21 18
63 6
29 25
32 15
86 63
5 2
14 7
69 11
30 8
14 3
32 26
60 29
84 80
21 8
23 10
25 20
48 20
73 6
85 4
15 3
57 21
76 2
26 14
18 15
8 3
65 12
88 88
33 19
55 7
26 26
47 38
48 37
98 91
23 19
69 7
48 11
41 12
99 29
63 13
65 44
82 74
21 12
10 10
67 22
14 6
93 75
88 67
58 51
99 45
24 11
30 19
56 15
81 68
76 63
69 15
16 11
23 20
23 8
71 52
68 20
56 25
91 39
98 16
63 27
13 4
8 4
98 89
100 31
15 15
81 49
28 23
81 74
25 2
33 27
77 68
13 3
88 39
89 31
81 21
38 13
75 71
78 30
52 14
10 8
70 41
79 30
80 78
70 47
2 2
56 34
89 46
27 21
34 11
59 25
86 12
12 3
93 22
71 37
49 38
95 82
53 33
37 4
96 17
45 37
59 20
58 19
68 51
33 7
38 11
62 45
33 20
22 8
3 3
12 10
81 74
78 42
78 52
81 44
74 70
35 25
55 46
24 4
44 41
66 8
68 62
50 39
39 38
31 12
65 52
85 34
64 14
91 39
8 2
59 8
40 27
94 50
93 77
81 67
92 79
70 70
97 55
76 41
10 5
56 7
3 2
51 12
29 8
47 36
54 8
60 28
60 27
57 24
88 9
8 6
71 16
84 40
91 48
96 57
90 83
23 14
87 24
86 15
6 4
82 3
65 11
6 2
47 15
98 84
42 21
52 38
54 37
73 56
9 3
44 3
43 33
11 7
15 12
100 22
53 37
19 4
81 27
24 3
53 39
32 6
54 42
54 30
14 9
68 47
100 58
37 35
98 15
25 6
14 12
63 9
58 9
56 47
77 15
28 17
30 11
66 52
42 4
14 9
22 2
26 12
94 82
71 52
58 21
78 33
19 5
17 2
77 69
49 8
50 15
50 45
74 41
7 4
16 11
74 21
8 3
57 13
69 38
16 10
97 78
39 17
45 27
23 23
13 11
48 30
89 51
54 23
94 28
54 53
8 2
57 46
70 27
93 54
96 24
29 7
16 16
70 56
13 4
74 17
19 5
99 47
32 20
35 15
27 17
35 5
84 77
85 80
25 22
38 34
24 20
71 54
16 5
3 3
64 50
54 17
95 12
87 69
24 20
77 38
94 60
13 9
76 53
26 9
68 64
60 6
79 45
93 14
53 26
21 4
47 10
59 19
71 12
38 18
87 43
68 53
61 5
35 3
7 5
11 6
72 71
9 3
67 19
77 64
17 12
18 5
72 17
64 22
15 6
27 6
96 65
14 9
7 5
28 27
62 5
28 25
90 44
4 2
43 34
7 5
60 18
99 68
32 15
17 9
23 8
84 25
100 20
5 5
22 14
2 2
23 8
55 12
51 28
56 33
38 23
43 18
99 34
80 44
23 13
83 60
38 19
37 14
30 16
97 77
14 14
91 32
3 3
60 56
35 18
8 6
93 83
33 21
4 2
41 18
47 15
74 22
55 55
36 16
49 46
34 33
59 54
41 33
9 2
71 21
39 9
20 2
97 88
71 39
57 47
75 73
46 8
77 30
15 9
41 23
98 65
74 65
92 5
19 7
82 40
60 6
47 38
9 8
60 38
26 11
44 38
85 78
49 35
65 44
27 6
54 2
29 18
81 39
47 30
48 16
75 48
76 24
66 13
16 7
55 18
13 9
18 10
28 12
66 50
47 2
100 78
97 69
25 12
78 40
26 19
31 27
68 42
13 8
37 17
49 16
78 26
50 30
19 7
67 8
71 59
46 2
61 8
7 5
76 62
8 3
7 3
12 6
69 44
52 31
11 11
83 61
2 2
58 52
86 42
11 11
72 53
17 16
16 12
42 28
25 7
55 26
20 12
43 33
4 3
38 24
96 21
48 28
77 34
47 27
18 15
15 11
70 26
33 20
17 15
72 68
17 3
96 14
82 61
73 9
19 16
45 38
73 9
39 28
5 2
29 5
50 46
90 31
30 10
58 49
86 25
62 35
50 19
68 44
69 69
76 48
96 86
9 2
7 3
48 16
34 17
64 62
8 5
45 32
38 12
70 2
75 67
31 27
98 58
9 3
83 42
92 60
12 7
37 4
61 10
92 71
9 3
86 22
43 16
40 22
57 27
66 37
62 3
23 6
87 51
75 55
39 14
87 31
32 31
86 26
100 21
56 24
7 5
31 13
49 2
16 2
31 11
74 41
25 7
90 82
76 46
69 18
25 7
23 8
88 63
45 4
46 37
48 9
40 2
52 39
64 40
96 58
49 7
13 12
98 49
82 49
18 3
69 38
82 17
27 10
76 56
44 44
18 4
85 47
72 35
94 40
38 6
3 2
53 41
2 2
88 22
31 20
98 67
97 90
57 16
53 16
54 46
51 46
64 6
98 82
2 2
17 16
7 4
21 10
7 5
22 14
86 42
6 5
57 27
37 35
76 19
80 16
44 44
60 6
33 15
84 72
19 17
26 5
76 12
75 30
78 27
85 62
54 7
72 40
78 46
19 11
25 13
95 17
90 27
72 42
58 24
7 3
61 11
31 19
69 24
62 59
42 42
94 37
52 38
51 20
28 13
30 3
74 36
69 45
72 60
90 33
44 20
25 4
64 55
72 17
19 13
97 74
52 34
24 16
16 12
70 35
6 2
93 18
37 10
10 7
3 2
49 5
93 91
94 15
80 4
39 36
45 17
11 6
56 10
67 32
4 3
13 13
75 72
47 42
82 78
79 18
75 8
84 57
67 34
26 15
26 26
63 53
67 16
10 7
48 29
50 22
90 47
28 26
64 45
76 26
79 11
8 5
31 16
40 10
83 15
95 44
39 19
38 3
33 29
45 18
44 28
29 15
9 5
20 7
22 20
11 6
83 11
61 13
61 39
85 13
30 27
88 61
51 29
17 16
18 11
17 4
41 13
62 32
31 8
30 2
3 2
57 7
61 20
20 17
22 3
27 9
23 19
3 2
28 23
72 21
96 53
67 38
53 25
28 18
17 12
66 44
83 49
37 9
25 4
100 33
3 3
14 11
77 13
32 17
98 91
62 57
2 2
88 24
46 3
93 17
95 9
21 9
5 4
90 49
97 2
58 52
16 5
85 10
25 13
8 8
44 14
51 30
35 2
15 2
49 49
12 12
83 21
52 21
41 15
31 12
89 67
89 42
78 22
13 3
8 5
28 28
33 32
76 62
15 11
18 6
26 3
13 5
66 22
44 16
60 45
8 6
68 16
41 11
59 51
97 62
55 13
74 16
3 2
77 44
70 55
48 45
62 48
58 17
29 29
59 12
81 50
67 60
13 10
43 16
61 40
73 28
66 20
95 7
66 32
42 8
88 49
57 11
78 59
12 6
72 28
73 25
41 3
92 54
18 11
22 18
22 17
51 2
56 25
36 19
59 11
60 39
43 15
75 53
17 14
27 18
9 6
58 9
27 27
80 9
48 46
41 24
100 13
97 46
22 20
36 14
92 66
24 14
48 18
29 16
54 26
88 75
66 60
64 49
78 41
35 25
96 57
60 3
21 21
57 18
35 5
3 2
87 69
73 71
75 42
69 51
2 2
83 53
84 77
14 3
52 23
86 29
14 2
52 40
28 5
76 4
78 75
39 18
12 5
63 16
25 6
44 4
51 8
47 24
7 6
8 3
15 10
60 31
78 65
68 16
55 36
4 4
92 5
61 53
84 28
26 23
66 2
96 82
41 8
29 5
99 74
43 8
9 8
78 20
80 15
85 46
34 6
94 32
75 29
6 2
59 4
37 30
56 52
66 14
90 88
85 13
46 11
71 29
40 28
99 27
55 25
35 2
71 54
60 13
94 70
51 29
53 51
91 5
79 39
59 7
94 22
58 14
16 10
11 5
25 8
84 2
37 6
56 42
79 59
60 13
17 7
14 12
76 24
16 14
61 5
36 24
70 30
37 3
31 4
17 17
96 33
66 55
59 13
14 6
80 37
85 2
25 17
47 30
61 15
38 16
43 43
24 3
28 13
43 11
88 82
87 57
40 23
56 29
25 14
97 10
43 32
29 27
42 27
88 85
16 12
6 2
7 5
87 66
12 11
29 2
26 21
99 88
74 51
50 32
82 53
23 14
58 17
32 8
78 21
30 30
41 34
10 4
91 89
5 5
59 7
8 8
38 31
55 13
41 7
22 19
21 8
13 6
80 75
9 3
55 11
25 14
89 74
19 6
94 70
90 23
42 11
65 39
48 27
52 38
57 21
18 18
98 68
16 14
16 6
5 2
39 4
16 6
89 40
45 19
82 78
27 11
54 3
24 22
49 42
14 10
50 35
4 2
49 6
35 27
17 16
84 30
95 14
36 4
62 20
90 79
79 34
50 42
53 32
3 3
91 14
100 32
23 15
18 7
17 15
81 70
87 29
56 42
60 27
73 72
51 34
59 25
50 41
63 16
31 30
57 13
54 54
28 12
13 2
88 47
45 43
79 75
37 3
47 13
67 43
41 32
34 12
4 4
5 4
94 58
72 34
16 3
73 43
7 6
38 11
75 32
93 13
32 5
26 2
74 30
67 12
19 8
52 32
78 37
52 7
80 70
26 10
67 25
96 19
85 52
80 59
69 54
91 49
96 71
78 42
28 16
10 9
82 3
40 28
81 65
83 79
41 20
62 18
32 29
46 11
96 66
68 2
80 33
67 65
27 3
94 63
29 5
14 13
62 48
95 94
88 13
93 18
22 17
86 54
90 67
67 4
80 63
40 26
33 2
7 4
43 40
26 20
18 13
56 30
67 54
80 45
48 44
88 29
47 10
38 38
84 30
39 6
32 11
10 4
99 83
24 24
20 4
46 25
78 35
83 38
49 30
49 34
57 14
32 17
83 12
49 2
57 28
22 6
83 6
43 14
14 10
3 3
98 24
46 27
72 50
87 45
9 2
20 5
68 61
16 15
18 5
33 33
42 40
63 56
80 47
40 20
11 7
72 60
58 35
56 31
34 22
42 23
60 27
45 16
29 7
31 15
9 6
61 20
33 27
80 35
47 45
35 32
57 47
85 11
90 51
53 38
29 7
66 12
84 43
99 60
13 2
26 18
23 8
74 20
26 20
19 2
91 90
14 10
10 6
98 26
66 12
94 12
83 52
61 22
99 75
22 5
42 32
89 21
93 44
88 80
48 35
11 11
100 40
38 8
56 27
9 4
98 56
55 15
43 2
3 2
78 61
14 14
29 24
56 42
38 12
54 4
46 21
17 12
4 4
21 9
16 5
70 34
21 18
78 60
67 62
19 11
48 11
41 23
99 42
100 72
11 6
61 2
39 28
79 74
38 11
97 58
39 33
49 4
79 36
25 11
64 34
71 70
56 21
33 28
58 52
26 23
91 83
58 19
65 24
86 30
8 4
62 31
95 62
15 13
87 2
7 2
73 50
74 34
22 12
41 23
81 9
63 56
27 10
33 6
36 35
25 21
59 10
7 3
57 12
19 18
54 22
41 9
65 21
99 18
2 2
51 26
36 22
72 15
59 38
49 3
81 80
80 60
30 30
69 49
97 54
41 6
14 3
96 45
13 11
47 32
60 57
54 21
20 11
41 6
15 3
63 15
34 8
96 43
87 72
11 4
39 28
7 7
38 23
47 10
8 2
4 2
34 4
51 27
33 20
56 44
69 59
54 9
57 25
16 10
61 15
84 35
47 21
23 7
24 8
88 53
73 52
96 39
38 10
48 30
36 17
62 9
12 5
76 52
34 6
79 48
52 35
90 60
7 5
83 9
23 8
51 36
64 36
81 59
83 53
85 18
38 8
44 27
97 16
36 11
90 39
57 12
69 55
68 50
5 5
81 66
24 6
87 39
95 69
71 14
7 5
55 6
21 2
61 52
49 5
32 3
43 10
35 25
47 12
33 6
18 2
67 51
53 9
26 7
84 41
8 2
69 11
95 3
39 34
55 4
43 24
80 22
85 3
51 34
16 7
63 8
54 16
20 9
79 57
75 8
38 5
31 11
41 32
14 11
95 75
95 52
35 17
66 38
79 48
48 34
2 2
89 3
94 80
29 15
50 17
50 39
53 48
51 27
5 4
75 40
54 18
68 47
52 14
79 19
40 9
50 22
27 15
88 27
27 6
30 27
38 30
57 26
70 61
94 20
51 24
27 23
22 16
99 69
100 38
56 7
79 18
39 10
39 5
47 10
24 14
57 51
41 19
67 11
20 3
86 77
96 91
37 8
54 18
3 2
12 7
31 21
17 2
83 34
93 31
28 6
77 62
85 53
24 12
44 8
92 84
22 13
82 12
50 48
79 40
31 13
83 27
96 79
15 13
63 20
59 44
86 55
40 38
6 3
6 3
85 62
98 28
82 58
87 85
4 4
16 2
25 22
68 62
27 27
14 13
74 54
83 52
71 16
25 5
66 20
14 7
12 6
33 14
90 74
16 7
28 13
42 11
24 9
56 41
59 38
10 5
12 10
56 29
24 24
18 6
68 55
30 30
77 66
39 11
84 78
96 10
17 7
39 31
66 13
91 53
24 8
6 5
40 33
17 14
61 18
65 41
58 7
73 19
30 4
21 11
2 2
26 18
28 15
19 4
77 63
56 45
56 30
65 48
40 12
88 46
81 24
33 8
40 38
6 2
22 7
55 28
90 51
95 78
41 28
42 20
52 46
45 28
14 8
8 8
62 43
90 71
87 4
18 6
29 22
9 3
86 73
96 34
4 2
93 56
41 8
42 23
84 65
44 39
18 12
18 17
97 52
50 33
5 2
60 21
97 19
48 13
62 49
26 23
5 2
33 25
76 28
83 52
84 76
40 4
24 14
94 2
12 4
37 27
63 49
78 25
35 30
85 83
80 20
89 68
56 44
23 8
47 5
62 52
73 7
28 21
39 9
97 86
40 34
70 48
45 26
63 15
82 23
78 2
7 7
7 5
37 32
80 34
58 4
81 70
59 37
69 36
75 55
6 6
29 24
82 46
8 3
66 55
56 16
80 13
29 19
28 20
66 62
65 49
37 17
12 8
78 50
51 51
9 5
99 89
29 14
43 5
89 26
99 24
83 83
12 3
28 27
6 4
21 14
86 57
86 49
77 61
66 28
44 30
37 2
91 65
72 17
18 10
75 19
36 25
37 31
18 9
31 24
41 7
76 37
95 94
20 20
99 63
28 8
39 28
22 11
25 25
49 4
68 11
89 49
21 12
71 62
40 26
46 34
78 34
66 21
93 59
26 10
7 5
43 23
98 86
30 20
62 34
36 36
40 29
44 41
19 3
57 11
16 11
4 4
40 14
23 16
94 90
28 9
99 71
15 11
64 25
38 4
39 24
50 33
98 12
61 36
26 10
64 4
78 54
22 11
33 13
7 2
50 50
88 24
11 6
50 43
3 2
11 2
10 9
66 18
11 8
68 34
69 41
61 51
28 13
87 86
13 6
77 71
37 7
87 3
21 11
38 2
64 62
81 11
2 2
29 29
63 44
85 57
66 29
74 73
48 9
34 11
25 2
52 12
28 18
27 4
95 25
54 46
20 4
100 47
3 3
28 25
27 13
67 21
7 2
29 6
2 2
87 22
29 28
76 40
33 3
72 57
8 8
32 32
12 7
12 5
90 64
35 13
97 52
20 17
70 33
20 20
6 3
38 22
4 3
65 3
46 26
82 5
3 3
45 5
90 35
10 9
74 58
38 33
9 5
54 12
56 23
17 8
32 20
56 3
18 6
62 16
98 45
50 28
86 65
25 15
3 2
53 47
94 90
53 35
89 79
4 2
19 4
71 7
31 13
30 5
13 7
97 97
47 20
90 79
9 2
89 25
20 18
76 51
52 10
78 58
94 28
77 51
49 8
92 81
66 65
28 24
49 7
100 31
44 31
53 45
14 4
39 33
80 16
36 25
50 24
86 10
4 2
36 2
11 4
18 6
10 10
53 40
2 2
41 10
38 5
51 20
14 12
89 89
7 3
11 7
40 26
78 14
34 21
62 55
98 5
42 29
29 24
43 28
81 4
5 5
44 6
49 20
86 16
15 11
41 15
43 36
17 16
8 8
98 38
85 60
68 3
30 7
5 5
86 46
84 31
76 3
32 5
29 22
94 43
99 92
27 24
22 13
65 27
61 56
65 42
57 20
36 18
74 48
96 89
48 46
55 27
40 18
9 9
41 22
49 44
74 56
57 38
46 22
2 2
78 67
39 9
51 32
78 58
96 83
60 21
44 42
81 38
37 5
7 5
24 22
63 3
80 18
79 76
49 20
61 34
44 15
79 43
75 75
45 17
5 4
64 28
54 41
29 7
78 11
54 16
96 78
40 21
87 15
66 8
28 15
64 28
83 25
13 11
43 23
34 27
88 43
97 24
92 42
36 11
62 39
75 30
13 13
55 3
11 9
28 23
14 2
96 90
79 8
32 15
7 6
57 10
54 30
50 48
66 19
72 32
27 16
90 17
48 42
33 9
76 34
70 21
19 6
70 38
84 77
84 78
7 7
92 59
94 19
3 3
46 20
68 6
27 18
45 36
83 83
41 3
39 26
83 44
72 61
5 5
96 70
55 25
64 36
56 49
55 6
8 8
95 32
15 4
86 59
22 2
92 16
37 9
81 5
36 5
43 29
21 20
95 42
54 24
35 13
47 5
27 9
26 11
83 82
92 37
99 29
29 20
42 36
39 19
73 24
80 13
17 14
42 25
77 61
46 3
67 57
61 47
99 75
84 82
88 24
55 20
35 7
70 50
4 3
55 2
54 32
7 5
60 38
81 76
78 32
4 4
73 70
84 59
91 40
94 86
36 21
87 83
84 8
75 43
30 6
78 72
33 11
88 58
45 36
83 5
10 3
95 75
99 12
80 13
61 37
5 4
44 27
93 11
44 27
40 25
78 41
67 11
35 13
8 2
65 29
12 10
76 62
45 7
44 2
56 15
13 3
88 49
53 16
9 9
21 3
56 4
70 8
65 64
84 82
42 26
78 4
85 75
58 38
100 72
80 41
21 8
90 75
16 16
79 31
29 25
79 6
41 7
49 27
76 26
46 5
53 26
47 46
19 9
92 61
89 53
92 20
61 34
26 12
64 63
49 15
64 57
13 5
20 14
34 30
53 37
100 74
11 9
44 4
52 32
98 64
23 13
23 17
78 19
61 27
13 8
35 26
90 9
13 10
60 49
95 75
21 13
86 80
10 3
59 46
33 27
12 11
37 32
12 9
22 7
84 77
2 2
61 9
68 57
99 22
79 29
27 19
36 24
94 28
99 82
34 31
81 58
25 25
88 56
46 20
43 7
24 19
43 13
16 4
48 9
22 10
37 13
67 57
74 55
90 86
67 47
73 38
78 78
13 4
23 15
76 54
25 9
36 15
57 16
62 37
12 8
56 32
71 23
8 7
26 26
39 3
37 4
75 43
7 2
95 55
88 30
5 2
11 10
64 44
31 4
74 59
60 52
8 2
46 40
73 47
17 3
16 9
17 6
43 20
97 46
92 37
35 27
38 30
34 31
22 5
23 12
31 5
38 20
80 14
79 76
53 49
29 6
100 60
40 3
31 10
55 45
22 8
90 55
76 69
30 7
50 5
53 51
45 44
67 54
7 5
97 71
87 5
22 16
26 19
77 34
57 42
15 2
100 10
67 44
54 13
65 54
89 48
43 27
11 10
26 10
18 13
81 29
92 52
86 33
69 23
66 56
16 6
2 2
4 2
85 33
86 45
96 76
67 10
34 10
39 20
98 69
32 5
78 53
36 2
86 60
20 18
28 12
81 8
2 2
63 25
49 38
35 33
12 11
22 8
10 9
80 33
31 6
66 37
20 17
90 54
5 2
82 45
91 4
63 28
32 8
23 23
70 48
13 4
30 8
66 59
62 48
61 14
82 60
8 2
57 50
51 8
26 15
61 20
70 56
34 24
82 45
71 15
45 12
67 7
31 20
66 30
38 36
71 10
32 8
100 42
43 14
18 18
25 17
59 42
85 57
30 9
21 7
38 13
36 17
10 7
55 50
91 36
21 12
93 88
48 31
18 15
50 16
42 15
78 57
78 7
71 48
80 6
29 7
39 32
72 40
3 2
45 19
64 39
49 18
4 3
43 38
60 23
93 86
10 5
24 4
37 7
41 35
78 52
66 56
2 2
79 23
55 40
33 25
52 25
98 66
12 3
7 3
28 6
96 79
70 30
88 7
35 9
33 7
80 46
36 6
57 20
37 3
57 25
12 9
5 5
99 33
50 17
14 13
20 4
78 69
66 64
2 2
76 50
40 14
65 60
31 20
31 22
62 38
74 27
18 13
5 4
78 5
56 43
46 3
51 13
83 79
4 3
24 24
59 41
92 51
87 87
5 2
81 41
97 29
82 66
94 65
87 39
98 27
19 18
29 20
77 77
81 70
52 15
35 21
15 8
46 9
53 10
13 10
90 66
11 8
45 30
99 42
17 16
20 2
3 3
7 5
82 25
79 18
45 29
58 26
85 71
23 14
32 7
71 30
3 3
7 5
65 21
10 9
2 2
44 19
53 9
67 38
37 9
10 3
38 3
65 38
71 64
99 82
57 23
45 9
56 56
86 64
92 87
33 27
4 2
35 32
91 52
76 59
93 29
100 87
91 4
100 93
42 7
61 21
67 13
25 21
6 5
6 5
86 55
79 71
30 25
16 11
61 36
43 4
50 14
76 62
59 39
98 64
83 69
35 3
81 55
96 47
63 34
57 4
24 4
78 19
86 80
13 9
69 26
66 57
33 10
57 51
17 3
25 23
22 7
97 63
94 92
2 2
11 10
47 42
62 44
32 3
78 54
70 47
86 65
6 5
38 8
30 3
45 37
76 48
41 6
51 16
12 4
30 23
58 44
2 2
64 2
61 17
39 3
36 25
76 26
93 14
60 38
65 44
47 8
40 34
24 19
81 10
96 89
3 3
44 18
31 29
15 10
89 47
30 20
29 27
66 59
40 13
81 2
71 59
31 9
5 4
81 10
53 44
81 69
43 24
35 29
29 5
62 16
100 7
12 7
64 31
18 4
40 8
24 12
93 58
56 22
20 10
82 57
44 36
74 22
23 7
26 12
10 6
89 85
10 4
32 17
65 11
85 19
95 59
55 36
20 18
87 26
25 22
94 78
11 5
6 3
98 91
11 6
30 5
72 30
22 10
78 63
80 7
46 18
52 50
83 6
58 46
12 6
32 26
84 80
23 17
11 8
34 7
41 21
83 75
9 7
85 35
96 56
13 4
81 6
86 55
57 38
88 80
50 30
43 41
47 28
29 11
18 3
36 2
67 32
31 29
72 42
85 54
60 8
73 36
95 27
53 17
58 58
98 68
75 9
21 7
6 3
90 8
77 35
60 41
80 46
46 16
88 13
33 13
71 21
86 62
27 17
21 21
91 67
43 8
77 35
30 28
70 27
7 5
74 66
76 58
75 24
93 51
46 8
75 61
31 12
84 14
77 6
19 10
78 42
2 2
56 43
95 12
62 30
43 18
57 27
73 56
99 10
97 69
10 2
45 33
68 12
66 52
100 34
25 9
68 15
9 9
75 9
33 31
89 34
49 36
38 16
100 54
46 46
73 49
83 78
23 15
70 52
85 7
67 35
31 9
51 41
7 4
45 22
59 6
30 14
53 29
10 9
68 28
19 19
90 27
59 13
21 5
35 23
21 2
17 16
7 5
62 11
22 8
15 3
81 58
77 75
96 26
24 23
59 13
67 13
44 35
68 58
12 5
35 26
47 33
6 6
36 16
7 6
59 43
51 27
21 14
95 13
87 18
71 67
75 67
23 22
25 3
18 3
70 35
13 3
18 10
13 5
51 33
100 89
66 12
60 44
64 2
88 59
42 17
36 10
91 80
4 2
90 21
78 36
3 2
22 9
29 28
39 14
57 54
64 13
69 34
65 44
54 15
64 44
89 52
89 75
31 9
44 31
24 13
43 35
63 32
61 29
84 63
32 30
8 8
29 9
49 14
12 11
81 68
54 3
96 41
31 16
31 16
31 9
74 52
68 34
50 7
58 38
14 4
8 4
70 61
83 44
53 37
67 46
68 6
93 60
26 14
88 76
36 34
96 43
87 59
16 8
51 16
51 20
13 8
82 60
90 22
16 3
13 4
34 4
97 18
70 60
24 6
100 45
34 7
43 13
63 20
57 18
15 11
53 31
61 33
58 21
28 8
13 6
79 56
48 33
95 18
18 10
57 12
69 65
44 26
100 15
39 24
81 49
91 10
59 31
47 34
37 18
49 44
7 6
6 2
68 18
66 53
39 20
35 7
31 25
75 32
57 22
77 74
29 22
51 45
51 27
83 53
60 24
6 3
12 11
64 22
17 3
86 51
24 2
33 27
85 29
68 30
12 8
8 2
33 21
36 20
39 8
79 61
74 4
97 92
99 86
41 3
79 70
23 13
15 9
23 11
26 16
53 30
38 22
84 31
61 14
49 43
32 31
40 31
89 18
27 7
29 10
18 14
6 5
73 34
58 24
14 2
67 12
33 9
91 68
58 13
16 16
13 7
67 3
25 10
9 8
85 65
98 63
55 5
96 72
38 27
99 18
69 31
100 87
30 26
32 24
5 3
50 13
34 3
11 5
43 2
28 10
67 38
65 20
56 40
41 9
36 18
66 33
8 6
39 12
97 11
83 81
78 48
81 67
85 80
27 23
75 57
77 64
27 5
14 8
32 19
26 13
88 80
60 6
67 32
88 62
33 25
33 13
76 16
3 3
54 11
96 73
81 34
10 9
50 48
57 2
19 16
96 8
48 14
24 18
17 10
89 55
11 4
49 20
33 24
46 30
99 37
24 12
75 48
53 7
71 14
78 26
49 31
38 30
16 15
57 38
16 6
46 16
66 16
29 11
49 48
73 20
18 11
46 16
9 3
87 8
10 2
18 11
51 46
40 16
7 3
88 78
78 10
84 16
90 8
15 11
22 17
3 2
19 13
82 57
17 14
85 22
33 22
3 2
49 17
56 33
26 21
16 12
32 23
94 53
98 63
2 2
61 54
40 8
3 3
68 32
43 4
95 19
11 2
71 41
63 46
4 4
68 50
94 15
53 5
42 27
73 39
59 58
97 37
55 18
100 90
38 31
56 12
47 11
32 13
20 12
80 34
22 18
89 84
38 4
73 54
3 2
92 44
80 11
33 10
69 49
34 30
66 26
9 6
45 8
29 14
2 2
100 28
55 33
59 38
99 70
20 18
57 11
89 6
50 17
89 79
96 19
26 12
44 36
3 2
46 29
12 11
40 13
15 9
70 48
54 49
49 20
16 10
21 8
46 17
76 20
32 9
97 8
2 2
32 12
53 11
12 5
75 54
74 14
15 10
97 92
24 14
67 26
80 41
60 59
75 20
25 14
62 23
43 29
35 26
48 47
13 6
26 2
92 4
26 16
100 22
31 26
90 56
22 17
29 11
76 20
22 11
89 36
78 52
9 3
2 2
39 3
100 83
36 21
38 35
32 22
68 18
28 7
42 41
67 61
2 2
5 3
90 82
22 9
45 4
5 3
38 37
91 43
78 70
94 69
18 11
29 21
51 38
10 8
63 62
40 38
6 6
32 12
59 21
72 30
11 5
63 33
82 18
9 2
98 23
35 28
98 87
11 2
54 14
20 12
17 14
92 90
85 33
21 16
42 24
49 35
90 9
80 22
63 41
92 41
85 9
95 91
37 8
41 4
73 5
65 47
26 15
6 5
28 6
15 10
9 8
42 37
8 5
4 3
40 10
44 6
71 26
8 5
33 28
12 4
76 68
99 24
16 4
71 38
69 2
33 8
89 69
4 2
40 39
39 5
4 2
92 92
14 11
37 21
35 16
72 46
10 4
74 52
43 8
85 8
59 32
75 66
22 21
22 12
49 12
90 17
35 2
66 62
66 21
42 10
64 3
13 12
16 7
70 69
54 51
67 45
26 18
59 8
28 13
76 66
75 56
9 9
46 4
10 5
20 13
62 21
61 37
68 56
79 64
37 27
27 27
40 39
40 37
82 61
49 18
99 53
84 47
95 63
80 60
49 3
78 60
66 39
68 20
15 15
76 50
70 60
70 8
9 7
22 12
36 24
29 12
11 7
96 45
99 78
13 7
56 9
54 15
50 50
88 5
56 26
25 7
18 8
83 25
36 10
34 25
57 30
30 7
98 74
40 13
79 14
8 5
43 16
84 51
97 29
97 18
25 14
10 3
61 10
67 17
100 28
59 54
52 31
87 30
39 10
97 75
98 53
32 17
79 30
73 39
73 70
78 14
81 40
82 16
46 4
83 6
63 9
52 40
56 33
97 65
7 5
19 19
55 10
71 58
92 50
79 42
76 13
98 10
44 44
90 2
81 72
25 3
100 24
75 73
3 2
75 73
75 42
8 7
28 16
55 8
21 11
57 31
69 29
74 53
42 4
77 61
98 42
4 3
88 9
87 32
42 35
9 6
76 22
6 6
71 67
32 14
48 35
40 38
78 77
24 9
50 26
70 14
63 47
46 38
2 2
43 32
47 16
17 10
11 7
50 23
33 24
11 10
98 58
33 13
23 6
55 54
83 11
5 4
5 2
85 11
43 34
80 79
42 2
67 5
37 34
74 65
82 73
73 41
54 19
90 64
15 8
49 11
44 16
12 9
74 35
69 35
3 3
87 57
68 56
13 6
71 52
95 42
65 49
21 15
25 11
22 12
71 23
76 49
4 2
19 15
99 36
35 18
52 11
36 27
77 11
42 20
99 61
39 38
8 7
56 35
20 12
20 8
61 2
97 27
62 49
78 70
88 27
10 9
9 5
93 46
67 37
29 6
36 30
96 82
70 32
43 3
76 54
97 8
58 51
46 17
48 41
97 54
13 13
23 8
18 4
24 2
46 29
95 10
93 6
3 3
89 34
76 43
31 4
81 31
58 2
45 29
18 9
33 14
61 40
64 21
36 27
86 55
68 24
66 28
2 2
12 11
82 67
70 64
7 2
23 14
21 2
49 49
85 76
83 79
91 86
26 26
36 34
8 3
98 62
26 15
71 35
62 17
88 62
82 33
96 51
52 52
81 46
44 31
6 4
56 5
66 11
48 26
60 28
10 3
89 32
90 31
88 50
76 25
64 62
89 19
22 16
83 9
15 5
35 24
90 52
54 32
82 38
85 83
67 25
98 9
74 46
66 23
50 35
67 18
18 13
99 2
3 3
56 43
71 68
70 24
39 22
35 14
71 35
99 92
97 67
88 58
38 30
61 15
81 42
49 40
79 67
23 10
46 35
59 49
36 26
18 8
61 14
23 4
4 2
37 37
78 63
89 89
53 29
44 11
94 76
56 50
26 21
18 8
58 13
53 31
45 3
47 18
83 10
38 3
38 17
92 55
94 34
37 23
61 53
85 44
100 9
94 40
15 4
28 19
44 42
77 18
69 13
47 36
72 13
96 18
84 41
22 18
30 6
91 72
33 5
63 19
80 54
20 16
67 65
33 25
8 8
26 10
72 17
21 15
81 48
81 35
46 8
94 75
67 44
22 10
95 86
81 51
72 20
71 19
10 4
97 14
40 7
18 2
52 34
8 6
63 27
59 26
60 13
17 9
18 11
39 22
35 11
92 3
43 43
55 28
90 46
35 2
2 2
51 40
29 13
3 2
98 26
5 5
86 71
50 16
21 2
74 54
18 13
97 23
87 44
3 3
92 39
19 10
11 10
8 8
57 27
8 8
38 18
18 9
89 65
63 25
73 45
2 2
57 41
53 46
29 20
82 58
50 6
37 8
14 13
94 79
55 24
10 2
48 34
24 2
27 5
68 32
42 32
3 2
6 3
93 12
89 57
88 76
3 2
26 21
68 62
27 26
34 27
73 47
36 5
15 13
20 19
67 20
92 76
14 2
91 89
84 79
90 48
40 20
24 6
41 29
36 11
4 3
68 25
65 9
66 14
49 37
41 18
23 18
7 3
38 32
7 7
93 35
11 11
23 16
68 12
93 44
60 21
61 40
55 39
42 27
61 39
69 63
39 26
99 61
7 5
16 2
94 70
49 3
57 25
48 4
66 39
2 2
71 47
32 8
67 66
4 2
83 56
55 9
26 17
52 38
72 8
59 16
74 63
40 23
36 15
64 45
70 17
56 32
98 98
3 3
99 51
69 54
53 41
82 68
94 28
37 36
41 38
71 58
58 36
16 5
81 17
74 64
96 55
38 8
70 18
27 15
69 64
19 3
48 37
23 13
14 3
100 4
32 10
27 23
51 37
28 12
56 2
77 50
54 30
30 5
2 2
95 38
69 60
34 6
45 15
73 21
74 49
50 13
68 14
50 14
10 8
47 33
80 7
39 5
57 23
75 75
77 70
54 28
15 10
86 6
90 13
27 21
72 23
65 11
84 57
49 24
49 12
87 28
85 33
21 4
13 3
78 41
40 5
3 2
14 3
50 36
18 9
84 68
55 5
16 7
14 9
28 12
82 41
12 9
48 10
10 9
79 25
45 20
72 26
49 33
9 9
30 18
88 24
19 5
5 5
61 48
35 20
86 84
98 74
84 51
56 43
59 33
91 50
59 17
73 11
68 24
6 4
38 10
34 22
52 2
37 37
5 5
38 28
33 20
21 2
72 4
72 16
77 52
35 17
60 49
41 26
48 42
33 28
54 5
43 36
3 2
49 31
97 6
99 66
88 48
94 72
20 14
12 8
80 77
71 9
24 17
72 38
84 58
53 7
12 3
33 6
72 64
14 9
93 76
37 30
41 28
29 15
56 44
6 2
68 18
84 44
11 6
22 12
28 14
92 4
12 5
61 5
59 31
96 82
77 77
83 26
16 5
26 22
59 22
43 12
49 5
80 62
100 82
14 2
66 13
99 70
21 21
60 15
40 7
27 17
53 3
13 8
22 3
22 19
67 48
65 39
85 67
70 57
63 21
100 42
13 3
28 2
49 35
44 43
34 19
85 52
39 20
44 17
6 6
17 15
62 15
47 10
94 81
58 12
41 26
22 10
35 31
53 35
9 8
84 14
68 24
99 91
31 5
20 14
39 5
4 3
74 30
16 10
14 12
82 2
37 10
86 33
79 21
85 70
60 34
40 16
37 37
19 15
56 32
57 41
31 12
68 15
36 17
73 50
81 72
62 22
73 58
32 25
47 33
28 15
95 69
39 33
47 3
15 6
56 33
31 20
33 19
60 8
40 20
4 4
85 31
34 21
86 82
94 46
93 7
76 12
79 37
9 7
43 17
93 14
79 3
39 24
87 18
63 24
40 22
77 12
97 94
44 8
90 73
68 40
82 37
61 36
95 45
34 6
7 2
66 63
6 2
42 12
9 8
54 26
91 81
23 22
27 3
44 30
2 2
75 10
3 2
76 50
59 51
28 18
33 6
83 70
70 42
24 12
89 6
3 3
11 2
9 8
8 3
49 44
9 6
37 30
97 48
96 52
87 2
73 18
66 27
83 6
62 4
43 3
36 17
71 32
33 31
61 40
70 64
96 39
49 4
3 3
89 21
84 65
17 11
98 71
23 3
15 6
67 67
40 3
91 43
69 58
8 8
64 12
70 7
58 49
91 6
21 3
43 8
13 2
56 39
55 7
68 5
2 2
90 22
100 55
8 2
45 28
62 30
71 11
100 59
11 10
7 4
27 4
43 2
88 8
5 4
69 69
81 73
90 26
56 54
22 10
49 29
93 82
67 36
93 11
79 15
70 39
26 11
96 43
46 13
82 63
51 50
25 11
20 13
33 15
3 3
17 7
6 5
32 2
42 28
41 26
91 37
99 66
70 61
92 53
17 8
58 46
98 29
29 17
25 22
20 4
5 3
97 52
46 39
41 21
49 8
52 27
35 12
25 21
63 62
47 22
16 6
43 6
57 47
92 48
5 5
30 19
63 36
46 25
93 36
24 23
41 21
93 42
28 25
53 35
30 14
50 38
99 89
69 9
51 16
96 41
63 50
93 93
57 5
31 11
96 7
88 87
31 6
60 50
31 21
38 11
44 25
49 33
9 7
50 37
82 49
21 16
100 9
34 13
26 20
20 4
70 16
77 45
22 5
17 5
71 28
55 32
11 9
3 2
4 4
33 4
38 26
73 42
13 4
79 39
11 5
50 5
96 68
43 15
31 27
15 14
55 32
3 2
8 7
85 18
17 8
99 88
53 5
49 48
50 42
80 54
84 4
75 5
82 31
55 8
53 51
63 59
89 42
13 4
3 3
42 22
88 8
25 8
53 25
25 19
42 27
51 49
80 29
19 10
60 11
93 34
85 20
24 14
72 60
93 11
53 48
74 68
84 80
76 40
36 21
52 18
2 2
69 20
22 11
32 23
58 39
14 5
27 9
33 5
73 19
92 47
60 33
42 38
66 36
85 70
31 21
93 11
67 55
35 7
34 6
36 2
42 9
64 5
66 39
84 72
12 6
33 20
73 59
16 5
33 10
47 21
57 32
98 30
56 48
94 58
44 16
27 14
3 2
16 8
53 27
95 26
20 15
2 2
44 33
53 4
67 44
90 71
65 45
86 51
98 74
5 2
86 84
94 50
56 51
44 39
97 28
87 73
96 67
37 36
84 2
69 11
19 3
67 60
66 65
63 14
33 31
68 5
22 9
91 48
85 12
18 3
53 24
51 38
49 36
24 18
38 31
49 25
4 2
51 24
61 19
5 2
81 35
28 12
76 17
23 18
98 11
69 21
51 33
47 13
68 65
28 5
79 64
6 2
92 64
33 19
36 36
44 33
45 26
14 8
61 12
51 45
41 9
12 5
95 81
23 13
29 28
78 53
73 17
51 45
64 5
14 12
13 6
55 36
96 51
37 35
7 7
96 3
42 7
87 72
51 48
54 29
38 4
80 31
86 23
14 4
40 25
29 26
57 43
28 8
29 26
72 34
4 2
37 10
39 12
95 35
84 10
57 44
21 18
20 15
5 5
33 13
61 48
77 36
95 13
10 4
48 34
29 13
86 31
61 52
94 71
23 12
40 7
64 14
35 28
58 5
57 53
35 3
53 29
63 45
44 39
100 83
68 37
9 3
96 76
45 44
55 10
20 18
76 43
48 5
22 16
67 38
92 42
74 12
95 33
30 10
21 8
75 22
87 8
77 54
19 4
92 33
46 32
18 18
71 25
68 42
36 36
65 8
49 39
75 23
6 6
38 12
5 3
78 30
41 3
93 43
40 17
7 7
88 64
82 47
75 43
83 69
81 5
22 14
50 6
61 9
38 14
99 88
6 6
53 14
89 50
79 74
54 46
48 26
17 13
14 2
87 36
80 32
87 19
24 23
26 13
30 25
31 12
32 4
65 34
100 35
89 11
21 15
69 69
18 13
3 3
5 5
79 55
16 12
9 3
56 33
9 8
32 10
19 3
74 7
44 40
50 49
64 47
67 48
54 27
33 12
26 9
12 11
13 8
33 13
54 44
21 3
4 3
5 4
73 38
59 14
34 3
30 6
62 58
32 25
38 13
39 38
79 49
55 22
22 21
33 7
82 67
42 14
23 14
72 20
50 3
24 4
99 33
67 8
57 45
79 49
69 57
63 52
81 4
7 5
19 10
69 22
36 2
8 4
5 3
41 30
83 30
28 24
95 37
47 40
31 28
21 21
40 11
8 7
41 23
84 52
59 18
29 2
12 8
28 9
24 19
62 38
62 50
24 20
66 19
82 64
78 74
48 35
32 5
15 4
27 24
17 10
100 73
22 13
56 22
30 12
28 27
28 17
59 51
40 28
29 28
56 47
44 28
29 10
58 7
14 11
98 98
49 43
8 7
91 4
87 23
10 6
54 40
17 6
26 18
56 22
90 74
67 26
44 11
12 12
22 2
74 2
29 5
8 5
88 5
34 9
73 9
10 9
54 7
77 52
10 9
45 24
19 13
55 14
73 73
50 33
28 9
53 24
57 41
82 6
53 51
3 3
65 22
94 25
86 3
74 26
42 14
55 7
54 50
87 11
64 6
32 7
42 9
47 15
48 4
68 27
19 7
38 11
52 11
92 51
82 79
25 8
21 12
16 7
85 14
89 42
79 45
26 5
90 77
98 18
45 6
12 8
58 4
21 10
77 21
66 58
34 18
91 36
52 33
3 2
4 3
15 14
72 39
76 74
2 2
90 78
63 52
23 4
22 7
19 2
22 13
100 15
64 29
65 7
55 52
31 28
2 2
28 6
22 12
50 45
23 14
5 5
38 3
87 7
62 49
98 95
50 4
15 11
57 23
36 18
16 5
33 13
21 14
27 23
61 12
48 25
74 34
39 29
76 19
2 2
63 27
96 84
6 5
21 7
28 18
5 5
86 20
63 31
46 39
74 12
20 11
93 18
95 68
32 30
35 15
8 2
98 69
94 34
16 7
24 23
11 11
35 7
86 38
98 46
23 13
95 83
35 19
15 8
98 41
50 30
54 27
29 22
73 7
56 34
4 2
63 3
25 14
84 60
77 39
21 14
86 84
97 67
86 23
21 8
85 72
18 13
41 27
93 29
24 2
61 23
59 38
42 34
26 5
97 6
12 5
5 4
62 52
16 3
33 4
38 13
19 4
29 26
69 35
93 23
18 17
30 5
39 25
15 15
13 8
64 57
14 5
18 11
19 12
43 34
29 2
73 21
92 54
23 10
26 19
14 8
83 26
57 25
83 83
82 18
86 13
27 5
16 13
91 72
15 11
42 14
83 6
27 4
3 3
62 27
18 6
61 3
97 85
61 25
70 39
27 9
55 19
15 8
75 45
91 13
69 58
79 78
31 4
45 9
64 27
43 43
94 26
48 40
92 37
64 43
15 11
6 3
12 9
15 8
46 43
6 6
33 2
57 44
14 13
14 11
94 30
84 23
43 23
50 15
8 4
70 2
4 4
86 31
68 48
83 26
19 4
85 36
17 3
81 41
29 12
36 12
42 18
10 4
46 17
65 40
96 84
12 8
44 4
54 34
68 33
35 32
97 94
87 32
63 27
86 6
40 26
66 32
4 2
24 18
12 6
26 18
20 5
95 81
27 21
4 4
45 34
53 42
94 68
49 37
75 72
47 10
36 34
52 38
20 17
19 19
15 13
57 35
23 22
11 5
39 7
47 27
75 43
38 27
47 47
42 16
58 57
25 5
72 52
46 14
62 16
85 31
96 61
77 35
29 19
74 28
63 16
7 5
43 5
30 27
59 39
14 12
65 18
51 28
71 26
93 34
22 15
2 2
12 10
10 3
34 4
61 36
20 14
39 24
87 65
68 46
89 53
51 44
23 15
85 67
97 63
91 52
21 15
56 37
93 37
99 3
65 48
74 21
13 12
35 24
55 17
9 5
92 65
58 10
30 29
4 3
36 19
54 14
13 13
83 20
100 76
85 13
69 60
45 26
54 13
78 32
65 20
6 4
2 2
20 13
22 10
63 43
84 51
6 4
82 43
99 47
46 37
81 65
94 20
74 12
40 12
46 29
68 38
54 12
22 2
67 4
48 36
67 11
78 22
75 40
34 15
95 29
80 2
82 68
50 23
21 15
33 20
49 24
34 21
65 56
8 3
100 68
19 7
30 21
78 37
85 29
15 11
15 12
50 24
18 6
18 14
71 47
62 15
50 15
5 5
20 7
97 73
37 35
46 4
81 53
12 7
92 49
62 4
75 74
97 51
51 34
86 81
41 20
82 19
29 28
13 5
27 3
96 46
86 47
49 48
34 13
60 7
34 5
33 29
36 29
49 40
68 59
100 74
73 23
15 11
46 22
92 40
82 43
6 5
52 23
61 41
62 23
43 16
64 33
27 6
13 3
10 10
89 83
41 7
23 15
35 28
14 5
97 90
64 56
22 21
30 30
47 29
35 19
75 2
19 19
75 72
21 5
10 6
57 6
73 55
48 12
27 10
3 3
54 44
95 5
67 41
79 16
49 31
37 26
56 13
96 33
17 12
4 2
63 11
19 3
70 68
31 16
87 6
52 52
37 24
98 62
60 6
36 24
65 20
81 71
92 38
2 2
45 44
4 2
63 36
44 6
31 14
16 9
51 49
77 3
6 5
65 28
27 15
74 10
59 18
10 2
58 20
60 55
32 20
79 17
57 33
37 34
20 4
12 4
89 49
86 61
68 63
74 63
7 7
16 6
50 30
33 8
69 12
21 3
22 3
71 18
88 48
53 32
45 18
61 12
29 21
22 3
52 46
74 3
47 42
4 2
35 19
90 78
21 2
49 28
78 41
36 19
26 19
65 50
46 45
88 65
50 14
77 19
98 88
71 43
79 26
45 7
25 13
79 62
74 57
50 2
38 21
99 57
46 8
15 10
81 60
5 4
42 34
81 36
39 30
70 7
14 2
81 3
67 43
83 55
5 5
5 4
68 13
46 14
10 3
31 6
12 5
20 9
48 34
67 49
65 41
34 12
32 8
35 22
94 5
10 2
24 17
16 15
44 5
17 3
44 36
82 20
99 11
2 2
90 68
49 36
30 12
94 38
36 33
45 4
29 12
28 7
40 17
21 7
66 30
23 21
72 66
55 52
27 27
58 23
92 8
75 28
17 8
42 31
12 8
61 29
82 24
2 2
57 39
50 12
43 14
74 40
84 55
86 66
7 4
14 6
68 32
99 57
41 12
36 32
82 74
38 28
69 24
28 22
75 47
68 32
84 17
39 14
25 14
77 15
13 12
62 32
74 68
27 21
78 31
81 78
43 27
93 8
64 43
56 2
90 40
62 5
32 17
13 6
5 2
51 47
91 14
55 52
34 28
26 9
36 36
65 28
91 54
68 62
44 37
23 16
94 30
53 20
99 68
90 11
60 45
77 28
38 16
43 16
49 39
99 51
11 10
61 17
44 32
78 65
63 10
51 5
34 6
14 6
67 34
25 6
36 20
36 15
20 10
46 14
23 19
3 2
2 2
71 47
20 17
21 3
90 30
46 20
63 47
63 47
12 6
9 6
60 6
82 56
7 7
71 65
78 70
7 2
68 19
26 5
39 16
27 26
55 41
87 58
33 14
43 13
46 37
80 39
86 51
94 22
34 30
83 5
23 5
93 67
31 5
25 17
59 56
62 14
6 6
37 31
36 22
75 38
97 86
19 5
47 37
55 54
5 5
58 15
59 21
9 4
12 2
55 15
5 4
44 38
92 12
72 72
27 17
41 19
83 4
2 2
58 50
98 74
58 30
17 6
98 19
3 3
81 47
44 22
25 17
65 54
27 21
41 16
90 54
60 25
69 41
93 75
32 20
52 31
77 31
21 18
94 42
48 31
25 22
35 12
65 31
12 5
51 36
7 4
32 13
17 6
6 5
87 16
18 11
60 16
93 21
31 30
38 36
52 36
75 67
41 27
38 29
50 45
39 36
85 81
98 98
41 16
62 32
17 7
20 16
7 6
52 8
94 66
98 18
15 2
68 55
74 5
10 5
64 57
54 23
68 67
87 57
73 32
69 40
31 3
38 12
80 70
76 7
87 51
47 38
29 28
99 26
63 63
84 18
19 2
91 16
16 9
79 21
59 36
18 6
61 54
39 21
63 21
62 37
55 10
4 2
22 7
96 80
18 4
21 10
83 8
77 23
58 25
80 19
8 4
71 12
43 35
85 43
13 6
95 29
71 17
43 35
14 10
18 3
93 58
15 9
50 33
69 57
42 9
5 3
50 8
13 5
52 29
65 43
96 72
64 34
67 52
7 2
88 40
41 37
86 12
17 17
74 33
73 61
83 59
50 12
52 47
85 45
63 5
33 5
87 52
87 43
73 24
90 86
93 27
46 4
9 3
85 65
17 4
10 2
56 2
52 25
43 4
47 47
21 17
68 39
22 3
4 4
48 44
98 49
69 2
15 2
54 17
22 13
19 2
88 41
45 17
71 44
45 35
91 58
44 5
47 39
29 26
53 50
8 3
89 49
49 47
19 11
21 18
47 20
97 81
80 63
10 8
35 34
73 52
27 21
63 49
12 5
72 18
37 13
50 23
47 38
71 11
49 35
30 9
54 22
51 10
75 30
50 30
25 23
48 10
92 80
66 60
100 35
26 26
87 15
77 45
92 54
67 58
81 53
77 53
85 16
94 76
77 47
94 19
60 38
12 9
6 2
11 5
36 23
92 34
68 27
61 43
72 65
90 85
98 10
99 83
67 4
24 10
80 79
70 25
56 54
70 42
27 21
41 37
89 40
15 5
62 45
55 2
99 67
29 17
27 13
61 59
22 19
28 4
97 73
91 51
12 12
52 12
77 65
30 25
46 2
28 9
25 5
75 24
42 29
5 3
53 18
14 3
9 2
71 44
15 12
42 25
75 39
3 2
39 33
49 2
28 15
14 7
2 2
3 3
5 2
91 52
54 51
49 29
42 31
70 22
49 41
34 11
67 50
36 31
54 40
11 10
41 13
93 61
40 22
80 46
47 38
68 33
38 29
46 24
3 2
34 33
66 12
78 19
28 11
83 17
67 28
2 2
70 50
76 56
7 2
5 3
95 83
65 8
44 41
24 14
96 90
88 18
75 7
32 12
69 63
98 8
13 4
49 8
26 14
81 65
12 10
58 50
14 10
59 23
43 19
76 31
96 30
29 23
17 9
4 4
24 20
86 44
85 47
50 20
72 70
4 2
14 4
93 86
49 3
37 36
25 10
91 13
42 20
67 41
9 3
89 49
66 5
98 49
53 35
18 9
70 35
89 73
73 19
9 7
74 60
32 25
23 3
20 2
56 35
96 52
42 29
2 2
38 24
38 35
3 3
35 11
18 11
20 17
82 41
13 12
41 25
58 26
89 20
6 6
99 94
44 14
80 31
5 2
59 12
71 38
52 34
100 54
38 6
39 23
93 74
72 67
55 11
76 44
38 30
27 12
17 8
71 33
65 15
38 8
92 38
70 49
22 6
37 25
21 6
14 13
20 12
82 79
48 20
16 9
54 48
14 8
14 11
4 2
11 4
23 12
67 37
29 23
51 22
41 20
40 38
86 46
64 7
78 43
47 7
64 53
14 11
71 28
85 38
76 11
62 20
55 53
50 23
63 37
52 25
38 2
48 10
80 39
44 38
70 41
87 84
20 2
12 6
86 59
76 8
13 10
55 12
13 2
33 29
94 13
56 55
93 22
11 3
94 86
25 21
50 16
18 2
56 41
98 45
33 4
27 20
46 37
85 42
89 3
33 19
37 20
38 20
89 74
2 2
50 4
33 15
55 46
24 15
98 96
90 66
54 34
73 43
15 9
22 18
78 59
34 18
68 23
79 37
89 84
49 8
61 23
67 48
5 2
58 34
65 53
88 26
68 4
36 3
21 2
52 32
42 7
45 37
100 27
76 36
32 2
19 17
76 34
46 29
92 39
57 15
21 14
42 13
46 8
55 29
18 14
95 78
30 10
83 9
27 22
85 79
25 5
60 49
37 31
60 7
65 34
94 4
11 9
73 43
45 4
43 3
76 56
73 42
20 6
9 4
16 10
82 67
46 29
31 7
19 7
49 8
73 8
40 34
15 6
94 31
80 8
8 2
7 6
26 18
100 11
88 31
29 18
86 65
2 2
14 9
49 14
66 15
90 23
59 41
76 66
78 68
78 26
48 29
24 11
95 36
36 24
57 5
91 4
94 37
14 5
17 15
2 2
43 40
53 2
72 64
61 29
70 67
11 4
23 22
48 44
56 36
30 16
33 10
80 22
18 7
74 14
15 3
60 47
54 36
91 60
8 5
81 32
93 22
89 57
52 41
10 6
42 40
15 10
71 39
19 7
57 43
45 35
8 4
55 16
93 74
52 50
77 77
18 8
56 47
43 38
86 43
85 28
77 22
22 22
53 31
11 3
62 47
45 39
62 5
97 18
57 57
68 32
72 71
39 12
73 2
81 37
67 41
4 4
88 62
69 29
96 82
36 24
67 27
51 11
70 48
33 3
31 8
55 47
26 18
24 19
74 38
60 47
49 38
68 6
33 3
86 5
74 72
26 3
55 48
80 32
61 31
82 77
3 2
73 15
9 4
68 8
8 7
75 18
82 56
23 11
87 83
7 4
14 6
46 15
40 39
95 29
48 27
36 33
21 4
53 47
99 9
8 7
94 47
10 6
55 38
28 9
31 25
86 2
91 3
26 22
38 31
70 59
81 8
71 55
24 12
24 20
20 8
53 47
63 27
45 42
51 42
66 2
15 14
28 21
97 52
17 10
84 11
65 45
37 19
47 21
93 79
72 27
69 26
79 6
27 23
4 4
38 30
14 14
68 40
32 22
88 52
75 3
17 15
81 71
57 43
27 2
60 12
43 18
61 42
13 11
18 3
12 3
91 66
80 32
93 16
69 61
58 32
80 53
62 6
65 32
10 9
67 48
85 84
91 51
58 5
55 24
99 99
19 10
42 21
69 12
53 45
68 21
14 12
74 30
91 42
74 45
58 11
47 29
33 22
