10000
7 3
40 31
24 21
29 18
3 3
62 58
86 71
99 62
26 21
65 46
34 28
36 18
54 5
45 42
52 3
16 11
56 2
53 28
15 10
39 25
75 22
53 6
75 16
59 26
54 10
54 33
67 67
4 4
97 54
37 19
87 42
89 89
41 27
55 18
98 98
7 5
64 55
97 64
68 36
31 4
68 28
47 35
75 70
38 8
50 20
57 33
75 24
62 44
66 6
78 72
50 27
54 42
68 23
3 2
82 33
65 47
75 47
45 36
85 53
68 14
89 16
22 10
91 54
15 14
53 41
22 6
61 7
52 19
3 3
6 3
52 16
44 31
23 20
86 27
59 16
31 8
80 60
43 7
63 7
18 9
63 40
51 4
5 4
15 9
81 16
23 15
51 30
39 31
86 75
23 22
51 21
6 4
86 82
99 99
35 10
56 49
86 19
98 69
46 43
46 18
88 13
66 3
58 40
24 23
99 90
55 22
21 7
21 6
41 19
66 6
49 47
51 9
41 5
80 12
56 5
81 67
65 29
32 14
16 14
91 72
94 36
97 18
9 7
48 43
23 19
84 52
7 6
79 46
3 2
79 53
69 53
17 15
81 11
65 58
59 38
49 29
3 2
2 2
89 25
49 15
92 30
9 5
48 37
95 29
17 12
45 20
30 12
9 3
64 5
54 30
87 32
81 73
42 17
44 17
14 9
75 24
27 11
2 2
2 2
56 36
57 48
93 50
70 38
86 39
81 80
94 56
92 64
75 26
71 27
39 34
71 64
51 30
2 2
22 16
64 4
8 5
84 77
54 25
4 2
28 20
58 24
37 5
71 42
78 9
65 14
43 10
40 19
61 26
91 25
94 14
79 56
11 5
99 16
35 19
7 7
42 4
77 13
98 12
72 45
81 72
10 4
4 2
37 35
10 8
29 21
87 52
13 6
4 4
61 23
98 40
61 26
81 22
91 9
34 24
49 12
12 6
36 2
40 29
55 52
3 2
45 34
59 47
64 18
15 4
56 22
62 31
59 25
18 13
81 12
40 33
7 5
11 2
86 4
79 45
80 53
19 15
41 18
11 7
27 11
28 4
70 60
63 45
51 8
42 5
15 2
34 24
26 8
80 18
90 52
74 72
21 6
56 36
63 48
39 2
86 59
34 25
47 26
40 30
56 13
59 50
70 46
5 4
39 2
83 15
47 6
44 5
2 2
3 3
28 24
49 28
92 79
26 4
99 23
22 16
69 5
23 18
43 33
20 18
13 10
14 8
71 34
62 60
17 16
48 38
62 51
100 17
99 71
28 5
28 19
97 60
37 33
30 9
27 2
72 48
77 70
84 70
89 86
40 3
36 6
55 9
97 12
49 5
43 35
25 24
72 66
88 85
52 48
84 16
85 43
80 13
56 54
52 25
73 65
14 3
34 30
93 59
47 16
46 32
34 18
33 3
19 16
29 26
88 45
46 13
28 4
29 16
94 15
92 29
18 9
16 10
25 6
88 46
69 67
10 6
64 40
58 33
35 18
78 12
25 5
52 23
16 7
98 95
55 48
83 55
51 50
4 3
69 8
31 15
5 2
13 10
43 27
9 3
46 14
92 15
33 28
71 5
27 20
66 20
40 12
92 66
13 8
43 10
62 39
38 29
80 33
36 34
19 19
24 14
93 41
64 2
7 6
45 20
96 62
63 62
56 7
19 12
99 60
83 66
38 12
5 4
81 13
3 2
57 47
62 9
88 71
82 70
45 21
63 47
59 14
99 38
45 13
92 59
37 18
70 63
48 8
16 10
21 5
27 13
34 23
55 15
82 44
20 2
11 9
59 48
60 60
98 3
41 16
75 11
20 13
86 7
95 76
41 40
23 21
53 16
71 62
53 15
43 7
28 16
18 15
44 21
49 15
50 2
100 68
48 23
30 19
40 19
18 3
98 40
28 2
87 55
2 2
50 16
37 10
42 27
85 29
14 8
57 19
11 5
44 24
35 2
89 41
35 25
45 19
96 61
5 5
37 8
33 12
88 47
30 14
23 2
96 67
71 33
3 3
33 28
38 22
9 8
37 31
100 24
42 34
86 3
91 58
87 58
8 5
42 16
45 5
10 6
56 6
34 27
3 3
65 22
18 17
44 18
80 17
4 2
25 17
68 63
14 7
50 39
78 4
86 68
63 14
96 10
4 4
67 61
73 55
81 41
36 19
47 29
85 39
94 74
85 47
85 13
8 7
32 17
15 7
58 52
18 12
3 2
71 29
10 9
47 22
10 7
96 22
55 13
29 4
3 2
96 8
71 63
26 25
65 57
67 9
25 15
46 5
43 9
84 47
89 77
67 36
98 3
67 21
54 35
62 37
99 81
77 48
78 19
78 60
49 22
21 21
3 3
84 31
70 18
44 19
66 3
64 25
68 5
21 6
15 15
7 2
7 4
69 48
3 2
28 9
20 8
24 6
92 76
51 41
91 28
32 28
60 26
67 48
47 29
11 11
44 15
24 13
58 4
94 21
100 51
99 43
85 61
47 15
73 56
39 34
80 51
93 38
23 19
34 22
18 2
37 19
5 3
21 12
96 69
34 8
77 3
83 2
45 43
66 29
96 89
11 7
65 37
50 11
37 21
21 3
71 50
80 69
66 61
16 5
19 4
66 37
23 14
3 3
40 39
50 30
62 30
57 22
53 24
4 2
46 6
71 3
53 20
85 80
42 31
72 43
18 11
58 7
34 32
91 48
20 12
31 11
96 50
39 3
64 10
32 28
83 19
69 62
34 31
43 4
35 30
7 6
24 3
98 4
22 22
13 9
18 16
63 14
79 70
74 16
56 35
64 13
84 53
56 54
22 6
13 8
38 5
39 15
51 30
57 2
46 13
16 7
5 5
36 2
87 87
97 2
82 20
93 68
16 8
72 32
21 21
13 12
58 38
100 91
80 8
79 76
68 33
61 16
47 31
72 24
17 4
95 92
80 46
18 8
63 4
4 2
48 18
30 9
80 5
22 5
30 9
45 15
81 21
55 55
37 27
76 38
82 10
71 62
37 30
86 11
85 19
30 28
41 38
27 17
62 39
8 4
72 25
56 37
39 23
44 31
4 3
69 17
72 40
56 40
93 73
83 45
43 15
93 46
79 22
71 2
51 12
57 11
76 25
37 20
55 28
32 3
89 73
82 57
35 2
80 4
75 40
27 23
33 4
60 17
92 64
41 41
26 15
32 29
77 54
58 5
75 10
92 73
16 16
52 51
50 9
3 3
16 5
16 12
8 6
70 33
40 26
48 11
26 7
17 7
65 59
100 71
6 6
16 11
29 13
8 8
17 7
80 15
73 55
66 49
68 15
5 5
84 63
80 30
92 60
13 12
38 8
50 33
83 66
3 3
71 55
42 29
77 72
99 81
15 15
63 44
18 9
43 35
48 47
7 5
57 25
78 28
77 58
56 46
7 5
70 9
98 63
12 8
52 45
33 7
37 35
50 24
20 11
52 18
44 10
100 13
82 12
13 9
32 6
3 3
5 2
6 3
86 66
66 24
17 17
23 17
40 29
80 7
98 61
68 15
57 39
87 38
62 27
72 48
17 14
54 27
96 57
24 8
94 45
89 26
83 79
81 48
25 20
71 17
10 3
15 10
22 2
39 20
10 4
42 10
2 2
80 70
4 4
97 86
8 2
87 24
8 4
37 14
100 26
45 5
40 40
84 5
85 51
66 40
52 25
76 38
64 9
85 21
78 12
69 10
19 6
59 31
64 12
87 50
2 2
75 17
66 36
69 12
4 2
68 48
94 65
46 26
66 56
25 19
34 11
39 4
5 3
21 10
42 19
59 38
87 3
12 5
96 16
48 32
86 72
54 24
15 5
91 35
65 54
88 59
3 2
6 6
9 4
57 44
37 8
7 4
84 18
84 79
41 11
28 11
40 13
67 45
80 62
52 7
27 24
30 27
60 19
67 4
12 2
70 28
88 76
13 13
85 2
58 22
29 10
27 13
8 2
56 29
90 57
25 20
100 42
95 79
2 2
38 7
8 7
72 25
96 48
59 35
9 4
73 24
91 6
38 16
58 56
79 35
46 16
6 5
32 12
95 10
94 92
72 20
28 4
92 54
51 2
85 62
68 34
51 13
91 9
7 4
15 9
83 46
38 22
48 43
74 52
4 4
26 6
82 58
41 13
99 13
73 52
100 41
33 22
6 2
81 23
82 49
38 13
83 80
47 7
75 8
94 59
57 23
43 7
50 41
29 13
38 3
16 12
100 55
50 10
56 54
74 67
67 37
43 6
41 12
97 44
97 14
38 18
86 55
37 20
44 16
52 51
57 45
33 4
51 3
22 18
85 19
56 22
38 19
65 3
81 48
33 22
94 65
92 87
85 62
76 10
3 2
14 9
17 6
57 2
46 6
75 55
98 96
3 2
53 25
99 27
11 10
57 49
16 11
66 65
12 3
44 17
51 14
37 16
11 7
6 2
37 16
5 3
6 2
21 11
87 40
61 24
52 2
76 17
15 6
39 23
16 4
71 18
55 52
58 7
67 4
73 23
74 30
58 20
68 60
66 20
15 11
49 2
68 40
57 15
97 29
69 53
12 5
91 2
67 4
39 29
49 16
98 72
37 32
34 14
82 78
50 2
8 3
12 9
39 11
97 50
28 27
70 31
7 7
98 31
68 59
20 14
29 20
97 7
73 13
2 2
37 35
90 74
96 32
28 8
54 54
56 2
27 17
92 5
13 10
88 40
50 30
95 77
96 67
100 2
48 12
10 6
96 58
8 6
11 7
67 22
50 32
52 25
15 5
41 17
64 42
6 6
50 25
45 41
23 22
57 55
66 58
32 22
65 64
94 59
78 39
83 70
15 15
65 23
69 25
17 11
30 19
38 29
75 20
96 34
83 26
19 13
20 6
96 21
35 26
92 34
85 52
84 31
29 14
77 31
9 8
87 53
59 19
22 4
20 12
33 29
47 13
85 12
41 26
69 30
37 3
74 59
75 4
28 23
49 32
2 2
67 62
46 13
19 18
78 4
88 33
62 26
34 32
42 35
49 47
12 2
49 22
15 15
32 30
84 66
83 30
99 64
78 41
23 13
56 41
65 63
15 11
88 80
81 45
80 62
21 13
52 23
100 4
20 11
96 85
91 66
74 4
76 29
86 46
32 14
53 16
83 14
7 7
82 3
8 8
77 62
44 41
32 32
55 30
73 46
39 27
82 33
57 26
27 19
40 7
95 39
55 54
36 12
25 13
11 11
65 51
46 32
93 32
100 72
69 64
44 18
57 42
86 21
31 4
7 3
98 6
20 17
30 10
4 4
46 43
65 12
29 13
84 12
2 2
4 4
34 14
20 3
19 8
99 13
58 32
73 10
21 20
77 5
21 15
40 15
17 7
75 45
49 40
80 65
12 10
82 26
33 9
49 7
8 5
72 40
94 50
74 27
81 56
78 33
23 23
100 26
41 3
83 31
28 5
99 61
13 4
33 16
43 40
53 20
48 10
22 12
30 13
59 35
95 94
87 62
94 32
89 55
51 37
11 8
31 30
5 3
34 9
88 35
75 5
60 26
92 54
32 14
76 63
67 37
36 21
65 30
29 11
54 5
49 13
33 31
58 55
53 40
62 3
8 5
63 52
83 57
80 37
70 17
80 69
98 83
4 2
97 44
41 32
90 56
94 34
22 4
32 22
29 11
42 16
45 25
45 17
26 15
21 12
13 5
81 9
26 10
98 78
8 2
80 21
67 65
75 4
86 84
79 26
81 80
99 11
22 2
11 2
80 29
51 3
60 40
53 6
70 50
49 36
85 41
89 51
14 9
8 2
49 36
79 38
45 20
36 31
14 4
26 13
42 15
8 3
39 14
91 8
67 43
41 26
5 5
45 6
49 4
48 10
81 6
16 10
44 16
22 22
5 5
37 24
95 78
84 73
13 3
85 42
30 12
71 31
35 4
75 30
65 42
57 48
27 23
65 3
92 77
56 11
62 3
37 10
57 15
4 3
70 2
70 54
44 39
41 4
83 8
26 8
15 15
60 50
20 9
68 51
7 3
78 58
50 37
58 27
16 13
57 12
55 26
33 9
85 74
74 16
53 36
40 27
28 10
74 57
95 25
87 69
63 26
3 2
11 4
91 68
9 7
53 27
48 3
41 12
3 3
70 25
31 17
90 65
20 5
40 25
68 45
20 3
70 51
54 21
29 23
96 49
5 3
81 53
96 22
21 7
92 63
97 62
12 2
48 21
66 59
84 44
48 3
96 60
96 91
28 24
27 8
79 33
45 23
36 15
32 11
9 6
54 33
53 13
16 13
100 45
21 13
92 62
99 40
100 69
100 37
52 5
52 31
68 45
20 14
34 24
93 83
5 5
59 5
74 4
100 68
58 34
51 27
48 4
95 95
90 57
14 5
78 2
60 55
84 26
91 47
67 5
5 4
43 10
57 25
15 4
95 26
94 49
85 61
5 3
51 51
6 2
28 5
45 16
61 51
54 6
42 39
97 88
67 10
92 32
70 41
85 65
21 19
18 8
71 37
3 2
2 2
90 54
54 36
19 10
49 5
55 22
67 52
56 49
26 23
61 20
52 36
9 3
39 8
46 13
17 10
81 77
25 20
53 18
18 7
65 65
38 11
70 19
41 10
20 15
33 10
16 13
46 45
93 90
21 20
15 12
85 67
38 3
36 24
94 4
51 5
37 33
26 20
75 2
39 32
47 40
37 8
33 16
56 14
48 40
62 47
81 78
65 9
80 44
17 10
79 78
100 17
56 10
24 2
68 9
97 79
83 26
82 82
94 44
59 55
9 9
84 26
26 16
70 30
91 78
74 23
94 51
32 3
15 14
5 3
93 8
55 10
32 4
68 42
5 3
51 24
40 38
5 5
4 2
63 45
36 36
41 37
3 3
13 5
50 27
71 5
76 16
40 33
94 81
31 3
2 2
30 18
6 4
77 38
80 53
38 38
53 40
16 7
76 10
100 16
11 3
88 38
64 63
12 12
43 2
32 5
17 14
25 15
56 41
82 68
10 3
20 16
6 2
93 45
47 39
14 3
32 7
80 3
63 12
90 38
7 5
99 17
16 6
43 20
12 9
25 23
55 4
94 71
60 44
94 6
44 16
14 8
77 42
33 13
77 33
98 34
2 2
87 36
45 7
18 9
62 26
35 8
73 17
38 35
94 80
47 20
43 17
11 6
22 16
45 21
86 14
7 7
26 14
45 34
39 16
48 23
72 17
92 64
67 4
40 12
3 3
22 16
42 7
75 18
44 5
41 37
5 5
99 13
52 24
47 30
100 26
18 13
30 9
78 63
62 31
68 23
19 7
97 5
15 3
63 14
75 12
82 21
68 57
81 47
35 8
76 71
50 23
88 54
27 20
93 72
64 4
92 6
6 3
20 3
45 40
54 8
92 46
68 66
36 11
46 34
16 9
70 35
59 34
65 65
37 4
52 8
67 65
43 38
25 18
59 13
22 12
37 35
13 7
69 51
13 7
31 20
23 21
21 11
92 31
14 3
79 72
76 69
75 75
81 49
83 3
70 40
97 6
83 10
81 72
76 65
55 31
92 15
25 13
69 45
90 67
19 5
84 3
43 32
68 51
71 22
99 97
28 3
59 10
91 22
60 29
23 15
83 17
19 4
89 55
99 55
45 19
9 5
98 34
54 36
7 6
54 27
49 49
37 33
4 4
20 6
92 50
91 84
81 54
29 5
100 73
4 4
12 10
89 27
79 28
20 8
27 19
27 6
7 4
6 5
45 35
5 2
67 56
78 77
96 62
32 29
53 27
28 9
10 3
52 11
30 10
34 24
46 21
52 17
5 2
60 32
49 7
67 44
14 3
46 28
98 55
10 8
58 15
27 14
92 44
94 31
23 4
28 18
40 38
48 36
74 47
59 27
45 7
36 31
60 37
24 10
62 23
63 58
96 54
97 52
65 39
58 45
100 75
29 5
12 11
11 11
17 15
74 60
26 10
24 5
80 33
95 22
55 51
95 60
7 7
86 61
9 5
45 22
92 48
48 43
81 73
79 4
78 7
32 27
48 3
80 75
88 18
24 18
38 12
99 39
96 60
53 13
26 5
47 43
27 8
46 28
91 2
42 16
75 5
78 39
32 19
81 71
68 61
43 27
35 24
12 5
61 15
36 32
13 6
29 19
89 3
26 12
48 26
88 40
64 11
61 44
20 18
80 76
78 44
37 5
5 4
5 4
65 60
86 34
29 28
33 21
36 19
98 4
91 48
81 79
18 8
77 25
88 16
21 14
100 21
44 19
57 12
77 37
2 2
64 35
68 50
57 22
50 37
71 44
43 32
90 75
8 2
78 41
49 49
19 10
50 47
28 17
49 38
65 47
21 21
83 45
18 9
65 8
44 27
35 5
12 12
70 21
34 17
41 23
23 4
92 37
36 35
89 28
76 23
18 2
43 16
54 35
57 44
47 5
46 39
30 23
5 3
53 33
66 61
21 16
89 86
9 2
30 17
26 20
81 79
4 2
75 38
94 55
100 74
58 52
78 38
97 15
46 23
85 46
90 9
45 18
27 22
7 6
56 36
47 34
70 38
23 9
24 12
65 13
55 44
10 4
26 23
70 69
24 15
21 16
74 12
20 7
71 66
45 8
96 16
83 19
30 13
7 4
6 5
6 5
91 35
90 14
84 48
64 13
77 5
27 13
89 78
18 14
28 24
55 24
90 7
8 6
23 8
18 9
71 12
80 45
3 2
62 18
49 22
21 21
10 3
61 32
89 59
54 4
19 15
87 49
76 69
100 9
5 3
9 6
24 3
38 33
86 12
18 9
31 23
77 53
58 13
42 22
85 62
93 5
18 10
65 27
91 62
68 12
53 53
92 18
24 9
47 2
5 4
28 2
23 10
79 68
24 7
19 13
46 15
55 50
62 49
72 34
60 7
42 35
22 22
55 21
48 25
77 5
12 11
48 37
63 47
85 50
30 17
2 2
10 6
83 38
53 20
12 10
47 4
20 6
16 4
2 2
55 37
89 25
14 3
82 37
89 6
62 51
34 3
3 3
72 20
60 57
55 41
100 17
33 24
66 66
74 41
80 61
20 4
45 38
63 26
66 49
9 5
31 16
57 45
82 5
29 20
51 36
96 47
92 12
39 28
100 30
88 55
76 57
57 10
26 10
35 5
37 24
85 76
9 8
14 9
45 39
3 3
100 65
28 18
67 28
85 28
67 34
66 23
30 24
28 25
27 12
26 12
22 9
13 11
21 3
81 70
55 20
4 4
37 26
5 2
70 29
38 20
19 12
96 32
30 28
4 2
80 14
38 17
79 7
82 13
35 22
89 31
67 14
24 6
55 53
5 2
3 2
32 2
4 3
61 34
38 14
43 10
44 36
66 15
29 14
44 28
68 59
26 14
96 66
30 7
5 5
40 25
43 29
84 51
54 27
18 14
64 3
74 3
100 64
40 8
91 58
17 4
92 19
35 17
60 29
41 31
84 3
74 72
43 33
5 2
11 4
5 5
21 16
83 40
41 28
40 40
8 7
77 59
92 72
61 54
77 8
10 2
65 53
88 9
15 15
66 51
97 75
7 6
22 19
14 13
40 2
11 4
20 15
31 3
73 62
18 17
74 3
12 10
96 84
3 2
19 3
88 5
6 6
48 12
71 54
90 38
80 58
43 26
2 2
11 9
65 53
23 21
33 24
68 3
82 33
13 11
71 14
19 16
34 4
41 17
75 68
43 42
87 81
96 62
46 5
90 48
41 16
99 19
13 3
41 22
93 87
78 9
66 15
4 3
24 9
8 8
18 17
12 4
7 4
89 22
60 14
60 28
64 40
52 19
46 7
37 25
26 18
11 11
58 17
18 2
66 31
75 53
38 7
36 26
96 59
9 8
87 65
38 6
29 23
19 3
55 11
16 16
42 6
55 41
74 31
35 23
94 56
6 6
12 3
71 7
12 6
58 58
97 63
53 22
32 29
72 15
23 14
12 11
100 72
33 6
3 3
57 23
50 13
99 28
99 74
43 30
15 3
52 11
96 48
80 27
59 3
8 3
34 28
70 30
15 5
5 4
79 15
44 38
70 11
46 38
81 31
34 5
52 44
51 19
34 11
64 16
46 43
54 41
63 44
53 28
6 2
77 66
67 46
54 11
88 5
56 46
27 9
9 8
95 53
67 58
49 30
19 7
24 12
34 7
58 55
33 29
78 6
10 4
24 21
45 39
92 61
63 21
8 2
94 75
37 11
47 41
42 19
4 3
20 2
33 9
85 18
98 60
17 8
65 29
21 9
32 21
37 6
35 10
97 80
42 29
98 97
100 34
56 40
89 62
86 70
100 12
2 2
38 36
76 53
100 18
20 6
99 69
43 22
32 7
89 46
18 5
23 8
60 58
83 75
34 10
72 35
79 36
48 19
38 38
62 27
94 22
26 2
49 40
86 11
78 64
78 39
58 56
7 2
63 44
76 36
35 29
51 8
5 3
44 35
14 12
5 2
31 21
51 40
92 68
51 41
4 4
20 16
28 19
2 2
98 45
31 25
36 8
34 24
87 53
69 32
38 3
18 14
57 42
51 37
58 45
75 37
47 45
88 5
78 22
67 32
89 49
91 88
91 40
57 33
49 49
18 10
53 49
65 29
31 2
42 30
85 55
52 15
65 61
44 17
2 2
18 17
64 20
34 27
14 4
24 12
28 8
90 68
59 42
53 51
68 43
30 21
18 6
53 50
25 19
24 21
76 43
5 3
32 14
77 42
2 2
91 2
2 2
32 9
55 11
95 56
25 3
23 16
51 35
34 10
97 74
96 72
51 45
34 23
36 24
48 36
65 37
55 20
65 65
47 15
97 51
3 2
3 3
89 53
39 8
87 77
89 4
33 10
61 59
8 7
25 14
16 4
31 29
64 5
65 18
31 14
54 24
39 4
43 3
59 59
63 20
61 53
87 67
64 21
53 31
94 43
28 9
81 81
65 55
64 17
41 9
80 37
26 7
65 47
75 52
63 51
92 14
40 25
25 4
12 10
19 15
59 26
50 16
94 36
22 4
9 5
66 23
82 72
37 18
21 3
39 32
23 10
65 48
63 50
86 64
98 32
61 42
21 20
77 38
19 12
53 32
6 3
49 9
96 2
28 23
17 13
49 33
49 43
19 17
8 4
21 11
79 41
99 84
77 59
42 2
25 9
11 10
18 14
49 49
2 2
38 32
14 9
43 40
67 24
48 41
34 18
40 20
69 13
23 22
40 18
28 13
39 8
4 4
16 7
60 42
37 25
6 2
27 4
51 39
51 21
6 6
40 28
90 70
3 3
7 2
16 10
82 53
94 83
69 44
25 15
40 2
15 12
27 11
26 8
9 6
6 2
96 58
61 20
70 29
86 2
9 2
61 37
87 80
27 20
44 30
8 2
68 14
8 8
26 7
88 76
73 45
96 76
59 44
75 7
82 66
59 7
32 9
63 5
18 14
44 35
34 4
52 52
71 55
78 63
26 14
88 45
66 16
91 81
2 2
10 6
93 69
49 20
8 3
70 63
70 65
32 16
90 50
30 14
56 13
21 20
78 77
54 52
72 19
19 8
14 12
75 42
92 21
16 16
8 3
73 14
47 6
90 8
47 45
62 12
52 31
89 39
34 19
39 19
69 47
26 4
60 36
79 44
61 17
79 73
61 3
30 29
14 13
68 51
12 12
25 18
76 73
12 2
100 90
46 40
69 65
45 28
5 3
95 92
57 16
62 8
55 19
93 16
58 32
86 65
45 9
77 37
15 4
92 9
15 15
50 8
48 47
16 13
10 5
23 16
89 49
35 16
17 6
84 35
61 8
85 62
82 80
99 15
70 44
51 39
82 62
5 5
4 3
50 8
78 66
97 10
72 61
12 7
19 4
48 36
79 76
49 34
99 52
43 19
56 13
26 26
96 63
88 45
97 61
50 14
88 8
81 68
30 19
67 60
86 74
55 35
91 70
68 64
100 47
38 27
32 16
57 13
90 43
35 32
26 14
61 33
29 22
20 12
74 39
66 19
20 18
84 25
98 80
19 3
47 18
98 29
50 36
34 7
43 40
85 69
7 7
36 15
75 69
66 39
98 74
5 5
88 77
69 65
77 24
25 20
41 2
47 19
73 72
88 59
56 48
7 3
63 4
70 60
73 17
70 18
100 55
10 7
61 22
97 86
85 28
13 13
100 23
89 42
52 25
84 77
24 7
20 15
99 82
91 70
96 28
48 23
18 11
40 38
64 61
36 30
56 38
11 3
72 10
11 11
88 23
34 32
5 5
83 25
37 17
87 58
6 4
29 19
17 2
73 36
93 13
64 37
45 38
54 11
14 8
96 23
7 4
51 31
90 78
23 3
7 7
36 24
2 2
21 13
33 25
89 75
32 8
12 10
83 79
5 3
40 29
65 40
7 4
23 21
67 12
76 59
45 29
5 5
43 24
16 16
48 46
70 43
32 12
50 47
100 27
89 62
12 4
94 21
81 19
14 2
83 43
32 32
52 48
17 11
87 84
43 20
95 53
87 64
4 3
18 12
55 37
50 27
71 71
53 48
5 2
32 4
11 4
49 24
79 38
90 8
79 44
57 37
43 42
32 21
85 60
61 60
16 10
59 46
60 36
64 52
67 60
75 55
95 23
78 74
25 24
99 32
62 59
9 8
92 31
79 24
85 59
40 2
56 10
9 7
53 34
35 12
12 10
73 45
95 20
42 4
67 17
8 2
90 88
85 75
56 43
13 2
69 65
51 3
2 2
51 41
19 16
10 9
73 49
45 8
55 30
70 47
49 14
97 6
93 9
18 3
5 3
58 25
2 2
58 11
53 32
53 9
13 10
70 5
63 45
12 9
18 10
19 17
59 49
25 12
12 6
56 55
7 5
3 2
34 21
50 12
5 5
47 18
77 76
82 59
3 3
26 19
26 9
10 7
96 90
64 26
31 2
64 47
48 36
23 14
58 38
99 61
2 2
62 28
83 32
49 8
59 23
30 26
79 73
90 73
94 80
5 3
19 5
72 4
37 32
27 16
53 12
99 82
94 91
64 40
25 21
28 18
81 60
27 4
7 7
5 4
79 56
71 21
100 25
36 14
16 10
54 45
38 38
15 5
97 41
62 39
87 36
14 2
35 34
92 29
35 33
50 10
53 14
45 8
47 8
19 15
8 5
5 4
77 14
30 26
18 8
14 9
10 6
56 29
54 40
92 37
90 2
45 30
28 13
14 14
81 72
97 69
82 48
80 6
18 18
60 30
26 9
61 19
46 9
100 77
20 11
12 10
57 26
79 5
33 29
79 14
43 7
28 11
61 41
3 2
51 20
82 32
85 32
83 31
33 24
71 16
76 7
20 15
47 20
10 4
37 19
63 29
70 37
78 53
99 22
24 11
80 48
86 63
94 89
73 22
11 7
64 14
20 4
64 2
100 68
100 91
26 4
6 2
30 16
96 28
17 16
69 17
25 4
87 66
3 2
14 14
2 2
25 18
22 17
94 24
28 26
100 47
95 5
3 3
17 8
72 46
25 5
42 41
73 45
38 34
6 4
89 30
44 36
82 24
6 4
50 35
67 53
25 4
59 26
28 11
95 14
45 6
29 7
30 11
72 23
57 34
80 8
63 44
17 17
62 17
58 47
14 4
44 20
84 35
69 15
16 10
47 5
38 26
39 9
28 24
38 26
77 20
9 4
12 2
56 54
27 11
71 54
17 9
53 23
57 56
25 4
3 2
92 6
41 38
46 32
45 10
44 33
80 29
94 20
72 19
56 38
93 91
18 7
63 41
47 25
5 2
76 20
56 13
81 53
40 33
87 76
68 59
63 54
90 77
76 24
2 2
80 29
46 16
17 15
64 32
19 15
96 73
9 4
34 21
79 62
46 20
52 16
28 23
55 6
40 20
85 26
58 43
50 45
23 9
68 44
98 87
77 60
57 23
41 36
25 24
5 4
8 4
63 47
56 37
90 20
57 17
87 23
3 2
56 15
12 2
77 51
11 11
31 12
77 13
15 6
20 3
79 53
57 29
66 37
51 23
85 28
95 63
29 3
73 56
47 30
72 25
13 12
76 35
86 29
44 11
35 26
29 9
8 8
93 27
12 2
8 8
26 15
5 2
44 3
23 16
29 17
43 25
94 29
15 7
50 43
40 12
29 27
93 49
10 5
24 20
2 2
98 41
38 31
30 10
7 2
64 26
7 3
46 13
48 40
64 38
15 3
3 3
70 16
57 11
75 26
39 3
14 10
57 22
64 19
83 28
95 36
59 40
26 13
82 67
62 53
24 23
72 23
48 21
14 4
53 48
64 53
84 43
77 44
89 13
75 23
61 5
24 20
42 33
77 35
95 51
77 34
65 8
84 27
6 6
77 20
75 31
40 22
26 24
97 70
21 13
70 11
38 23
85 58
49 34
22 15
66 14
80 70
50 38
29 12
13 9
84 22
90 72
89 13
100 100
19 12
20 8
30 14
43 35
21 4
94 5
60 24
54 4
68 32
30 4
65 2
90 77
51 7
84 33
16 11
54 16
3 2
62 3
39 13
2 2
51 41
77 23
97 69
20 17
84 23
58 13
86 72
97 81
16 11
16 12
79 47
28 3
62 44
38 25
93 56
64 35
3 2
4 4
91 70
73 18
24 10
90 63
79 46
18 3
80 47
21 21
52 12
88 34
86 10
97 55
6 6
19 4
36 10
93 29
16 9
9 9
45 26
60 4
6 2
43 38
23 4
50 24
92 58
28 20
4 2
81 72
98 89
8 5
22 18
86 9
14 7
98 70
41 17
85 62
67 43
37 30
31 10
44 2
46 45
46 20
59 26
90 85
24 6
40 27
48 43
12 2
86 66
87 41
27 14
33 31
53 32
42 35
97 27
4 4
40 15
68 9
21 11
28 26
8 2
62 38
83 53
83 58
63 55
40 3
52 19
30 18
80 69
38 12
21 17
20 5
18 10
33 13
49 8
28 13
99 86
63 51
2 2
52 45
72 54
63 47
30 9
6 3
48 4
47 8
9 6
97 57
51 14
98 98
39 26
44 44
94 84
40 40
98 97
12 6
41 15
72 65
66 64
91 57
59 26
29 17
45 15
49 27
52 51
8 2
37 2
32 2
86 20
27 15
5 2
58 52
54 52
78 18
89 40
96 66
98 30
51 27
7 6
71 41
78 51
57 34
65 60
78 11
68 25
71 22
43 33
94 43
25 17
76 34
74 7
15 11
96 26
82 55
34 23
97 58
40 35
93 77
68 37
60 27
61 32
29 18
59 41
9 3
65 37
11 2
76 25
76 13
94 8
53 43
19 5
17 7
80 74
6 6
54 31
27 11
44 10
39 19
16 13
78 27
86 86
97 23
15 9
38 6
21 4
65 58
70 39
95 26
95 68
20 6
65 33
76 34
65 40
78 8
85 71
30 7
45 28
73 31
84 83
51 12
32 21
29 2
8 4
73 3
39 25
29 22
25 7
79 54
72 8
90 59
5 2
4 2
21 14
17 10
90 17
64 37
25 4
79 36
55 27
9 3
51 17
51 50
73 22
96 59
58 20
3 3
85 61
59 33
39 25
73 41
84 63
62 49
13 3
48 39
59 42
4 2
83 33
30 26
61 15
90 67
27 8
21 16
50 35
58 4
12 8
67 23
98 22
73 64
78 30
62 10
13 12
38 38
33 13
46 26
15 5
84 13
11 11
23 6
96 43
52 3
74 72
65 57
12 7
16 7
33 19
45 45
7 7
35 15
95 45
64 50
82 26
21 18
58 37
36 33
86 59
94 76
25 24
71 14
13 2
39 5
45 24
16 15
61 2
78 23
8 8
28 7
76 55
85 60
70 19
13 5
74 16
58 50
55 39
15 10
66 66
82 79
53 39
89 48
7 5
42 10
63 50
35 5
2 2
54 45
52 27
2 2
66 35
88 64
3 2
33 21
59 13
58 3
24 15
77 41
37 12
31 23
84 49
38 12
68 58
34 32
49 43
6 2
85 6
21 14
33 6
76 29
83 66
10 7
40 22
16 15
80 75
81 67
51 39
27 18
9 2
22 12
6 2
36 3
94 45
22 13
11 5
4 3
41 34
87 55
66 34
78 76
58 13
61 46
71 15
58 48
48 28
17 11
65 20
17 5
73 45
60 43
99 93
57 32
92 86
27 20
54 15
64 30
26 20
28 27
35 22
72 57
46 33
78 30
87 13
22 9
82 20
82 39
91 32
87 18
67 59
53 4
42 25
97 12
90 74
70 35
65 54
18 6
96 39
27 17
31 4
67 14
46 2
20 13
65 7
70 21
29 24
52 41
21 8
69 45
35 7
67 57
9 3
68 12
4 3
14 4
24 6
77 66
64 58
81 12
81 52
65 56
58 44
41 31
85 23
66 65
23 17
12 9
86 59
52 16
59 44
51 47
52 34
2 2
18 16
49 42
5 5
52 49
34 15
56 33
13 8
30 11
93 66
45 16
31 23
35 22
65 7
82 53
100 86
56 36
22 4
36 13
52 6
53 20
52 16
77 34
25 12
80 49
50 22
98 44
90 82
78 5
29 19
12 5
53 27
82 66
96 57
74 64
57 37
86 25
2 2
74 24
84 70
22 18
6 6
18 2
83 3
40 32
50 39
74 4
39 16
47 14
2 2
57 25
11 7
20 18
93 13
48 47
82 59
25 13
90 35
26 6
56 12
3 2
22 18
37 12
69 37
54 46
55 50
62 32
15 3
92 34
3 3
19 6
38 5
15 3
86 83
48 36
54 49
45 41
100 16
85 14
13 12
4 2
44 6
33 10
58 44
81 49
67 14
21 21
98 74
54 23
10 9
82 48
51 18
13 12
48 36
49 5
25 2
9 7
2 2
68 13
29 12
100 69
31 18
66 39
69 64
72 15
69 15
46 17
8 2
76 44
77 13
6 3
2 2
3 3
54 5
45 15
2 2
19 13
88 13
69 8
95 87
82 25
67 33
17 14
54 30
73 70
36 20
35 8
26 24
32 4
50 41
42 19
33 10
30 9
98 7
17 2
10 5
64 24
40 38
4 4
90 63
25 24
93 9
19 5
50 23
10 5
72 67
40 36
83 57
36 4
83 28
3 3
43 8
35 2
87 27
47 14
62 55
72 15
95 92
29 25
55 24
74 49
38 2
97 19
95 74
93 19
99 63
76 72
55 10
37 12
61 38
19 11
55 17
58 55
97 21
56 51
79 20
72 38
16 2
29 6
69 30
14 14
55 15
65 63
63 20
96 76
59 30
80 12
54 20
74 51
43 29
76 7
60 30
92 46
79 26
55 52
62 24
28 15
63 8
28 8
95 26
48 15
60 58
25 12
2 2
67 32
15 14
2 2
63 18
44 37
25 22
99 8
2 2
39 24
71 52
54 27
26 19
22 2
48 7
76 23
27 12
79 71
100 69
99 81
82 26
8 4
12 12
87 44
31 31
17 15
66 16
36 20
39 13
3 2
29 27
20 8
70 39
78 75
23 20
86 6
81 18
72 6
34 32
63 18
46 20
39 37
93 8
14 7
94 15
54 7
43 17
100 53
30 16
69 45
84 43
68 54
40 18
93 57
49 47
15 11
47 34
38 31
38 10
13 6
5 3
12 10
24 8
37 30
90 39
53 50
6 4
24 8
49 9
52 45
66 28
78 26
45 11
71 46
31 25
24 10
27 16
89 72
39 6
25 15
19 8
56 53
46 12
63 49
45 13
83 5
29 29
22 4
79 73
63 18
84 40
93 65
59 22
68 61
37 24
74 13
56 47
30 8
12 10
16 6
75 64
31 25
85 54
44 30
6 4
75 36
45 42
87 82
57 23
71 54
83 2
44 17
84 18
22 4
31 9
42 28
45 37
92 67
94 9
17 3
61 9
82 52
64 60
90 88
5 5
42 31
66 15
65 37
43 40
17 8
66 18
75 67
17 9
62 25
3 2
89 26
99 5
67 61
74 46
72 55
14 8
8 2
54 53
59 29
12 5
95 41
32 30
68 5
52 14
100 87
95 34
55 54
3 2
96 79
83 34
10 9
66 5
79 42
62 58
37 16
16 6
23 9
18 8
34 8
41 10
64 28
64 56
26 25
92 32
16 7
51 31
93 8
60 5
88 16
69 7
94 43
91 53
42 21
94 49
58 17
14 11
6 6
63 62
86 3
8 5
54 49
42 27
92 27
5 4
9 4
93 72
93 17
91 35
10 6
9 6
46 45
75 38
61 16
11 8
70 12
56 2
8 6
43 25
19 18
95 10
22 5
12 4
22 17
9 9
49 21
99 44
5 5
71 6
17 5
47 16
83 20
45 22
97 78
75 61
74 32
28 21
35 10
81 58
4 2
93 57
62 11
99 20
2 2
17 5
100 15
18 13
63 38
39 17
12 12
53 5
63 52
13 12
80 53
53 50
7 7
25 9
23 9
75 61
65 55
14 6
90 66
90 31
8 3
60 42
5 5
83 66
38 27
84 44
28 2
82 8
88 11
39 33
83 71
74 40
55 54
22 12
77 9
96 3
63 8
71 71
85 16
78 14
24 24
11 8
31 28
18 11
79 10
54 26
80 45
61 32
62 50
12 3
48 6
2 2
61 47
51 3
88 44
31 16
48 31
12 7
22 14
59 50
58 17
92 11
29 5
11 5
67 18
41 6
97 39
23 5
11 2
89 17
97 87
51 49
16 13
82 81
75 32
53 10
6 2
58 3
57 11
44 23
53 15
54 12
75 46
82 28
64 60
22 3
27 26
59 20
46 10
70 38
16 11
39 19
34 9
100 56
31 25
63 2
63 18
77 23
56 49
66 43
64 46
65 12
93 84
80 42
7 7
97 20
22 15
66 25
16 4
51 43
41 29
46 46
2 2
53 15
23 20
53 2
43 29
53 24
33 11
62 31
38 18
27 23
27 20
43 35
55 30
86 54
16 3
51 3
62 37
52 22
71 51
44 18
64 33
47 24
83 19
86 83
41 29
78 21
31 3
75 70
46 20
65 42
67 52
13 13
53 48
15 5
47 37
16 15
64 36
8 4
84 73
40 31
7 6
42 6
42 35
98 14
14 13
79 34
45 31
87 83
89 56
39 2
67 19
26 19
28 15
94 58
83 45
20 3
28 10
94 9
11 2
75 66
56 45
44 40
24 15
95 67
100 29
22 10
28 21
78 40
83 79
25 3
53 49
28 22
87 3
82 51
37 8
27 12
20 17
90 75
45 10
91 70
35 21
59 59
21 20
58 18
8 6
56 6
33 25
71 28
99 31
10 3
34 29
96 79
82 16
49 46
75 29
52 8
43 12
92 15
92 31
55 29
50 33
50 14
17 4
67 53
80 8
9 7
52 25
67 20
94 94
8 5
77 74
18 12
94 66
45 7
27 9
81 60
79 44
91 52
77 14
9 6
7 3
81 28
67 56
51 8
26 20
94 6
80 68
92 72
61 29
68 58
91 87
83 69
8 8
81 11
30 16
52 21
4 2
87 10
51 20
70 6
7 6
95 51
68 44
44 24
17 7
30 21
91 68
71 11
95 6
49 11
97 89
6 6
11 5
44 32
42 39
11 7
11 3
13 3
4 4
33 23
83 7
96 84
40 28
48 40
47 18
23 6
29 14
82 50
57 39
9 3
4 4
92 59
60 34
100 94
21 11
25 21
97 59
75 45
51 41
39 2
73 56
30 15
68 22
88 64
33 20
55 10
66 14
58 38
38 35
88 58
4 2
66 42
3 2
60 10
59 23
45 22
41 16
84 64
56 14
93 93
18 5
39 28
85 40
26 25
41 9
46 30
20 14
9 7
27 3
73 17
82 57
89 89
24 11
41 11
70 35
31 29
35 18
20 9
13 13
94 4
44 11
71 16
4 2
67 55
35 21
36 20
6 4
59 13
39 9
70 31
31 12
56 56
27 19
10 3
25 18
39 7
94 22
61 42
27 24
50 20
88 84
97 84
10 3
34 8
35 30
13 8
49 13
30 18
96 70
66 30
7 3
44 9
59 22
58 27
45 6
58 29
15 5
36 33
30 21
98 91
67 34
78 60
95 44
35 5
49 9
17 10
97 22
12 10
48 7
86 53
10 3
97 66
14 5
28 2
10 3
19 16
47 31
64 18
73 33
18 4
21 5
17 11
62 38
95 29
20 5
28 12
10 4
26 3
58 49
78 29
88 5
36 4
63 45
54 29
28 14
59 49
38 14
21 7
3 2
13 3
35 30
22 10
88 62
35 32
28 7
50 42
48 21
14 6
77 66
84 21
100 33
4 3
87 53
41 33
46 2
44 40
15 14
77 61
97 73
80 24
87 14
75 17
61 35
21 18
82 47
8 3
99 46
76 18
58 46
59 43
45 8
63 49
12 6
20 12
2 2
81 57
50 32
3 3
72 16
65 16
49 25
92 63
99 79
78 28
99 20
73 19
89 15
78 43
80 55
56 23
3 3
79 21
60 56
33 15
34 22
84 83
33 25
60 11
59 17
4 2
51 27
22 9
24 2
61 19
94 45
39 25
98 79
50 43
64 41
42 17
65 29
14 2
38 30
19 19
45 24
80 76
95 25
100 67
30 12
64 17
18 7
90 5
83 44
33 21
69 33
75 33
98 17
76 6
70 43
34 13
20 17
88 11
64 18
5 5
15 12
57 49
28 3
61 21
18 18
60 33
72 52
7 2
16 12
35 15
26 23
70 65
30 11
13 3
49 32
57 16
11 10
90 49
22 22
59 22
75 50
98 77
72 5
38 19
41 35
69 29
73 69
21 8
59 6
60 18
27 3
10 7
17 5
78 59
57 21
4 4
9 2
37 18
29 6
12 6
7 4
11 8
30 13
48 45
17 11
72 63
11 4
71 21
28 25
11 9
64 33
59 47
66 21
57 15
62 39
45 10
41 10
13 3
27 17
2 2
49 23
54 24
16 14
91 21
64 28
29 13
51 23
31 8
10 10
87 4
24 3
37 8
97 52
5 3
32 7
30 17
28 22
62 33
42 15
77 58
83 80
96 24
69 44
11 9
50 17
95 79
55 15
73 73
55 27
9 4
39 4
80 76
9 9
29 9
14 13
93 60
68 12
53 16
31 30
60 49
12 4
95 58
41 23
68 48
71 71
69 40
49 34
87 43
96 65
50 34
52 18
33 12
85 56
31 11
38 17
69 51
56 36
94 69
15 8
64 51
75 19
65 8
65 49
55 6
51 48
3 2
85 56
29 7
51 16
84 62
65 21
85 11
41 32
51 18
41 18
73 58
46 12
10 7
92 85
86 32
45 37
68 45
85 84
72 51
65 8
73 3
7 2
55 32
49 17
70 66
28 11
36 34
46 43
96 55
55 40
42 3
13 5
92 47
72 71
41 6
94 49
79 32
17 13
53 18
30 23
38 29
20 8
79 41
75 60
37 12
9 2
69 13
77 56
55 55
80 23
24 11
31 20
19 11
64 49
53 37
87 31
45 10
17 4
100 85
59 39
81 31
52 14
68 27
36 31
46 37
22 2
55 6
33 8
100 63
95 21
57 24
63 34
5 4
96 32
25 12
48 7
56 42
91 73
72 58
16 11
72 28
11 7
51 47
14 14
27 7
59 25
25 16
94 33
35 15
10 10
35 14
30 7
51 9
76 56
9 9
11 3
22 22
34 11
3 3
65 37
34 24
23 13
15 15
15 9
6 6
96 8
54 38
47 37
78 61
46 41
38 29
52 30
87 81
85 82
82 51
22 2
22 10
39 14
55 25
41 34
91 87
29 28
92 84
79 78
55 31
71 9
3 2
67 34
55 8
44 7
79 79
26 24
13 8
67 39
49 29
98 63
89 40
39 16
88 22
61 19
50 42
54 27
32 26
79 59
74 21
8 2
81 30
16 3
63 58
81 8
93 45
79 30
60 20
32 15
79 54
93 50
66 34
28 22
54 33
95 19
17 3
6 6
17 9
26 5
23 11
33 10
19 7
88 8
69 31
20 16
2 2
73 22
41 6
4 3
96 8
2 2
59 53
86 4
18 11
74 14
75 40
75 68
37 22
39 39
34 9
70 10
49 8
23 22
34 24
48 12
73 11
67 14
71 27
83 5
69 60
58 41
97 5
6 2
76 21
11 5
64 23
58 3
44 39
72 32
68 6
6 4
68 30
99 12
16 7
95 17
43 14
29 27
59 25
28 15
6 6
55 36
87 15
72 31
8 8
65 42
60 7
23 21
93 55
31 22
89 79
19 2
10 4
34 2
23 8
60 38
10 8
85 78
99 82
50 6
89 55
12 3
31 28
77 30
19 4
19 11
12 12
44 14
68 17
87 87
27 6
40 7
84 54
16 4
72 28
60 14
38 36
59 16
94 33
37 18
54 3
29 7
65 12
88 20
34 8
58 35
90 7
94 36
13 11
10 9
53 31
15 15
59 25
39 6
46 3
100 69
55 30
40 32
38 6
6 4
74 16
11 5
79 40
65 7
64 52
15 13
17 12
62 43
58 8
90 40
68 19
98 18
88 51
68 27
11 6
92 31
3 3
88 40
98 58
42 20
61 20
16 10
38 17
77 28
27 13
78 4
54 39
22 6
78 51
96 84
45 35
48 13
2 2
7 5
41 19
46 28
100 35
52 8
31 30
100 15
39 12
92 14
31 2
63 25
77 16
4 2
49 27
49 6
12 2
100 86
39 34
59 34
20 17
30 11
44 19
57 23
43 19
19 12
89 20
93 85
95 90
11 2
53 18
16 8
43 19
48 14
100 41
7 7
14 10
51 15
60 49
62 22
98 46
10 3
26 25
39 29
54 25
100 79
51 44
87 62
63 16
35 23
97 62
91 51
35 35
43 34
55 55
21 8
23 15
43 28
75 36
33 10
49 22
57 24
30 23
47 45
97 48
2 2
24 18
19 11
18 16
70 42
97 17
69 4
20 12
92 51
61 4
11 10
87 26
43 6
52 35
26 9
12 11
55 52
37 16
25 9
42 10
23 7
20 8
17 17
5 3
69 26
46 28
80 63
5 3
46 17
20 20
57 39
29 8
98 82
99 70
77 29
86 45
45 44
88 20
50 25
79 21
97 65
10 4
98 26
93 23
79 24
52 15
64 60
30 14
31 23
55 26
34 8
17 15
89 16
63 40
70 34
74 64
80 29
13 2
94 75
5 4
52 30
49 22
72 8
94 27
47 32
52 18
54 32
22 14
34 34
55 9
27 4
89 79
75 67
79 23
46 8
29 29
11 10
86 79
9 5
72 27
38 32
3 2
17 16
24 20
11 10
92 47
71 62
82 26
7 7
80 4
74 56
44 26
27 20
91 90
78 9
29 6
20 8
41 16
3 2
56 41
60 47
43 9
86 80
68 46
53 26
55 44
32 23
39 22
27 20
26 5
100 19
70 57
5 4
77 67
65 58
10 4
77 18
62 40
86 14
32 19
60 10
60 45
90 29
77 2
74 15
73 46
43 12
31 12
42 9
32 28
65 24
74 5
24 23
74 32
63 6
57 25
40 25
74 40
82 21
63 19
99 70
93 56
17 4
32 10
7 6
100 91
48 38
97 64
86 35
21 2
23 3
44 7
30 4
98 12
42 37
99 16
46 25
97 40
11 7
93 45
98 71
43 18
37 3
96 92
48 4
94 38
3 3
4 2
63 37
10 8
35 9
6 5
36 35
2 2
57 46
35 8
43 38
70 39
28 27
17 6
58 50
23 22
18 6
34 23
98 25
65 48
87 8
82 35
17 3
3 2
49 37
45 21
44 14
98 15
48 43
20 8
33 10
96 59
97 4
90 20
32 32
40 39
45 12
6 6
90 21
44 17
69 40
58 52
19 10
78 76
15 12
8 4
2 2
58 52
90 80
69 7
84 34
77 42
96 28
33 3
26 15
21 3
73 16
20 7
22 14
70 22
35 2
52 26
2 2
84 73
76 30
94 5
73 6
38 3
91 48
67 56
99 47
91 6
94 79
62 39
33 33
11 4
59 24
41 13
66 11
28 19
66 32
7 5
82 4
5 4
98 94
52 7
60 17
49 11
80 45
46 9
69 14
99 34
28 2
61 13
83 38
22 7
90 49
28 26
9 9
82 63
59 37
59 46
76 13
9 4
68 57
2 2
32 24
100 69
71 12
98 38
49 33
63 33
93 62
96 29
69 60
23 21
34 34
88 35
30 2
90 70
85 42
87 50
18 7
29 13
22 2
26 23
72 56
54 30
68 47
9 3
24 2
17 2
27 26
27 7
69 12
37 23
32 17
49 31
73 59
34 13
43 21
97 81
82 45
77 64
10 5
42 26
40 4
43 2
61 12
2 2
39 26
13 6
27 9
72 44
46 44
70 31
18 13
72 56
68 27
62 45
32 22
49 5
69 50
20 13
79 6
97 63
50 9
99 60
62 19
30 8
62 60
44 8
72 2
32 10
51 7
89 42
63 45
93 30
71 51
70 21
9 3
69 50
68 21
19 14
78 11
64 19
44 11
25 16
23 16
91 43
94 25
4 4
39 36
26 16
31 21
23 19
95 85
87 10
96 45
38 17
30 11
75 48
39 6
17 13
63 59
89 50
58 10
13 12
9 4
95 64
87 53
86 68
47 46
92 74
63 12
6 5
78 25
62 39
90 57
17 17
55 24
68 13
10 6
88 58
12 3
51 43
59 31
75 51
31 6
94 26
63 58
46 44
70 27
81 78
38 34
15 15
14 6
52 34
30 9
37 9
77 36
69 60
77 51
67 38
46 46
20 8
75 72
47 29
100 62
59 23
87 43
6 5
51 44
52 5
8 4
74 8
37 13
43 19
11 5
21 17
23 2
23 6
16 11
7 6
66 9
79 14
29 6
94 7
86 38
49 32
28 6
5 5
53 50
18 7
24 23
82 68
93 74
11 3
67 19
69 21
25 18
54 18
31 25
74 10
82 35
40 2
59 44
42 34
49 3
84 59
36 16
67 18
97 49
53 39
38 27
2 2
24 13
65 58
17 12
89 11
79 7
33 20
78 69
6 6
67 55
62 37
45 28
8 8
30 9
43 27
61 31
75 52
83 37
11 7
35 23
65 22
73 62
52 48
17 14
78 36
23 7
11 7
91 11
58 26
34 14
48 31
8 7
43 35
43 39
99 86
71 47
44 22
67 24
91 25
72 9
94 57
33 13
18 7
65 63
25 16
14 14
47 5
3 3
4 4
85 78
28 22
95 73
90 20
25 4
73 28
10 9
64 3
34 18
46 6
28 11
31 22
46 40
18 2
67 56
95 94
42 13
49 20
85 56
62 56
65 64
48 34
48 3
49 40
81 19
52 42
32 4
10 9
56 6
13 12
31 8
45 20
5 2
28 14
15 12
51 33
73 42
94 12
3 3
16 4
57 50
96 52
2 2
99 33
13 5
95 26
65 61
30 6
79 68
45 22
41 13
71 59
48 29
90 77
55 19
53 13
38 13
22 7
69 7
3 2
74 2
58 13
21 2
79 31
21 3
80 3
30 30
100 26
49 42
100 34
54 25
84 15
85 73
16 7
92 79
43 23
89 65
21 20
44 26
40 23
73 26
13 11
2 2
51 25
55 7
71 56
32 32
96 6
22 11
36 15
25 6
79 23
9 5
32 15
94 81
68 14
66 34
78 13
43 27
98 65
47 15
53 46
87 29
28 25
88 78
10 2
57 53
92 30
84 83
68 59
11 4
96 24
65 45
83 15
37 20
12 8
37 21
8 3
28 11
92 61
58 24
80 48
93 85
10 9
18 5
6 4
56 56
79 42
50 22
91 87
62 31
40 17
97 5
66 17
44 18
56 17
6 4
61 42
46 20
39 38
53 53
7 4
49 35
64 28
90 44
24 7
23 10
62 37
4 2
35 8
11 10
89 31
66 23
93 19
52 26
11 6
13 2
45 38
16 4
45 19
46 17
42 32
19 8
55 21
8 3
31 3
35 14
56 51
7 7
18 13
16 5
43 2
4 3
81 38
66 5
55 5
90 67
94 60
17 8
71 68
76 49
99 91
13 2
13 5
13 13
61 55
95 64
93 16
81 26
63 59
19 3
4 3
63 45
29 29
50 46
27 15
37 25
3 3
31 10
9 9
43 41
91 71
46 43
54 24
91 38
20 10
75 19
22 21
71 53
91 25
65 56
60 41
36 27
54 28
89 69
69 15
46 23
92 74
100 43
22 13
93 28
26 13
46 25
17 14
46 16
86 63
58 48
85 55
22 7
72 5
26 24
71 62
43 7
30 4
35 28
86 64
66 31
96 79
25 16
76 36
74 64
46 43
67 7
97 15
4 4
57 26
3 3
55 31
62 48
73 68
91 73
19 6
78 42
75 14
43 37
93 2
91 15
72 16
10 2
26 4
22 19
25 7
49 19
83 40
87 6
74 19
21 15
7 7
71 33
22 11
86 52
42 36
6 5
54 21
28 2
63 40
77 47
61 6
49 19
7 3
51 14
13 13
86 2
19 9
6 5
77 63
49 31
54 48
44 4
50 32
48 27
66 55
73 35
51 13
24 24
44 18
75 72
84 76
31 30
29 28
56 4
29 26
9 6
2 2
7 6
47 11
75 65
55 39
61 24
25 6
20 7
20 5
26 15
26 11
80 21
33 6
34 20
74 56
10 6
49 24
13 12
89 67
40 3
72 9
36 3
36 26
79 8
92 73
29 9
60 42
86 79
90 60
35 28
28 12
63 19
8 4
54 36
21 4
56 25
65 51
82 38
100 96
12 5
14 5
59 50
22 16
79 34
66 28
4 4
73 67
6 2
69 18
71 58
13 3
87 8
4 4
17 7
99 53
51 13
86 73
35 12
90 67
3 2
76 9
28 22
52 6
69 17
2 2
48 41
65 38
69 30
21 8
74 3
47 43
86 25
60 7
35 7
16 15
8 2
30 23
73 15
75 6
12 11
53 35
58 15
19 3
57 7
14 9
75 40
68 61
85 31
7 7
86 59
46 3
71 2
53 14
78 24
70 21
98 31
19 17
36 36
59 7
49 22
14 10
6 5
46 14
70 63
20 4
72 57
58 22
54 3
41 2
13 8
17 16
9 7
33 4
47 7
71 38
92 14
33 2
7 7
33 6
88 7
98 35
41 21
45 36
37 33
35 15
7 4
69 26
29 20
18 12
18 18
51 36
36 27
100 46
39 27
27 5
25 9
6 5
67 46
23 8
43 4
98 97
51 24
40 5
71 24
76 30
47 25
69 29
19 6
56 28
24 13
8 8
19 16
55 39
21 7
41 19
91 46
100 93
27 11
35 7
44 35
75 4
12 9
78 49
93 32
73 66
72 38
71 39
76 31
37 21
68 50
31 31
80 13
20 18
87 74
52 13
80 33
16 9
61 38
76 16
50 48
31 16
10 3
83 10
99 16
92 10
54 6
69 10
91 52
81 61
18 12
83 81
51 33
21 11
47 23
2 2
62 43
100 22
10 4
67 32
57 49
97 44
83 33
56 54
32 3
4 2
51 9
25 8
81 70
19 17
69 53
50 30
82 55
35 29
7 7
16 11
2 2
62 15
92 68
54 17
46 11
97 8
35 19
13 3
63 39
60 51
30 28
17 6
47 7
62 23
78 40
9 6
23 14
77 18
20 19
8 6
4 2
38 24
53 13
53 18
14 11
88 74
74 18
25 3
88 62
45 42
10 8
25 10
77 49
39 17
93 14
60 50
82 14
22 3
16 16
68 43
87 37
52 21
14 3
26 24
47 3
56 42
70 46
13 12
6 2
48 8
73 31
42 35
32 31
22 4
11 10
50 16
93 61
92 8
44 38
29 19
6 6
56 16
49 47
37 34
56 15
86 70
50 43
82 18
51 29
62 8
86 70
19 6
8 4
73 59
92 69
83 13
96 75
45 10
66 36
3 3
3 3
99 51
34 26
39 25
23 21
31 9
64 3
52 18
31 3
63 9
64 7
26 9
65 35
98 5
61 16
2 2
3 3
79 12
78 5
27 4
38 32
91 80
26 19
68 30
31 19
53 46
78 41
91 49
65 20
15 3
17 16
66 44
63 50
86 29
97 40
72 50
71 56
88 73
72 52
2 2
100 4
97 51
3 3
15 3
75 14
96 33
6 6
45 38
75 71
69 37
83 67
47 44
93 30
59 13
77 39
27 17
99 28
27 3
48 39
17 16
29 5
98 58
32 6
56 28
26 10
57 29
13 7
22 15
25 15
87 74
75 60
64 35
83 19
40 6
4 2
88 4
67 14
39 30
19 4
17 3
68 6
14 9
11 4
8 2
45 5
67 22
61 27
86 59
33 17
24 3
31 27
78 5
86 40
12 8
4 3
31 13
52 18
95 25
5 2
3 2
66 36
10 2
32 6
82 61
25 2
17 15
64 21
75 27
78 31
62 8
2 2
43 29
81 26
23 3
53 27
4 3
43 29
65 13
62 37
98 83
3 3
21 17
45 14
84 59
72 41
58 33
100 41
14 14
68 6
50 45
5 3
65 8
26 18
60 32
12 8
22 16
35 4
31 28
99 57
80 68
81 78
43 8
78 47
44 40
38 8
54 44
68 56
12 6
32 16
55 22
59 44
67 65
86 51
76 3
61 17
95 90
27 25
53 42
15 7
92 19
94 16
75 53
26 12
83 42
16 16
21 12
44 14
95 3
88 2
50 20
48 4
61 19
14 6
18 9
21 7
75 14
96 66
18 17
78 78
3 2
74 59
16 11
37 34
20 10
97 50
67 49
56 49
66 51
14 9
30 7
56 53
49 14
98 59
49 48
29 13
8 3
54 15
67 25
98 38
69 52
66 35
7 6
54 39
11 5
36 34
46 41
94 13
57 32
22 17
100 16
41 11
7 7
85 19
90 45
4 2
43 25
14 14
52 7
30 12
69 43
44 10
45 16
17 12
13 6
13 8
67 29
10 8
53 8
94 22
11 6
34 26
56 28
14 9
39 17
15 9
98 20
27 11
81 73
88 66
45 33
14 9
25 11
20 9
53 51
16 10
87 32
44 36
64 56
48 38
66 28
59 5
100 65
11 10
61 46
94 82
65 41
92 60
66 31
87 14
29 28
67 27
85 29
20 3
80 5
41 20
9 5
45 27
88 14
18 10
54 40
51 36
59 31
54 15
36 19
31 21
60 6
22 18
50 25
78 27
87 59
37 22
80 60
85 2
21 16
95 42
64 60
23 13
94 87
29 17
42 15
17 15
79 45
43 32
3 2
85 7
55 55
93 47
83 26
54 28
9 7
17 13
88 84
100 84
26 26
14 12
85 70
96 8
52 37
25 7
57 16
50 49
93 35
64 7
30 15
15 14
96 9
91 43
17 11
70 39
65 16
60 56
2 2
58 43
26 8
81 41
9 6
71 8
58 34
11 5
37 23
4 4
81 10
84 9
73 27
73 66
94 34
86 54
89 35
45 40
93 49
40 30
11 7
9 2
45 25
78 21
44 43
88 87
18 6
68 64
75 35
99 28
24 8
36 11
41 32
37 13
71 29
36 32
44 13
94 31
49 33
79 30
66 10
85 15
47 31
99 54
74 20
70 51
21 2
60 41
70 69
98 60
9 8
59 19
19 6
39 21
52 32
51 35
29 29
13 4
51 2
2 2
73 65
9 4
93 37
94 43
67 59
43 12
8 5
95 82
84 59
37 34
6 6
39 26
4 3
90 24
69 14
23 21
80 60
86 70
66 49
70 6
44 27
15 14
74 21
27 27
66 25
90 88
19 12
31 16
14 2
29 22
98 13
20 15
26 3
60 9
62 19
56 30
6 2
60 42
67 48
72 42
41 32
16 5
29 26
64 6
87 76
98 20
64 43
62 40
16 14
93 18
45 33
5 3
91 49
16 11
3 2
35 34
90 82
77 63
84 69
60 57
5 5
43 39
44 30
98 4
66 40
93 2
53 46
18 13
34 32
49 38
13 7
26 8
19 13
42 19
67 63
36 6
79 27
83 63
49 23
61 52
40 26
16 9
77 73
98 55
99 73
30 29
70 5
40 20
35 23
78 8
82 30
46 36
60 23
26 11
60 39
8 5
22 13
30 19
54 21
41 11
7 4
6 3
47 2
68 13
99 30
4 4
80 26
70 2
88 6
54 2
40 21
74 34
19 5
25 12
60 41
11 11
49 29
38 36
31 19
51 20
37 35
8 8
23 19
72 40
57 19
25 19
14 8
81 24
14 2
50 7
88 22
52 30
72 17
78 4
50 24
100 30
47 31
12 3
17 3
36 28
6 5
14 8
100 73
16 13
70 51
16 6
43 5
35 11
27 15
10 7
61 9
95 88
81 68
56 55
10 4
17 7
25 15
69 50
94 71
89 40
98 56
5 3
73 33
54 43
85 16
63 2
8 8
23 3
84 49
13 7
36 10
20 16
40 19
42 17
30 6
11 2
89 45
19 5
11 4
30 7
14 11
55 15
3 3
24 21
6 5
26 19
41 25
22 8
98 73
48 26
69 2
95 45
39 31
33 18
3 2
61 33
94 3
21 4
29 9
36 11
46 27
30 22
57 4
90 4
53 44
100 32
62 44
44 43
36 19
70 40
25 21
60 17
38 37
44 44
15 15
22 14
53 12
78 41
33 21
36 15
78 37
90 79
28 18
81 32
62 39
97 26
93 35
76 56
13 4
93 36
58 2
81 29
14 4
39 18
40 28
35 29
83 48
11 5
84 64
41 37
63 7
71 33
70 12
84 24
39 32
28 28
97 70
11 4
32 20
57 50
83 58
60 17
99 73
73 70
8 4
40 7
60 45
67 59
98 75
26 22
30 8
54 13
46 6
60 31
92 31
92 38
62 56
92 31
63 21
5 4
72 21
4 4
43 15
75 59
38 38
67 42
4 3
93 72
69 63
76 44
15 10
12 9
38 27
84 18
62 41
38 25
40 3
12 7
89 53
5 2
47 22
71 40
30 4
86 23
8 7
43 33
23 4
66 18
25 22
38 25
60 42
21 5
42 19
40 9
58 11
25 21
13 4
67 27
83 23
5 3
42 22
69 29
51 31
56 36
94 10
80 44
2 2
90 76
79 19
31 13
42 40
8 5
21 14
39 16
90 43
80 64
52 47
60 30
80 49
83 3
6 6
23 22
7 4
4 4
69 45
52 14
68 51
85 21
56 21
78 7
94 53
77 35
5 5
46 12
14 10
40 36
86 84
55 39
18 6
2 2
28 12
38 29
16 8
80 22
78 10
90 39
8 3
61 36
94 35
94 55
47 36
20 15
35 24
92 80
41 29
62 15
41 2
7 5
68 35
17 15
12 10
30 12
88 29
75 2
57 43
57 39
11 2
77 71
65 48
63 33
75 73
48 33
81 75
96 3
32 31
50 22
43 19
23 3
88 56
48 9
44 42
93 18
28 17
28 4
90 84
16 11
25 7
70 13
62 6
47 32
47 29
26 8
41 16
45 12
52 40
85 51
18 10
88 2
85 35
18 4
93 28
41 27
45 45
71 20
71 36
76 46
18 9
79 55
32 32
27 2
87 2
37 9
86 16
81 39
34 7
54 33
44 20
79 58
67 42
25 3
20 2
69 23
70 20
2 2
99 83
94 83
66 19
71 29
69 50
90 74
46 28
75 48
11 10
72 63
62 46
77 40
64 37
53 49
94 29
8 3
68 22
99 80
53 37
18 12
72 52
47 42
70 6
51 6
32 15
52 30
88 15
82 49
89 14
75 39
56 8
80 51
8 7
2 2
47 8
78 57
88 41
90 64
36 23
70 54
62 54
64 45
56 42
37 16
79 10
26 7
31 14
97 7
11 3
3 2
11 9
45 23
34 12
44 13
48 32
65 58
55 4
50 32
39 9
69 26
87 76
3 2
99 71
92 3
62 22
54 40
87 28
70 54
58 51
68 19
34 17
46 29
75 53
30 30
33 29
97 57
25 24
29 12
48 37
47 7
99 55
62 51
67 58
9 6
63 48
49 11
43 13
8 5
91 21
95 52
10 3
30 2
89 38
24 12
2 2
4 4
100 85
58 22
62 24
5 2
26 15
10 8
71 7
52 42
25 22
47 30
22 22
59 6
20 9
3 3
32 20
19 13
76 28
40 4
7 7
5 2
63 55
57 41
66 28
95 61
13 7
10 4
68 40
44 9
82 58
76 56
74 38
85 27
90 43
2 2
52 19
4 2
33 13
36 8
68 38
44 13
21 9
58 35
29 22
28 13
2 2
11 3
86 76
81 69
23 5
33 33
60 44
81 8
96 91
86 77
93 20
52 26
84 54
27 18
88 19
15 4
71 65
21 17
19 12
62 24
81 39
78 22
56 41
25 21
27 6
4 2
68 39
59 16
96 76
41 33
83 3
86 79
31 11
64 16
27 12
97 12
85 48
61 42
99 10
35 30
95 34
90 27
94 92
53 24
49 49
10 2
96 62
10 5
43 30
36 6
59 30
6 6
99 10
88 79
14 2
61 32
90 19
63 25
9 9
53 28
91 52
9 2
21 8
99 74
74 63
27 18
16 12
36 23
29 5
63 4
44 10
26 15
11 4
46 23
57 40
80 73
43 34
10 3
66 30
44 34
3 3
53 27
84 48
40 27
65 17
55 44
12 11
99 89
71 59
30 6
62 43
5 5
80 11
39 34
12 6
79 13
92 82
68 42
22 6
30 10
70 19
59 39
48 38
67 60
57 15
19 12
10 3
10 9
9 3
2 2
94 64
85 81
8 2
80 3
89 50
37 8
63 51
37 16
31 30
62 21
11 6
95 75
78 58
98 85
3 2
45 23
21 2
32 26
52 40
23 7
25 18
7 7
33 33
46 26
60 12
90 44
15 12
56 44
69 5
6 2
82 26
95 66
14 6
49 45
63 20
78 65
5 4
62 23
84 17
69 7
29 6
77 30
97 54
75 67
30 8
84 9
21 12
34 34
48 46
28 28
72 71
72 34
52 9
99 97
34 19
85 13
93 34
50 35
57 35
12 10
47 38
3 2
65 19
8 7
62 52
32 13
56 13
26 2
83 66
75 13
84 77
40 4
16 6
67 10
3 3
90 35
54 10
6 4
45 43
89 73
29 18
44 17
61 37
68 66
66 50
7 2
38 29
4 2
9 3
7 3
76 42
4 3
77 63
24 9
64 19
48 7
43 25
49 3
21 12
54 27
85 78
13 10
83 51
14 7
49 28
48 35
44 24
27 19
7 6
53 34
50 3
48 43
63 26
22 20
79 42
22 14
65 64
32 11
91 82
33 13
48 47
44 3
46 9
15 4
13 12
45 27
22 3
21 15
82 82
39 13
85 7
30 25
35 30
5 2
8 4
20 9
80 77
54 13
63 45
76 2
13 5
99 82
34 11
23 19
86 65
67 32
52 22
9 7
29 19
3 3
47 47
29 14
2 2
23 10
5 5
75 6
87 28
89 23
4 4
48 13
25 21
75 47
55 51
96 62
62 15
87 54
36 6
81 48
84 79
72 36
78 33
83 24
98 23
65 31
71 48
33 26
98 16
22 21
11 8
57 3
26 3
52 14
75 6
53 49
82 67
68 67
79 6
97 19
13 6
33 9
52 47
63 20
26 3
26 24
46 29
21 21
62 34
50 22
94 61
57 9
54 13
95 82
2 2
40 5
89 6
64 40
72 45
50 8
35 22
50 43
92 33
72 53
7 2
8 3
46 28
73 13
10 6
70 14
9 2
29 11
64 5
57 3
74 61
88 72
59 44
6 6
63 51
5 4
82 45
70 36
45 30
24 18
64 15
11 9
51 42
90 41
12 12
17 4
70 24
81 13
25 5
6 3
87 13
24 9
11 5
44 24
88 56
10 3
67 42
83 22
78 24
35 6
53 48
79 59
100 44
28 7
63 25
82 82
64 11
44 29
88 45
37 27
2 2
57 44
78 58
40 16
68 18
68 60
32 7
25 12
5 2
81 2
45 30
53 17
91 51
46 14
18 6
18 6
26 17
59 55
4 4
68 31
97 3
92 76
84 64
23 4
9 8
62 15
58 34
71 35
54 32
24 22
11 11
57 12
84 42
63 57
42 36
41 8
30 2
47 36
93 69
50 48
79 23
16 7
83 59
34 31
7 5
9 6
26 21
33 19
46 18
54 27
44 18
79 11
40 16
26 22
40 30
22 8
70 47
95 21
65 31
69 25
90 38
69 42
73 4
49 23
49 15
100 99
65 29
7 2
19 5
19 19
5 2
7 5
63 33
10 2
58 58
25 5
87 7
87 60
27 23
58 30
2 2
50 46
95 66
7 2
97 33
82 40
95 61
99 2
80 71
50 23
34 23
91 42
37 10
82 64
94 46
61 39
57 12
34 12
76 36
24 12
53 24
69 45
38 3
73 45
2 2
29 5
16 8
67 33
7 3
11 11
48 2
15 8
51 46
9 4
83 72
75 42
73 33
86 77
50 46
3 3
93 16
30 2
3 3
6 2
92 48
42 35
11 4
53 48
23 9
80 47
15 6
27 4
74 50
20 4
43 32
64 59
63 18
86 5
74 6
67 2
89 83
83 51
11 7
42 28
76 48
27 5
85 74
5 5
59 43
56 21
91 66
54 25
75 35
86 31
45 30
85 36
21 3
9 3
69 9
49 31
78 20
75 58
79 66
90 65
30 14
15 8
63 51
29 18
52 50
2 2
92 36
95 49
96 52
17 13
42 34
3 3
36 5
66 10
27 3
61 48
87 25
16 4
89 30
59 25
56 30
53 7
58 58
81 73
79 62
90 25
36 19
91 24
96 47
48 39
10 5
49 40
32 15
17 11
36 9
52 41
37 17
46 8
76 59
29 4
65 34
33 24
34 21
65 44
24 3
53 30
85 83
93 16
50 46
42 16
20 7
99 49
14 2
81 67
74 67
55 54
3 3
89 25
41 21
5 3
80 35
22 22
92 91
19 2
28 20
41 32
34 26
13 3
92 90
97 89
84 82
38 12
85 82
43 36
84 35
92 81
86 19
49 25
74 36
27 5
21 6
30 29
93 44
63 13
20 2
87 23
32 13
86 38
19 14
72 68
67 26
60 22
3 3
96 70
79 59
63 26
30 6
9 2
7 5
25 22
58 40
40 31
93 59
29 23
94 9
81 61
15 7
53 40
47 13
51 38
25 13
92 3
79 62
56 5
86 54
3 2
81 47
40 21
92 23
78 54
62 26
41 20
16 5
24 23
37 14
95 73
86 65
69 13
27 5
6 6
27 16
9 9
38 14
39 25
4 3
84 18
12 9
18 16
81 42
39 34
35 6
9 8
79 29
4 3
41 30
16 2
39 20
23 5
29 16
84 50
65 3
11 2
90 30
4 2
40 19
55 36
56 34
48 2
94 14
100 80
19 16
82 59
73 59
78 62
71 54
20 20
79 48
69 24
74 26
57 48
18 16
89 41
61 53
2 2
86 73
50 4
85 73
56 47
56 55
76 15
11 3
72 61
41 24
16 12
38 27
91 58
99 27
20 15
51 2
77 53
32 19
73 47
24 15
95 14
48 23
83 73
91 49
19 8
50 18
25 7
14 7
98 88
10 4
96 93
84 39
79 27
71 67
98 20
28 14
72 48
90 32
10 6
57 25
8 6
58 18
73 10
62 22
13 11
89 51
89 15
19 8
54 34
9 8
10 9
95 52
25 7
30 4
67 22
79 58
8 2
22 18
28 27
84 48
47 17
20 6
99 46
98 51
68 16
12 5
68 42
7 2
99 53
76 46
17 11
46 36
42 34
90 38
86 60
68 4
98 2
98 30
59 29
38 15
2 2
41 19
38 7
69 67
68 9
33 16
50 25
27 15
47 27
36 31
49 11
59 10
2 2
75 47
90 58
50 13
71 41
91 30
14 3
78 48
45 11
66 37
32 25
78 39
9 5
93 34
6 3
43 2
86 23
92 7
88 24
6 5
78 47
51 30
80 46
98 47
64 2
65 16
75 27
85 79
38 27
45 24
65 7
63 63
9 4
97 15
38 24
33 2
73 47
30 23
25 5
52 42
15 12
24 23
8 2
61 52
30 5
12 5
92 42
91 69
49 34
60 23
55 52
30 8
20 12
84 25
94 4
31 4
40 20
29 3
34 10
18 7
58 11
61 18
47 12
28 13
26 12
43 24
46 28
35 32
77 73
81 68
68 11
14 10
33 25
31 4
61 35
95 69
80 55
71 54
85 49
71 34
82 28
55 6
48 7
49 36
43 30
92 39
73 38
78 54
17 8
73 30
98 28
63 33
91 19
8 7
42 24
49 23
29 9
45 32
71 18
38 3
39 11
24 5
22 16
31 2
47 8
63 11
45 16
59 51
70 10
46 29
70 37
17 13
100 76
78 68
4 2
42 25
83 63
33 25
4 4
47 25
80 24
71 59
89 52
67 11
4 4
67 43
79 19
58 14
58 45
60 30
76 66
100 69
90 22
41 36
81 18
60 8
81 76
61 4
35 13
82 32
74 19
4 2
15 11
56 2
29 28
83 65
52 19
93 13
99 8
45 13
8 2
61 42
81 16
31 18
91 5
57 24
20 6
92 8
7 2
51 5
7 4
80 73
42 34
17 14
58 43
23 17
37 5
11 8
95 31
100 23
83 20
14 9
44 28
6 5
63 9
53 45
40 29
30 7
59 28
36 8
27 7
57 24
14 3
27 9
6 3
66 57
13 8
49 44
76 38
95 69
94 28
88 15
15 3
33 33
19 4
4 4
33 26
53 34
14 9
27 22
60 50
63 40
66 58
83 76
54 7
20 18
42 27
65 62
71 44
13 9
55 17
83 12
12 6
50 42
73 42
27 10
4 2
44 33
9 5
12 3
57 9
99 67
49 23
37 13
87 3
39 14
75 17
14 8
12 2
10 7
2 2
30 20
76 17
83 28
7 5
98 82
15 11
20 11
78 46
97 58
95 37
91 86
6 4
56 41
89 83
69 15
15 8
9 3
3 3
49 11
58 5
8 6
69 32
87 66
53 35
57 39
24 23
26 11
45 23
76 26
27 7
18 12
55 24
93 62
85 56
43 10
51 9
31 17
100 8
3 3
28 21
8 7
9 9
90 78
82 25
80 39
60 29
37 36
31 5
14 11
12 8
19 7
75 54
18 18
55 47
41 21
100 22
16 9
99 14
27 8
67 59
73 14
34 23
55 23
35 8
97 60
47 12
76 4
81 49
17 3
63 56
100 74
76 66
30 13
83 75
69 46
10 9
76 3
76 55
40 40
9 4
31 5
99 67
67 50
10 9
75 26
92 42
43 28
74 14
44 41
14 14
57 17
63 36
22 5
24 6
76 3
25 7
57 53
44 25
65 48
73 27
69 62
7 7
52 43
62 58
22 21
57 10
52 31
59 7
99 63
9 8
59 51
99 14
31 13
34 31
61 55
75 66
90 69
65 22
17 11
80 42
96 35
30 9
79 14
72 10
57 9
35 24
59 49
56 21
23 3
65 58
85 73
21 18
13 12
53 13
89 39
88 62
88 53
61 54
69 10
26 21
70 15
39 4
40 12
32 19
3 3
42 14
85 62
63 21
96 74
80 28
74 35
19 5
46 13
59 18
91 5
86 45
84 20
87 68
29 13
83 59
97 17
93 28
48 15
29 15
31 14
65 8
80 28
93 25
87 74
45 11
4 2
40 4
44 5
67 56
46 15
69 65
17 13
16 8
48 12
75 30
4 3
80 45
39 13
8 2
18 18
36 14
15 10
74 56
39 6
49 17
5 2
96 73
3 3
88 46
29 27
21 16
89 82
65 20
86 52
92 3
82 65
28 13
56 23
38 33
41 32
29 6
52 35
86 23
21 17
99 69
51 30
3 3
74 56
84 47
52 30
76 17
72 55
30 25
35 24
69 63
38 13
40 29
58 46
50 14
53 9
62 44
97 76
2 2
31 8
98 79
87 70
53 12
31 22
88 27
51 12
79 76
17 15
12 4
39 6
59 4
39 9
85 74
44 5
59 38
60 7
64 5
8 2
2 2
47 14
75 39
56 2
69 31
34 4
28 28
21 2
5 4
87 19
74 45
100 18
65 23
91 61
5 4
4 3
20 5
9 8
29 26
77 39
71 58
62 39
10 7
64 49
33 18
7 2
59 50
99 60
53 39
53 42
97 93
18 16
66 60
32 25
13 3
35 18
8 3
15 13
33 18
64 13
85 40
91 75
66 27
78 52
87 83
72 13
58 47
44 42
60 23
73 50
16 5
100 2
3 2
33 6
52 41
79 2
30 30
7 6
100 75
96 80
11 11
34 27
27 14
35 21
64 11
64 6
6 4
92 38
12 6
74 6
93 78
49 36
12 10
45 19
39 17
7 4
50 9
51 14
11 6
12 6
19 4
18 15
22 15
39 38
80 25
78 58
33 25
100 18
49 30
57 15
37 7
37 13
11 10
36 25
71 5
71 44
78 10
34 18
24 4
56 48
85 82
30 29
30 22
59 55
9 6
92 26
5 2
67 44
99 83
29 14
37 12
4 3
5 3
41 30
84 74
29 7
64 56
54 22
81 13
9 4
71 36
99 10
48 40
70 47
26 17
98 97
32 31
21 19
44 24
37 28
43 23
18 10
27 9
5 5
39 8
72 65
66 3
14 7
11 11
65 63
59 6
42 28
18 13
52 12
91 76
77 57
35 35
18 9
61 7
22 5
21 10
20 12
95 95
11 6
90 85
40 9
88 86
96 32
28 21
95 92
3 2
75 29
62 35
5 3
28 10
16 9
12 2
43 34
10 8
24 16
52 18
41 8
5 3
4 3
57 13
25 20
76 31
84 72
81 6
100 19
89 25
95 14
51 26
27 20
73 41
44 5
85 6
83 6
100 27
28 20
2 2
48 14
31 2
74 13
16 12
79 27
98 51
57 46
45 18
20 18
29 3
32 2
47 10
99 67
88 40
79 35
7 6
25 15
45 15
26 14
55 28
78 62
27 15
37 5
66 34
5 3
33 21
47 3
48 43
44 23
12 2
38 34
31 14
20 14
99 16
65 20
15 15
28 24
60 18
46 29
42 41
57 3
49 31
94 70
78 34
93 8
16 6
41 31
41 31
20 5
36 19
100 7
64 64
63 50
33 3
60 26
95 23
46 36
26 22
90 4
70 22
30 12
77 55
25 23
29 6
75 4
85 28
15 11
81 7
13 9
81 27
47 31
17 8
4 4
89 13
50 32
64 53
28 13
22 14
25 20
70 7
42 10
81 54
72 16
69 27
27 19
73 73
27 14
91 7
26 13
10 3
34 13
67 26
55 25
6 3
34 27
32 27
27 5
88 3
83 72
27 25
90 49
66 39
36 4
2 2
43 32
46 43
43 33
99 45
14 12
99 71
44 17
81 22
59 24
61 43
69 62
49 7
23 17
49 41
22 17
54 27
66 61
48 32
77 64
89 81
28 23
52 36
34 23
94 15
27 21
56 31
67 3
56 13
24 18
42 36
7 2
64 16
24 24
67 13
94 66
61 27
56 38
14 11
23 10
72 54
74 5
20 6
55 24
6 4
40 40
55 46
94 36
48 18
54 34
86 54
80 31
93 70
50 35
95 73
29 13
24 19
46 7
59 7
27 8
39 10
40 23
42 29
18 15
54 28
71 8
20 19
8 2
3 2
66 36
40 3
16 13
30 18
55 13
54 51
58 13
35 14
44 14
63 52
13 13
32 6
70 33
59 32
43 6
100 5
42 38
50 20
58 58
91 69
90 29
4 3
99 43
39 13
89 55
93 54
80 38
10 5
92 89
23 23
45 32
83 21
20 10
31 27
18 4
93 8
34 30
9 9
13 7
51 32
24 5
97 71
26 11
99 46
2 2
24 12
83 54
96 60
35 26
36 31
26 13
87 2
60 52
2 2
46 32
96 35
41 8
71 52
24 9
22 21
13 6
31 19
68 52
57 41
57 56
62 30
71 39
50 3
8 4
34 28
76 30
9 5
74 63
100 46
19 7
80 39
58 47
61 9
26 6
90 52
78 78
96 64
71 65
83 18
20 5
88 21
91 18
46 36
45 9
32 18
71 2
17 12
80 6
5 4
69 10
30 19
54 23
86 69
13 11
97 67
50 23
21 19
54 29
92 67
55 11
26 7
82 82
68 52
97 19
41 15
64 21
51 26
45 22
11 7
98 67
86 30
69 64
6 5
96 48
57 45
70 56
79 72
40 9
56 32
50 20
69 22
92 48
67 5
92 62
79 47
72 12
23 9
29 9
20 6
33 2
57 31
20 15
45 37
72 71
51 17
100 51
73 13
93 21
87 87
14 3
5 4
76 58
51 17
15 4
59 26
40 38
35 17
67 38
12 6
24 23
37 13
58 18
15 3
47 17
87 32
77 22
6 4
40 36
94 50
35 2
63 23
18 17
87 56
69 64
53 38
9 3
35 17
54 31
86 79
20 15
27 27
57 4
16 6
50 38
43 42
15 9
90 33
70 5
78 5
34 6
62 2
69 31
21 16
71 47
25 6
48 24
73 61
49 6
99 13
5 5
41 20
19 11
2 2
95 3
9 6
86 27
22 20
76 26
8 8
10 7
44 11
26 22
49 11
83 62
99 87
88 48
87 53
75 65
6 4
25 10
63 19
91 37
87 74
70 14
34 3
9 9
60 48
46 11
43 29
83 68
14 12
15 3
89 73
30 4
67 26
71 18
23 14
2 2
46 37
8 3
63 45
13 11
62 35
59 12
40 11
7 3
6 5
54 39
50 7
67 23
17 5
64 44
18 13
9 2
33 9
15 12
67 13
71 41
87 11
85 41
50 26
62 12
94 69
30 13
27 8
48 47
40 3
73 38
79 69
39 32
56 26
46 41
2 2
85 8
5 5
32 8
21 2
64 45
77 67
69 23
44 22
55 14
59 49
84 83
18 5
65 22
55 8
55 26
88 11
90 78
14 13
75 75
54 16
20 16
94 65
69 8
92 25
6 6
52 18
94 51
97 85
29 28
88 30
53 16
46 24
44 20
87 66
21 9
48 26
70 35
6 3
55 37
88 59
39 10
45 2
87 53
91 37
59 38
17 4
50 10
18 7
9 7
76 69
31 13
67 3
38 26
31 3
63 41
73 41
29 3
54 32
5 3
27 8
95 35
32 12
14 11
55 39
69 40
4 2
9 8
2 2
62 49
63 54
63 42
55 2
83 9
39 5
28 8
56 21
82 80
57 31
52 12
23 21
16 16
24 3
73 46
8 5
92 62
15 5
48 33
38 31
62 6
49 38
26 24
28 7
28 28
35 26
19 3
93 36
19 13
11 2
14 5
9 9
83 73
29 28
27 17
22 9
30 4
53 13
37 18
69 58
33 23
39 8
49 49
65 55
25 5
81 61
6 4
70 44
53 4
92 77
66 62
32 32
3 2
34 15
28 3
79 22
21 11
16 7
24 6
90 88
73 45
2 2
36 4
49 34
13 4
99 73
15 12
31 13
72 66
64 62
23 12
65 7
61 32
31 26
93 92
71 29
96 31
10 6
49 9
32 8
37 4
87 12
25 17
36 23
82 33
65 60
4 3
71 33
34 22
11 4
78 49
40 23
49 34
63 61
6 4
38 19
93 51
13 12
2 2
31 7
81 69
72 65
34 18
96 58
65 8
25 9
85 69
32 10
32 6
63 21
7 3
87 48
14 8
75 71
25 6
66 64
40 30
40 10
23 21
53 53
91 66
21 10
9 3
71 49
68 9
59 15
23 21
9 4
63 11
53 16
56 51
35 4
22 15
25 10
8 2
44 8
66 66
89 41
65 62
73 65
62 5
3 3
70 53
84 37
59 42
38 33
73 37
21 9
37 3
73 40
37 28
85 59
53 48
41 35
6 2
8 6
6 2
6 3
6 3
35 15
65 26
70 30
53 52
50 46
35 27
92 35
75 51
60 15
91 59
87 65
91 86
69 61
30 14
41 2
43 40
6 3
55 52
92 3
71 16
57 54
41 18
91 31
86 36
76 3
14 2
72 59
83 2
78 52
83 70
25 25
66 44
79 29
78 60
78 25
61 21
89 57
15 14
81 9
62 22
9 5
74 21
58 26
29 22
34 28
95 10
80 64
46 32
81 68
7 7
62 55
96 71
44 20
96 77
51 10
93 47
57 57
62 7
80 64
4 3
48 26
88 65
45 44
81 41
86 42
75 6
97 60
55 25
31 15
61 46
62 36
70 3
59 33
59 55
64 61
53 20
70 43
31 20
75 24
53 30
24 10
54 11
81 43
79 62
97 62
88 39
78 47
98 68
36 30
93 10
95 37
51 47
75 11
72 66
59 37
75 70
77 51
35 17
100 44
45 44
17 15
80 59
53 49
25 12
46 4
21 8
33 23
58 16
5 2
26 24
16 9
15 15
80 57
44 3
73 17
97 45
28 17
32 29
59 5
82 19
44 14
26 6
83 75
46 18
83 2
80 4
83 42
83 47
79 47
30 7
8 8
23 14
95 42
2 2
83 41
86 68
80 47
74 29
97 85
3 3
28 17
35 26
85 16
75 5
17 6
46 16
84 73
23 21
80 9
53 27
90 73
27 10
89 13
95 66
45 14
44 42
14 13
64 45
52 17
30 30
72 2
10 8
4 3
69 16
39 8
31 12
30 24
63 15
84 69
53 7
27 13
97 48
37 28
36 5
16 9
85 16
10 4
77 38
67 54
91 20
94 70
84 19
58 48
13 8
4 2
91 79
46 9
7 7
48 7
11 8
11 7
79 67
71 52
35 14
67 9
18 14
95 84
27 19
34 9
4 2
40 17
43 30
54 53
43 9
93 3
83 26
61 20
19 5
83 46
8 6
97 41
5 2
57 47
35 18
88 72
80 42
24 15
9 7
46 41
48 44
16 8
71 27
52 28
27 19
39 16
96 47
13 9
8 4
78 68
66 27
2 2
16 3
11 9
7 6
7 5
21 14
24 7
26 14
12 7
26 22
85 38
54 49
98 77
11 6
8 4
66 28
26 25
52 15
23 12
36 35
81 7
59 31
81 50
62 57
75 33
8 2
20 9
67 13
60 8
84 14
94 12
49 48
74 46
60 42
37 21
30 5
18 4
19 4
89 60
18 13
22 20
22 13
11 10
16 14
75 54
40 31
21 7
75 25
50 47
97 38
96 8
97 57
53 36
25 23
4 4
64 53
61 13
46 44
35 20
84 18
53 17
75 49
28 25
69 52
29 12
62 40
82 81
17 5
85 53
60 60
87 34
37 21
93 45
16 9
36 35
39 13
22 10
29 21
77 15
7 4
35 13
10 9
59 36
53 45
85 21
77 62
18 17
64 39
38 37
77 65
12 8
91 85
12 2
26 2
85 18
97 41
65 35
94 81
87 27
82 55
43 37
4 2
9 6
9 9
98 87
23 11
56 17
35 4
43 37
20 18
23 12
86 82
77 75
58 7
36 12
97 72
50 24
89 88
41 37
84 79
98 86
55 16
30 20
96 26
79 2
5 2
39 20
69 8
60 22
41 9
86 38
31 13
59 52
31 14
21 3
81 64
10 2
23 18
48 12
38 29
62 33
90 26
38 17
18 10
92 72
24 24
99 74
20 17
83 54
23 14
9 9
99 98
59 28
56 21
5 4
84 32
6 6
86 64
78 45
55 5
55 36
74 48
49 38
7 2
26 17
100 40
73 21
97 86
81 58
31 2
77 14
71 10
55 36
100 63
56 28
68 51
19 3
88 29
87 78
85 64
4 2
74 68
79 70
3 2
13 5
92 37
98 83
22 16
46 24
40 6
75 21
49 37
56 48
90 10
51 43
14 6
82 27
65 8
5 5
18 15
62 35
56 42
50 10
69 40
45 22
28 21
70 19
41 8
100 92
4 4
72 32
83 55
88 2
52 18
76 37
39 20
87 15
53 34
27 19
52 20
9 2
69 24
37 16
22 13
75 7
50 22
50 25
9 3
21 12
83 44
6 3
55 19
19 17
84 47
20 5
72 39
37 29
44 27
14 10
33 17
35 14
39 21
50 25
38 17
97 35
53 38
70 35
60 6
35 30
9 2
69 15
54 53
78 5
14 4
47 35
38 9
77 55
49 25
92 87
13 11
10 2
8 5
73 36
99 51
29 3
25 16
87 77
56 8
54 18
56 32
38 6
47 33
37 34
17 16
93 37
9 9
96 28
97 60
55 34
53 18
13 11
7 7
53 28
71 8
5 4
48 25
83 3
39 2
74 41
19 5
7 3
24 11
12 10
26 3
69 67
93 73
100 95
51 47
24 23
3 2
72 26
65 18
47 35
80 80
16 13
77 74
11 5
90 76
86 42
41 26
48 2
28 13
55 17
100 52
99 50
41 37
31 22
41 12
88 72
19 17
2 2
55 55
39 31
63 25
95 25
61 50
78 26
27 24
41 18
26 19
88 34
17 13
15 15
8 7
92 69
7 3
4 4
43 37
91 7
72 13
33 10
33 27
14 8
13 8
37 36
26 19
24 11
77 8
48 30
96 27
40 35
48 21
42 29
89 7
47 27
58 32
94 8
31 7
74 58
13 2
87 8
81 57
64 18
10 9
57 51
26 21
49 26
52 49
80 70
42 24
85 5
78 54
66 47
99 81
23 3
47 33
51 32
7 7
47 4
18 15
99 33
54 8
22 2
91 76
31 8
18 11
7 3
42 26
36 36
99 25
71 58
70 30
18 14
39 28
81 2
86 9
52 3
56 4
27 20
90 11
49 12
79 33
24 20
10 10
52 12
61 11
57 3
59 6
96 90
20 5
84 44
76 55
93 29
18 16
70 10
20 6
39 32
71 47
58 54
59 33
53 21
14 14
14 13
54 36
98 34
2 2
11 8
29 24
75 6
41 14
71 38
89 14
19 12
83 13
44 24
49 23
21 11
73 17
58 14
59 40
25 21
7 5
28 12
90 64
27 15
27 7
28 7
97 25
14 3
46 40
94 85
14 3
15 8
26 17
16 12
42 26
49 9
32 16
12 10
71 18
50 50
75 23
63 3
52 17
92 57
76 68
77 56
97 86
9 4
56 24
78 6
34 20
64 48
85 18
63 25
74 62
8 4
56 26
84 26
25 16
55 32
32 21
27 2
91 29
54 39
