10000
41 15
32 29
5 3
27 26
14 3
79 41
41 19
20 5
78 11
2 2
27 16
14 13
42 28
7 2
19 16
16 10
85 17
75 24
20 5
26 23
40 39
59 30
54 35
39 4
31 3
50 11
84 43
70 23
10 7
29 27
78 43
78 61
94 22
66 44
28 10
53 49
24 9
63 22
71 15
99 22
98 73
3 3
17 12
64 23
86 62
38 2
61 18
11 5
44 36
78 33
74 47
60 29
52 23
28 17
80 12
93 75
30 12
60 47
22 10
54 18
21 12
91 65
2 2
23 6
55 55
81 16
10 6
18 14
11 5
90 87
74 3
61 59
72 59
90 29
20 9
6 5
36 29
72 22
97 33
15 10
60 43
70 31
77 20
69 21
84 65
96 9
97 64
86 82
60 52
57 48
36 34
40 21
66 50
88 52
23 8
13 4
8 6
77 10
14 8
60 26
45 5
99 47
29 18
60 56
68 12
78 71
30 20
15 14
45 7
15 15
32 32
67 21
86 26
48 40
48 40
84 45
17 13
25 4
11 8
87 18
87 28
80 17
42 30
2 2
22 7
22 17
14 13
84 60
72 3
7 3
15 9
79 41
57 35
18 8
78 45
5 5
20 18
73 8
18 2
91 49
45 26
6 6
50 20
60 22
11 2
32 6
70 39
31 17
64 24
95 12
2 2
26 20
83 51
75 75
66 32
7 2
4 3
87 53
28 28
80 31
75 54
40 8
35 10
68 35
76 55
25 19
31 7
79 64
37 29
30 17
19 2
13 6
73 44
67 5
15 10
91 52
27 9
89 67
92 6
98 76
7 3
27 13
34 12
42 17
55 44
23 6
41 2
12 4
87 53
99 19
54 39
83 29
37 16
59 29
20 18
72 28
21 9
19 7
59 51
34 6
24 20
43 21
62 22
20 6
20 10
52 52
12 12
36 29
23 17
82 57
98 76
71 46
59 7
43 5
60 55
24 17
45 34
39 33
5 2
72 38
60 11
13 11
87 48
7 6
13 10
6 5
91 55
96 63
73 4
9 4
13 5
12 2
49 49
67 9
25 23
48 28
10 6
24 19
74 72
79 7
80 14
66 37
8 8
51 51
31 20
91 49
56 44
41 29
48 36
92 88
89 18
74 21
27 8
12 7
58 22
74 21
52 50
3 2
37 27
57 40
81 67
22 20
93 18
4 2
29 6
51 3
94 56
80 41
16 4
81 60
59 56
55 34
29 23
73 19
74 50
10 3
78 41
96 72
91 50
23 11
77 64
29 10
34 24
85 63
74 23
22 21
90 23
87 36
81 66
9 4
66 16
76 24
86 30
38 30
80 26
53 47
20 6
95 81
48 19
81 33
34 30
30 13
29 17
73 40
50 49
59 16
76 42
90 85
69 39
6 5
83 37
80 51
98 48
29 24
70 17
79 7
8 4
16 14
44 15
70 6
91 74
59 56
37 11
41 36
36 31
14 5
17 13
80 11
67 53
20 13
85 82
63 42
25 23
10 10
98 77
26 13
32 10
97 89
97 93
77 3
19 16
72 37
2 2
31 5
25 22
67 34
54 6
36 11
84 58
2 2
2 2
36 14
67 62
100 32
30 15
85 19
83 12
99 40
11 5
29 14
11 10
66 44
71 27
32 19
55 8
14 11
2 2
40 36
68 30
3 3
28 7
19 2
77 56
56 45
22 16
15 8
22 13
95 82
71 8
87 48
10 10
11 6
35 27
38 2
58 48
10 8
61 13
26 2
35 22
52 50
35 25
48 14
83 6
42 32
6 3
58 26
44 14
53 51
36 36
20 10
76 47
7 3
80 57
81 14
60 49
40 31
55 22
20 12
61 34
18 9
48 45
43 12
70 40
10 7
27 14
77 3
32 19
4 4
82 30
26 6
73 39
80 52
39 20
52 8
95 29
31 15
94 43
60 7
99 13
33 13
81 69
34 20
50 28
77 60
45 13
84 15
76 56
71 43
7 6
28 13
50 12
85 5
46 20
47 5
100 80
42 34
8 2
61 3
67 17
18 14
80 52
72 20
46 8
53 36
25 18
61 24
51 33
40 10
67 49
96 47
12 9
52 35
7 3
74 69
7 7
64 39
64 46
24 24
70 20
74 23
29 24
56 47
19 5
3 3
45 33
38 12
29 6
74 9
72 28
78 71
20 19
40 36
36 3
46 34
65 47
50 18
71 58
19 5
19 15
53 8
59 43
15 15
47 22
45 33
33 17
10 7
28 8
35 12
28 5
48 35
63 46
38 15
56 3
16 11
86 24
50 47
65 19
89 51
89 74
38 30
10 2
65 47
80 47
6 4
65 42
87 23
8 2
45 31
22 8
74 6
44 19
7 5
70 33
56 14
37 8
81 70
87 61
3 3
14 8
22 19
49 14
24 12
29 20
45 35
99 78
24 17
83 50
3 2
86 3
40 30
40 36
41 17
15 3
81 22
5 5
3 2
61 55
77 29
27 24
13 11
14 6
83 54
54 50
84 75
7 3
27 17
7 3
66 53
33 25
22 18
17 2
80 12
18 2
29 29
18 15
43 27
64 40
33 19
46 12
12 7
70 67
63 61
15 6
85 15
6 4
5 3
13 7
25 13
98 2
3 3
29 23
56 14
32 30
54 45
65 41
93 54
27 11
97 70
58 19
69 65
84 12
30 4
54 19
72 31
76 16
100 61
74 18
27 22
32 7
89 49
46 41
81 52
43 23
68 57
71 60
9 9
89 73
53 42
60 19
43 25
29 10
97 15
96 84
67 62
14 9
71 10
5 2
47 13
8 5
16 12
17 13
95 19
46 22
95 12
49 29
24 15
85 52
87 81
8 7
15 13
78 43
34 19
32 5
63 12
90 56
29 11
15 9
42 21
14 2
63 9
67 10
10 3
10 5
78 29
48 32
3 3
32 31
14 14
18 16
52 42
8 3
11 10
14 13
44 43
4 3
52 28
89 56
67 8
58 37
85 84
4 2
60 3
73 56
25 17
92 50
61 53
97 23
83 19
3 3
23 7
3 2
7 2
89 86
83 58
51 48
67 13
54 53
42 16
65 47
66 8
73 28
63 55
33 23
30 17
16 12
49 9
20 9
56 13
69 42
29 13
72 26
14 10
42 16
40 4
34 34
44 40
47 37
27 11
9 4
6 4
98 58
94 15
57 53
78 29
18 18
70 53
40 17
63 38
4 3
42 3
28 18
78 31
46 26
17 2
83 16
85 42
83 69
80 30
51 37
82 69
64 13
99 6
24 16
27 26
38 20
49 6
30 9
38 31
55 25
64 64
50 22
75 35
31 22
53 37
31 9
38 4
66 3
87 59
28 20
47 31
67 25
53 35
86 3
64 12
75 24
26 12
94 14
42 34
42 27
84 48
89 40
58 11
10 9
18 3
20 2
56 46
30 29
76 13
37 5
18 2
36 5
25 14
25 12
25 7
34 2
71 54
54 9
63 59
67 39
99 9
31 22
47 31
63 52
61 43
55 14
3 3
94 35
39 2
95 37
12 9
93 75
48 37
33 15
46 38
52 5
91 30
85 75
56 55
4 3
34 27
37 14
71 45
78 6
13 10
42 22
63 46
36 21
16 2
80 25
43 29
35 8
36 26
100 81
56 4
74 50
87 70
42 41
49 17
43 17
28 4
92 74
100 75
34 29
88 10
3 2
56 14
15 14
71 68
69 33
46 14
39 20
11 5
93 37
80 52
31 19
79 67
22 20
64 34
100 42
59 52
69 67
72 50
89 36
61 3
24 15
32 8
77 16
18 10
20 16
82 34
95 27
70 69
85 39
79 53
94 49
34 22
55 50
10 5
56 37
7 3
84 15
51 43
80 43
31 25
100 93
62 42
65 39
99 44
73 66
8 6
56 53
97 28
16 9
93 84
28 28
92 17
81 72
55 49
55 8
73 71
38 11
17 17
50 49
50 45
39 6
54 46
42 36
89 7
53 30
5 4
58 15
53 34
50 50
3 2
78 74
100 20
51 32
86 15
47 8
83 19
29 27
55 12
66 55
45 14
50 5
2 2
29 3
36 2
19 2
25 16
14 2
40 11
69 63
2 2
23 17
74 45
53 28
8 5
25 19
25 3
24 16
16 8
79 12
84 14
21 3
14 12
7 4
56 53
97 80
82 37
19 19
6 4
56 46
28 23
30 11
97 5
55 23
97 68
19 8
79 28
70 61
63 13
77 43
39 5
22 19
51 41
41 34
85 82
34 14
34 13
22 18
74 13
88 12
99 95
43 18
85 51
45 30
16 12
86 74
4 3
4 2
61 16
87 62
18 18
87 4
87 78
11 7
57 10
32 12
6 3
88 22
17 6
69 19
86 2
81 58
15 9
68 8
85 38
79 68
32 13
81 66
86 5
23 16
78 53
16 9
89 66
8 5
30 29
36 30
92 32
21 21
9 7
92 90
69 45
54 49
65 20
61 12
14 12
95 94
90 60
34 10
97 29
23 18
48 40
67 45
99 63
50 30
59 16
87 82
77 3
48 23
27 3
89 28
100 77
24 9
71 5
85 4
25 23
84 74
61 40
25 22
5 4
2 2
7 2
98 54
88 68
55 45
17 9
80 28
10 3
31 14
41 3
21 12
39 30
71 8
96 53
63 48
48 41
19 4
29 2
93 35
18 9
10 10
77 61
99 79
76 62
56 55
52 5
95 20
97 87
3 3
53 45
13 3
77 27
32 32
5 3
33 30
36 5
33 33
59 7
100 13
26 12
33 5
17 7
58 44
89 84
2 2
21 4
96 3
25 20
70 32
33 22
53 5
21 2
45 19
96 27
76 33
32 24
86 26
26 13
38 21
6 5
44 3
32 5
89 40
100 91
62 13
9 2
42 36
93 31
94 44
32 20
95 46
53 9
36 14
37 24
93 36
56 29
92 61
56 53
83 20
87 69
93 80
69 11
80 8
65 3
58 43
62 15
20 4
67 23
75 3
62 26
11 3
82 21
67 30
88 76
10 4
29 20
78 47
72 24
95 6
78 51
41 28
80 76
74 54
13 13
39 22
51 39
92 70
98 51
99 29
90 72
17 6
29 15
88 69
18 14
25 10
36 12
47 37
46 16
65 4
59 57
19 7
37 11
35 25
96 14
66 3
20 20
22 11
23 14
48 17
84 21
69 16
2 2
9 2
15 15
86 20
37 14
6 5
20 18
15 12
53 34
14 4
59 10
100 35
36 9
15 3
64 9
47 36
12 11
57 29
67 39
13 6
78 46
77 49
8 8
67 61
81 63
87 74
87 13
10 3
66 40
28 15
28 5
45 32
51 3
40 28
51 46
82 72
6 2
93 35
22 20
55 43
9 7
90 68
50 21
98 75
2 2
14 5
100 32
96 21
77 58
86 72
68 43
97 7
2 2
88 47
21 13
99 6
93 21
25 6
18 14
22 14
90 27
27 23
33 23
57 54
38 8
71 54
29 13
24 23
22 20
37 15
88 44
3 2
43 27
50 47
28 19
27 8
83 50
91 28
71 32
17 7
82 36
80 56
27 26
20 12
99 63
42 21
75 66
30 6
37 35
95 65
72 65
13 9
50 14
60 40
70 27
87 84
79 75
74 63
93 14
78 78
24 24
93 93
57 39
81 66
45 12
48 21
51 19
95 92
33 27
72 50
68 54
16 14
99 96
37 28
56 16
15 6
20 10
34 33
35 33
79 21
80 76
23 20
48 28
2 2
64 51
37 32
41 13
12 2
86 5
56 55
26 8
49 7
85 61
39 36
59 54
51 30
22 6
5 5
14 5
91 14
78 44
62 61
77 22
8 3
90 18
31 4
92 41
82 55
91 41
95 49
81 52
46 36
45 40
65 63
36 10
31 6
29 21
43 25
16 13
70 6
76 15
18 14
100 85
62 10
86 35
60 13
3 2
7 5
4 4
5 2
16 12
66 34
42 27
44 4
49 31
88 31
98 64
2 2
90 71
87 64
91 82
64 8
8 5
80 20
12 5
34 9
33 32
90 47
63 43
87 30
95 34
68 39
72 54
66 29
98 87
91 68
30 5
21 10
89 49
8 7
15 11
80 8
80 52
7 2
81 75
65 20
40 13
84 45
73 34
24 16
57 4
100 100
3 3
30 6
25 19
22 13
31 20
29 12
30 20
64 13
34 19
56 35
92 18
87 54
79 23
44 31
94 72
75 45
54 26
20 9
57 18
78 60
27 3
75 7
37 23
64 9
19 17
38 19
30 19
91 39
29 11
95 10
35 11
57 16
89 21
88 48
96 81
79 3
13 11
3 2
94 22
100 21
19 15
87 76
25 8
4 3
50 16
46 31
98 30
34 6
74 26
21 9
37 24
8 7
6 2
22 16
79 38
84 8
53 32
10 10
75 15
94 40
44 27
91 86
72 61
86 72
93 81
71 68
22 21
92 91
49 29
72 69
76 53
25 25
14 11
67 3
46 10
57 40
2 2
56 29
97 14
47 33
17 13
52 3
37 23
32 10
52 52
34 22
37 27
19 17
24 10
22 7
68 33
60 60
74 39
51 33
12 12
94 39
62 15
74 34
47 33
41 19
38 32
32 4
55 3
44 32
38 10
75 28
16 15
24 21
45 21
98 12
89 60
47 46
38 30
77 69
59 22
28 16
90 59
32 15
33 10
54 41
71 20
63 31
82 74
3 2
98 4
78 51
60 10
40 24
95 33
29 8
30 10
93 85
83 37
98 87
10 10
83 28
29 4
15 10
46 36
15 10
68 32
57 53
61 4
31 8
64 60
25 17
70 70
73 28
92 57
42 6
67 5
100 12
47 7
75 24
80 70
100 34
31 31
42 33
72 16
70 64
29 15
31 20
87 14
13 11
13 7
25 20
8 7
50 43
64 14
48 47
26 7
35 3
82 4
97 58
52 10
72 47
81 57
99 43
14 10
45 9
53 45
55 52
34 20
57 10
38 13
6 3
48 31
56 30
50 48
87 38
84 6
44 9
16 11
12 5
77 6
43 15
30 16
69 9
40 36
40 13
69 20
78 66
38 30
66 21
34 2
62 53
49 23
97 57
86 63
88 56
15 9
38 4
3 3
85 53
91 5
92 24
8 7
95 5
65 25
19 9
82 54
13 2
80 73
67 36
21 13
96 9
75 41
59 59
62 37
26 13
33 29
2 2
5 4
56 29
13 6
72 51
46 41
17 14
50 26
10 5
24 15
55 17
17 2
53 29
19 6
24 11
5 5
35 4
2 2
5 5
59 40
90 2
36 36
22 19
96 9
28 27
85 84
58 2
51 3
76 68
43 34
41 22
60 14
77 49
25 21
55 9
21 10
47 26
94 81
4 3
13 11
47 24
3 3
98 23
86 63
73 27
20 18
26 13
61 11
65 49
95 85
62 25
10 6
21 4
25 20
95 2
17 8
44 10
86 31
80 28
68 3
28 27
70 66
67 42
36 19
28 6
20 7
67 5
92 48
54 6
61 9
30 4
35 20
100 92
96 33
24 23
96 76
29 17
42 8
82 17
96 17
29 15
93 78
98 58
73 23
12 10
69 68
96 2
19 12
4 3
94 52
7 5
67 57
99 12
48 9
75 8
92 39
95 43
15 12
25 5
11 9
5 4
63 19
26 8
74 68
21 8
73 34
47 31
14 8
15 4
16 8
49 27
69 51
48 26
100 12
84 82
100 7
83 23
13 9
64 2
45 34
83 64
16 14
21 21
82 7
54 30
4 4
35 20
97 10
70 50
99 95
20 5
64 10
74 10
53 39
69 2
99 6
28 16
77 34
3 2
11 9
20 15
77 2
34 13
73 61
10 9
62 25
96 11
48 19
96 42
5 3
44 26
73 61
42 17
62 19
25 10
25 14
48 3
99 40
75 65
30 18
7 7
99 67
26 16
65 24
4 2
7 3
61 10
27 24
89 54
18 18
89 37
13 9
68 39
57 33
46 40
67 59
94 94
42 10
88 20
95 26
71 65
30 17
63 35
17 9
56 46
40 11
85 11
87 48
44 42
5 2
90 87
98 71
12 10
34 30
23 13
44 2
39 23
76 27
50 19
95 6
50 20
97 84
42 32
5 2
90 55
91 80
23 9
16 6
19 19
97 43
37 2
70 35
80 20
67 53
9 4
82 69
55 44
20 7
63 15
40 29
98 73
81 55
27 15
94 42
11 2
98 5
96 56
13 9
91 10
38 33
95 47
92 90
36 20
26 26
47 25
82 55
11 4
69 51
32 32
48 22
5 4
51 28
25 4
23 2
32 8
72 5
37 16
54 8
4 3
8 5
54 41
58 6
74 38
69 58
78 63
44 12
81 68
83 73
85 63
89 45
66 52
85 14
75 45
86 13
79 28
76 66
39 29
48 13
88 45
27 8
23 13
87 38
97 22
31 19
99 73
68 62
69 23
53 32
93 55
10 6
72 23
45 24
89 8
70 46
57 24
60 2
62 33
9 4
49 33
72 44
75 10
98 16
4 4
24 24
90 8
93 32
89 31
87 29
46 19
39 12
77 34
65 42
80 72
34 23
78 49
18 13
3 2
28 14
71 47
94 5
76 46
21 7
26 17
9 2
65 49
23 12
10 4
23 12
2 2
15 14
91 74
26 15
75 72
58 54
50 36
35 25
48 34
53 40
57 24
4 3
73 16
57 10
78 57
50 22
66 58
11 11
75 17
40 17
81 42
58 43
11 5
46 41
31 6
7 5
35 23
69 9
13 2
44 41
59 47
20 17
84 12
94 84
63 22
40 31
42 30
22 11
46 41
77 69
90 49
52 20
62 40
63 14
37 31
40 4
45 41
12 5
94 42
76 64
98 78
90 21
48 28
39 39
25 8
51 22
96 30
68 5
35 32
33 26
57 46
10 5
68 37
49 43
34 20
4 4
42 30
34 31
72 65
37 10
67 12
21 9
83 24
30 24
25 7
69 5
13 4
60 23
37 7
16 13
97 36
37 27
6 3
85 25
91 81
97 97
98 4
100 13
77 65
25 18
26 19
12 2
30 25
48 3
52 47
15 2
38 14
74 70
24 22
91 84
23 17
98 88
95 8
94 15
28 19
61 7
83 9
2 2
17 17
14 7
78 68
22 11
19 18
10 9
36 26
59 54
12 3
14 9
69 28
67 47
42 32
19 4
2 2
12 5
68 52
64 37
44 13
44 6
20 11
4 2
45 45
15 11
73 42
54 6
94 60
97 24
43 12
56 49
82 75
63 43
95 33
73 71
70 5
8 3
20 8
59 16
18 5
28 3
39 38
44 13
80 18
42 39
94 82
28 2
74 23
62 18
91 26
98 98
71 22
70 22
96 96
70 46
72 51
87 18
68 4
57 5
87 18
59 3
88 80
2 2
77 3
34 12
36 30
76 15
95 84
91 26
85 80
15 3
61 34
55 46
3 2
10 4
69 69
97 2
45 17
94 53
67 56
23 17
37 2
85 21
55 16
91 45
62 5
25 8
42 36
99 82
58 40
26 4
67 29
20 9
42 26
8 3
71 71
46 21
72 71
54 4
14 13
51 17
77 58
70 11
53 29
86 18
91 80
26 11
91 16
25 23
27 3
67 52
22 16
52 27
65 15
94 45
52 12
12 9
63 35
17 11
79 32
76 64
17 12
84 70
57 8
67 6
5 3
8 2
3 3
79 20
91 33
85 83
61 20
46 43
10 5
84 61
45 25
85 18
47 8
14 6
14 7
38 22
9 3
88 80
3 3
27 26
72 27
31 6
95 41
87 36
64 24
2 2
62 19
49 42
94 26
80 67
91 60
42 33
13 5
24 5
33 9
66 40
69 18
31 23
85 62
71 48
73 73
51 33
53 31
80 63
87 32
59 14
9 6
45 38
7 3
36 15
80 53
59 22
60 15
23 5
42 31
23 14
12 5
53 49
16 6
60 29
36 24
38 35
52 25
3 3
79 32
60 41
71 35
57 21
63 45
98 38
81 3
98 83
53 33
70 8
70 53
93 74
66 41
13 10
26 8
2 2
19 18
52 20
49 9
14 8
83 59
46 46
83 48
16 6
99 41
85 12
59 8
70 44
91 12
5 5
15 6
89 79
70 43
39 11
9 4
84 57
66 29
20 16
79 64
23 3
11 3
65 9
59 27
12 12
77 56
2 2
38 27
86 14
78 20
85 50
50 45
73 56
73 8
99 40
76 4
99 88
16 7
43 29
93 68
17 13
76 72
5 5
78 19
61 26
57 11
23 11
83 34
28 22
48 16
3 2
33 28
16 12
31 23
36 15
95 91
57 34
86 30
6 6
53 29
14 12
66 47
78 32
77 41
44 12
38 12
30 30
83 35
2 2
13 4
40 26
91 16
7 6
58 3
56 11
31 13
87 14
47 42
5 4
69 52
20 13
2 2
49 11
72 23
31 9
5 5
35 22
13 5
87 50
29 2
40 10
15 12
4 4
16 3
79 36
72 12
26 21
26 2
24 22
61 44
26 11
78 50
9 5
54 37
36 12
93 22
13 2
42 36
56 30
41 21
47 14
22 6
81 74
26 14
26 17
92 22
11 8
46 34
62 47
4 4
66 65
87 31
67 11
2 2
99 37
37 23
89 55
29 19
95 88
74 2
98 40
72 32
70 51
36 36
46 29
71 9
94 46
62 34
92 75
17 9
20 8
17 6
72 46
85 49
4 2
84 15
6 5
41 2
50 28
87 69
12 7
14 7
39 22
10 10
3 2
16 14
22 5
92 8
98 40
88 34
65 53
15 4
82 75
3 3
27 22
44 30
72 65
97 35
78 60
9 9
78 28
78 17
54 41
75 9
26 5
86 71
66 37
35 35
84 71
83 83
79 48
72 45
13 4
94 84
11 2
78 44
67 54
7 7
84 45
63 47
78 50
74 72
41 23
72 40
80 24
85 83
6 6
84 27
26 3
11 2
7 6
13 3
100 64
20 16
12 12
53 31
76 7
98 44
14 7
82 31
76 4
50 49
35 13
33 14
88 66
4 4
27 17
29 3
47 11
47 17
66 48
82 54
7 2
69 45
23 4
49 28
62 39
77 50
98 26
86 37
27 17
65 28
34 30
89 65
100 15
93 28
39 23
92 56
40 26
19 10
84 32
84 78
7 5
65 2
47 10
83 40
10 10
51 16
80 31
56 12
22 8
16 5
52 32
19 12
96 55
26 14
58 34
99 50
62 43
99 47
33 11
61 11
43 24
10 5
21 3
48 46
67 21
5 4
88 72
100 41
97 43
50 37
52 40
34 7
19 10
18 8
11 4
15 10
29 19
53 53
99 59
95 56
89 48
15 4
91 50
18 16
26 8
85 71
47 9
26 26
21 16
50 4
83 57
67 18
94 22
28 4
92 28
74 8
25 9
64 30
7 4
8 2
24 12
89 11
84 81
71 67
79 55
32 4
27 3
82 41
5 4
3 3
36 15
100 39
59 51
93 26
98 80
77 24
66 10
13 9
66 16
65 10
2 2
21 5
77 53
69 24
78 60
39 25
68 58
48 7
21 5
77 7
5 4
91 47
99 13
40 26
96 64
19 15
61 56
38 24
32 11
7 7
72 58
74 28
47 8
48 17
87 19
25 25
52 24
43 7
37 9
49 35
98 89
66 9
16 9
39 39
48 26
43 6
27 24
97 36
73 40
43 11
50 43
26 21
70 68
53 13
29 10
40 32
27 21
17 4
60 52
31 19
85 75
14 6
90 9
90 62
26 26
21 11
95 71
17 7
8 3
13 9
80 25
88 12
38 36
37 12
27 7
55 49
93 60
82 8
66 62
81 24
68 24
39 3
19 12
85 23
15 6
99 49
92 46
51 46
78 30
75 75
20 8
58 2
24 19
82 9
53 42
38 38
100 46
25 14
69 11
13 8
73 14
32 29
74 56
31 25
96 16
38 23
34 33
38 27
18 7
75 25
17 10
45 36
66 47
22 19
92 27
26 8
26 13
73 24
7 5
41 21
60 23
76 16
77 33
56 14
77 38
10 2
89 76
97 40
81 78
14 4
59 57
62 34
5 4
98 10
61 27
12 12
51 19
94 31
83 12
9 2
77 13
74 55
87 16
66 7
69 43
71 37
77 48
93 36
44 34
69 30
81 39
83 80
87 34
42 34
23 11
14 3
41 18
45 39
93 51
15 10
38 10
64 6
51 29
96 9
80 41
87 80
19 15
2 2
31 6
9 7
4 2
94 90
35 15
67 9
57 16
70 15
32 10
61 50
39 8
29 16
28 5
71 62
21 10
5 5
86 57
71 34
6 4
26 18
16 11
15 15
94 67
82 73
22 7
88 46
37 5
94 9
15 13
38 18
31 29
65 57
95 61
76 46
99 35
17 13
71 28
19 7
64 18
6 4
44 5
13 13
25 13
8 7
18 13
4 3
76 75
8 2
2 2
57 54
57 41
81 25
9 4
39 11
16 12
17 9
20 16
75 39
61 59
70 67
57 7
54 32
5 4
3 2
33 33
87 66
41 22
15 9
37 37
5 4
70 4
56 16
60 17
99 71
59 46
82 22
2 2
21 4
93 28
31 25
83 81
98 75
85 68
75 39
38 31
73 66
86 17
57 21
66 12
95 54
86 50
90 72
22 6
5 5
12 6
78 40
90 30
50 37
62 8
97 28
42 15
89 12
60 51
99 42
70 51
2 2
19 16
46 6
20 5
47 11
12 2
36 19
93 77
59 29
80 63
67 8
40 25
67 32
71 68
73 56
77 42
96 94
57 30
11 2
29 7
35 32
42 30
5 5
51 7
83 46
4 3
34 19
8 2
20 5
37 31
32 10
99 62
5 5
28 5
51 10
31 5
95 68
76 9
61 37
12 6
38 6
91 28
40 21
57 22
47 15
29 22
34 11
5 3
90 65
24 19
56 45
22 6
43 40
96 25
5 3
38 15
25 5
99 85
74 23
73 4
89 15
56 27
60 54
9 4
18 14
75 45
32 27
75 28
32 28
97 97
68 13
41 17
86 9
50 14
36 21
72 50
4 2
24 9
96 86
18 13
66 19
84 68
53 3
50 9
33 6
24 24
20 3
5 5
35 25
20 16
58 19
2 2
16 5
91 87
10 6
81 48
56 31
44 9
70 12
12 11
98 43
91 19
37 8
61 2
86 50
23 2
38 8
28 17
51 17
44 19
13 2
68 68
65 51
19 17
68 19
98 12
85 64
37 37
44 19
86 7
39 17
28 11
36 9
61 8
92 79
86 48
29 17
78 35
29 18
23 11
13 10
10 4
32 6
68 65
87 81
75 75
19 14
82 52
35 10
89 50
51 34
25 13
28 24
43 35
93 83
13 4
16 13
46 42
63 30
43 36
48 31
25 11
80 51
76 10
64 34
15 10
37 35
44 21
2 2
25 18
51 48
24 21
29 12
28 12
74 71
3 2
29 21
22 9
94 42
66 66
63 59
87 45
88 23
54 43
64 49
6 2
5 3
17 3
33 20
77 14
76 8
55 4
96 12
55 23
72 17
17 5
6 5
89 34
72 54
32 27
6 3
40 13
73 36
77 20
65 52
77 5
91 35
75 8
23 12
45 26
24 13
6 2
70 7
46 13
54 52
67 60
38 23
72 8
17 13
87 20
92 92
42 12
58 45
22 13
31 12
60 6
87 27
89 68
58 4
60 16
57 46
99 54
37 15
49 41
40 10
66 14
91 70
75 64
55 17
61 38
78 72
83 37
88 7
9 3
63 15
8 6
33 21
52 51
100 41
77 62
30 30
46 43
44 18
83 12
89 67
15 9
45 30
46 42
92 33
70 56
72 70
83 30
3 2
44 6
3 2
83 16
60 26
38 36
54 6
33 16
14 13
41 39
86 40
11 11
11 11
77 58
19 4
96 28
16 13
3 3
68 4
66 31
74 35
8 7
31 11
22 10
62 7
82 48
10 2
42 29
7 7
58 50
75 74
34 23
9 6
68 24
57 21
85 41
90 64
17 7
64 46
38 10
27 25
89 81
56 25
36 23
89 76
78 15
32 25
84 14
58 9
19 16
92 51
3 3
50 18
23 23
90 70
71 32
57 4
67 29
89 31
37 23
67 54
58 13
100 11
68 65
57 51
57 45
20 10
57 25
69 12
91 27
27 21
2 2
2 2
87 62
49 48
62 13
47 27
84 37
74 47
37 21
10 4
24 3
60 48
73 32
34 19
89 58
66 10
11 4
8 4
47 19
55 7
60 13
6 5
69 49
92 17
61 9
7 3
43 16
74 65
24 20
41 17
74 32
53 48
41 2
80 7
80 79
33 12
98 65
94 32
91 25
29 18
14 8
96 55
18 4
11 10
71 36
21 2
17 8
66 57
95 18
24 9
6 5
71 14
18 3
76 68
96 21
96 28
69 16
10 7
23 2
98 69
63 7
27 9
54 51
19 6
38 4
70 19
8 6
81 46
48 48
13 2
43 37
84 18
51 37
10 6
53 48
43 6
83 25
17 16
90 9
5 2
34 10
39 38
9 9
38 11
92 44
52 8
10 2
86 27
55 26
83 25
17 6
88 41
42 12
30 5
84 9
64 43
10 9
2 2
85 38
21 16
32 22
13 6
47 44
77 53
9 3
34 12
30 28
67 16
73 45
63 7
3 2
89 41
81 35
63 31
40 36
61 54
20 7
58 2
43 21
66 12
99 51
92 34
63 27
22 22
79 14
42 39
25 2
65 62
67 7
81 78
53 10
25 17
41 22
75 46
23 14
55 8
64 49
89 41
13 6
99 20
98 29
49 5
68 14
23 15
17 13
30 24
19 13
70 43
70 13
96 46
37 10
22 2
82 66
54 41
12 5
12 5
71 66
66 51
17 11
4 4
98 63
23 12
97 28
90 55
55 44
12 4
90 13
54 25
36 12
32 23
89 25
91 14
69 49
16 14
9 5
54 38
83 25
49 21
46 14
71 24
91 67
22 14
55 42
16 15
84 5
50 13
71 35
77 7
37 3
94 33
20 5
14 12
44 30
50 18
87 35
21 5
48 10
44 13
11 7
92 24
60 34
52 33
95 95
100 72
55 36
11 10
80 57
56 44
72 56
54 13
70 68
23 19
83 57
36 5
79 76
75 74
97 41
10 2
50 32
44 32
31 4
59 46
17 11
77 18
91 81
47 17
39 23
83 54
29 7
71 54
50 23
36 6
9 3
6 5
19 8
66 47
78 33
46 2
92 82
8 4
27 2
84 2
34 12
2 2
23 15
35 31
61 5
92 5
20 19
56 27
28 2
89 44
84 34
52 31
96 31
70 6
23 12
50 28
91 18
11 4
100 43
57 25
23 23
73 68
6 4
42 18
53 37
17 12
26 5
69 16
14 6
81 17
96 8
15 7
85 6
66 27
22 19
50 9
82 45
53 29
84 53
7 5
25 15
27 6
52 21
47 36
13 5
62 57
55 12
60 34
32 12
99 31
72 25
100 57
54 31
29 25
52 48
17 12
98 20
62 13
90 12
92 58
82 9
56 31
66 29
43 14
96 69
93 78
45 16
7 7
77 54
90 86
89 75
84 73
67 28
17 7
53 10
53 17
83 80
99 44
99 89
14 8
99 54
94 21
47 42
24 7
17 8
62 55
84 58
21 15
78 30
19 16
30 20
34 7
84 33
5 5
15 11
85 33
16 8
13 6
75 67
36 12
45 35
61 8
68 25
77 71
17 17
2 2
13 7
27 18
62 16
93 40
3 3
53 41
98 30
51 39
75 50
26 11
48 30
68 10
33 14
51 15
22 17
79 75
95 79
35 33
53 46
35 14
56 45
40 14
85 37
88 41
7 4
5 3
90 69
57 31
19 17
9 3
99 56
71 44
91 64
77 7
96 6
49 8
87 25
85 52
51 46
14 10
89 53
12 8
21 19
36 15
22 17
45 30
23 8
89 84
16 16
14 12
33 21
61 34
11 2
69 67
54 4
91 30
92 31
44 30
54 6
6 5
74 18
25 10
19 3
10 10
44 28
20 2
11 11
48 39
100 57
12 3
32 12
79 17
28 15
68 36
31 19
60 11
23 7
70 5
81 45
100 78
13 5
41 35
74 9
21 18
22 18
95 60
35 8
57 22
68 62
79 45
29 16
28 23
33 19
61 33
30 17
65 18
60 12
92 52
93 71
25 23
82 29
68 64
51 28
10 10
6 4
30 12
51 18
100 72
2 2
76 70
50 39
29 12
15 3
76 24
34 8
28 8
80 76
81 13
93 80
85 84
5 2
42 42
26 12
92 27
57 22
64 12
94 49
51 17
65 19
52 4
98 61
61 30
62 50
97 8
54 15
84 6
20 7
25 20
19 8
52 17
59 49
19 12
29 2
26 23
73 35
90 40
33 4
49 27
59 35
66 41
26 26
41 40
78 43
28 6
79 35
50 35
16 12
86 6
39 9
28 26
20 13
8 5
3 2
91 43
10 10
36 32
80 25
94 31
27 9
17 3
36 7
62 17
20 16
88 53
12 4
8 8
46 14
60 28
86 5
40 35
37 14
54 37
27 8
94 77
31 20
68 52
30 8
28 11
13 8
28 17
54 35
38 11
37 36
4 2
30 8
68 27
83 56
26 16
17 8
37 26
12 12
5 4
69 41
9 7
55 16
41 31
57 13
26 15
26 24
10 2
16 7
67 30
11 2
55 15
10 6
81 31
68 8
88 14
99 58
88 3
34 19
29 11
78 22
71 43
48 8
90 40
40 30
96 37
53 33
33 5
32 28
27 7
31 31
81 81
62 35
68 26
31 14
26 15
30 22
67 11
99 70
45 25
7 4
74 64
47 24
32 8
64 37
60 39
61 40
61 26
12 10
88 77
83 67
19 17
32 31
41 19
8 4
13 4
45 36
87 50
77 30
99 74
83 55
20 20
23 3
46 31
11 2
65 59
7 5
69 68
88 18
13 3
31 5
49 42
10 9
40 5
72 2
94 73
91 86
8 5
28 25
41 40
18 5
20 10
30 25
50 13
12 5
66 34
47 43
21 2
63 39
17 2
38 15
91 87
98 49
89 27
20 15
91 25
87 16
42 8
89 14
91 20
97 54
49 8
36 27
69 14
81 65
37 29
65 59
47 22
69 67
24 3
27 26
100 83
29 18
39 25
36 14
52 44
79 72
2 2
9 5
18 13
19 4
54 45
52 23
92 74
35 35
4 3
72 32
58 56
59 14
11 11
39 36
48 16
16 10
28 4
8 7
18 6
43 20
44 19
69 3
29 20
81 31
73 27
35 19
94 45
50 37
79 40
99 23
65 29
61 57
54 37
94 38
95 60
30 25
46 43
89 74
27 20
32 21
24 11
83 77
27 12
98 14
2 2
21 10
59 50
37 17
24 11
74 31
100 18
10 7
34 19
75 62
44 4
64 56
56 55
35 22
54 15
10 2
27 21
25 20
60 36
19 14
20 15
59 2
28 3
50 21
4 3
9 8
8 2
35 16
88 65
21 6
9 4
43 15
39 30
65 64
10 9
90 83
30 11
46 35
42 31
73 22
85 80
27 14
32 13
43 31
78 15
62 57
75 65
83 52
15 9
68 26
48 5
49 4
76 36
92 23
65 2
97 56
32 20
91 8
100 77
54 8
30 22
99 8
55 6
24 7
82 5
9 3
32 18
99 95
33 20
34 30
19 12
78 20
100 32
3 3
96 35
13 7
98 30
87 18
60 51
41 23
58 8
34 27
87 48
72 25
78 32
78 34
81 73
26 19
13 4
55 14
19 7
6 4
86 82
58 15
7 6
78 19
97 50
81 79
40 23
35 31
43 37
77 37
2 2
17 17
99 79
58 29
77 71
86 63
93 7
87 53
34 14
46 10
20 4
90 30
2 2
97 36
33 12
89 31
27 4
53 25
80 55
40 7
28 13
58 11
49 10
70 18
85 55
9 2
61 6
20 2
54 30
49 14
47 47
75 34
21 21
74 70
84 65
72 65
78 4
25 19
92 54
33 12
57 21
39 5
68 42
100 90
37 8
4 4
7 6
97 69
17 9
4 3
17 16
34 13
41 27
98 46
27 8
74 65
61 38
64 26
80 10
83 65
30 20
42 24
96 50
79 16
47 46
2 2
34 8
59 34
68 50
87 38
60 59
71 25
38 23
25 4
13 10
21 16
29 11
58 24
7 3
5 4
60 58
25 22
27 8
89 85
82 56
66 49
52 52
44 43
27 27
23 17
44 7
67 37
58 13
66 64
78 68
88 54
57 30
55 32
50 35
39 24
22 17
93 23
38 5
3 3
95 14
73 36
63 62
96 58
53 7
93 67
46 9
36 24
43 36
70 6
22 17
82 76
65 3
7 3
63 45
88 9
11 6
46 5
6 2
14 9
94 43
92 45
32 10
83 81
63 44
85 37
53 4
84 45
78 2
56 2
20 8
4 3
96 31
48 6
99 88
84 39
4 3
65 35
56 56
40 32
33 21
29 4
48 23
24 14
96 31
30 2
22 9
81 42
76 29
53 30
95 52
47 27
59 53
15 15
56 12
63 41
54 51
8 3
45 23
28 16
42 30
12 2
76 12
16 4
72 25
89 66
49 42
88 4
68 29
35 19
79 58
13 12
57 48
83 23
75 8
72 43
77 65
52 7
95 47
61 43
23 20
52 38
9 6
39 28
8 3
91 59
90 55
9 2
71 21
84 27
5 5
100 36
52 37
15 4
43 28
74 10
48 29
3 2
74 63
7 6
70 25
29 21
64 42
73 52
25 14
23 15
21 3
39 22
15 3
13 11
87 31
2 2
14 9
16 14
63 16
14 8
60 55
87 43
92 85
19 3
33 9
60 42
5 2
52 2
71 32
2 2
49 48
21 7
26 22
45 5
3 3
2 2
97 68
50 26
36 29
18 8
80 59
30 16
13 8
12 10
39 6
57 52
65 41
12 3
77 24
11 11
25 12
72 20
72 52
20 15
43 5
45 29
80 30
56 40
24 11
79 69
51 26
56 25
71 57
32 21
31 31
5 2
26 23
71 50
32 5
83 67
43 43
36 6
4 3
64 17
39 26
60 5
40 9
95 19
90 41
94 38
77 65
68 51
53 34
51 47
35 16
94 14
29 25
16 13
90 81
29 9
35 12
49 30
25 8
56 38
97 37
20 4
65 40
39 3
30 29
78 74
73 62
32 31
28 20
12 10
10 8
9 9
40 28
72 52
36 2
15 13
72 13
30 16
42 35
67 28
2 2
80 80
62 62
99 45
60 13
82 8
46 25
29 14
46 38
87 27
90 42
73 65
5 3
78 3
54 50
53 8
77 2
4 3
33 16
80 51
80 7
6 6
8 2
11 2
21 14
100 41
46 14
13 13
72 30
21 15
6 3
39 24
71 42
26 24
16 3
70 34
65 63
73 46
36 7
13 12
42 13
3 2
64 54
27 24
92 87
90 50
99 99
17 9
37 14
27 18
69 13
61 34
55 5
84 82
13 3
36 28
63 46
91 88
30 12
76 50
29 22
6 2
96 28
21 6
74 29
47 33
80 79
24 4
25 23
11 7
60 5
89 75
89 89
9 5
15 11
88 50
96 77
33 8
27 2
64 12
18 9
58 36
6 2
71 14
100 13
55 33
46 13
20 3
2 2
56 44
7 3
45 29
74 65
29 21
8 5
15 11
82 26
51 43
47 41
95 38
14 7
81 21
8 7
57 51
32 27
67 18
75 66
65 2
75 74
35 25
96 52
36 7
59 40
60 49
59 21
72 69
30 12
84 81
11 11
28 6
18 18
82 43
36 8
35 7
76 10
99 72
38 19
87 63
49 21
97 69
42 11
15 13
95 37
49 2
20 12
95 15
48 35
10 10
85 72
82 34
35 21
15 8
46 10
95 78
41 38
60 26
24 8
20 16
33 7
33 17
57 57
8 7
17 9
52 49
95 69
85 31
67 11
21 16
51 2
82 31
5 2
52 47
73 60
34 8
16 6
100 12
44 20
90 73
81 13
27 9
20 17
6 6
46 27
2 2
65 29
54 38
3 3
62 37
87 22
46 17
23 15
14 2
100 90
54 54
80 29
12 12
86 58
13 5
15 14
31 30
46 7
95 19
3 3
86 5
79 36
24 20
26 22
29 25
92 22
63 16
69 27
4 2
76 33
19 18
44 14
43 23
21 6
75 62
94 2
64 10
32 9
77 30
19 6
87 51
79 16
3 3
14 2
72 70
86 2
85 65
51 10
4 4
16 7
70 16
3 3
25 22
97 55
37 23
42 6
21 14
54 23
70 47
26 9
19 7
71 14
99 82
87 3
80 3
44 8
99 50
15 11
99 92
86 10
75 60
75 52
50 14
50 47
89 21
28 21
92 89
26 24
32 21
56 36
89 37
88 50
32 28
70 14
39 30
95 15
73 25
45 12
98 9
99 47
62 28
88 40
16 16
73 33
20 19
53 43
49 49
31 31
90 6
14 12
95 35
33 20
37 23
70 4
21 18
22 6
33 27
28 10
13 9
82 65
79 59
79 37
50 31
69 67
94 62
53 40
53 40
93 71
97 69
92 15
90 40
6 5
54 16
71 2
56 9
74 31
98 29
29 2
61 51
42 4
88 41
60 16
27 4
100 90
53 14
58 21
54 15
10 9
74 20
95 66
50 31
28 7
44 39
30 20
65 9
16 13
83 43
58 21
10 4
76 14
97 14
94 83
48 23
67 59
67 2
12 6
71 20
67 15
78 53
33 31
23 8
44 35
28 2
75 9
9 9
71 5
21 17
17 13
81 15
23 14
73 45
65 15
57 4
28 4
77 69
81 55
67 24
50 44
83 78
33 31
62 50
93 40
67 26
79 15
70 13
49 6
58 48
24 23
93 89
3 2
95 2
53 17
34 22
97 38
78 78
45 13
57 21
33 11
60 9
42 15
86 30
76 25
83 44
89 14
10 7
25 10
83 37
89 80
77 50
83 45
49 8
2 2
53 16
13 7
77 67
86 17
9 2
5 2
7 6
16 7
95 83
3 2
75 75
95 67
13 9
98 39
45 44
44 4
99 25
9 4
80 15
41 30
30 9
21 4
93 28
32 30
60 44
55 26
43 36
98 11
28 21
38 4
53 6
7 5
7 4
83 79
80 36
73 71
21 3
81 9
40 24
60 5
56 52
30 20
83 53
89 29
88 34
49 4
97 32
17 4
28 18
86 21
31 9
68 45
95 87
100 21
16 14
16 5
26 15
61 41
31 3
35 7
86 29
13 8
74 13
89 73
94 81
90 83
35 6
91 6
29 8
91 48
9 9
36 34
72 23
53 28
74 44
12 2
79 38
4 3
99 80
38 20
81 37
31 13
79 14
43 10
15 6
25 18
39 34
5 4
18 14
9 7
28 24
2 2
39 34
100 77
3 2
80 62
12 8
25 4
76 18
86 54
90 33
12 9
98 62
86 44
40 16
88 30
84 18
21 14
85 53
64 6
91 90
11 8
52 4
47 42
46 21
78 43
42 29
79 51
17 10
80 74
24 20
11 11
79 58
8 5
82 25
100 83
17 14
45 29
88 38
71 33
63 47
10 3
98 69
25 11
60 27
49 15
56 20
34 18
27 2
23 9
83 56
27 24
78 26
51 7
79 69
99 28
98 6
64 31
38 38
44 43
9 9
19 12
84 53
62 11
95 78
73 9
61 17
47 39
19 14
2 2
32 16
91 60
89 39
48 35
40 17
78 11
79 41
38 29
29 16
23 15
50 46
18 6
44 36
93 73
59 11
33 9
55 39
76 9
98 97
14 3
16 2
22 12
56 28
89 44
58 30
47 43
80 77
37 25
84 49
97 20
75 8
45 45
31 4
41 19
84 51
53 7
78 31
84 47
77 34
90 64
72 2
36 32
55 52
99 24
3 3
48 6
39 4
60 19
19 9
30 14
2 2
46 33
77 16
5 3
19 17
10 10
15 12
89 73
27 25
43 10
26 7
45 22
88 57
35 30
22 10
98 33
42 40
41 38
59 28
90 63
11 4
21 16
48 20
36 26
3 3
80 58
83 35
5 5
58 39
89 79
33 26
48 35
11 5
74 6
7 5
37 12
79 54
90 11
13 12
3 3
97 9
76 25
24 2
30 28
95 73
37 6
35 18
90 9
50 45
63 25
17 2
9 8
59 54
8 2
87 20
4 2
93 6
83 55
10 7
76 45
39 16
13 5
54 3
54 2
81 73
88 2
64 29
28 11
97 82
66 16
34 14
23 21
15 2
52 6
81 35
74 3
69 39
98 62
36 6
78 5
85 22
36 25
38 25
16 3
50 9
82 57
11 3
72 39
6 5
50 11
93 84
65 58
63 52
86 21
28 11
7 2
5 2
72 56
5 2
22 10
85 24
77 60
25 14
92 24
53 21
96 7
78 32
48 38
76 7
85 60
96 26
35 16
94 19
40 35
74 2
65 7
92 25
65 33
73 10
52 48
52 37
74 36
82 28
9 4
36 29
73 30
11 9
58 40
77 25
74 25
88 26
11 7
32 7
41 26
96 56
77 46
52 7
42 7
88 23
3 3
48 31
86 45
70 51
34 5
42 5
33 12
95 13
34 12
43 38
58 11
54 40
6 2
40 31
68 16
35 17
26 2
85 6
100 63
7 3
55 54
3 3
78 15
99 54
27 23
20 7
97 16
66 47
20 10
28 12
97 63
50 37
49 25
63 31
67 65
70 14
19 2
28 20
95 2
12 9
34 8
93 38
98 38
67 5
43 8
24 12
26 2
40 9
83 43
46 6
89 36
43 18
62 5
65 30
33 6
28 16
62 36
79 44
52 30
57 53
85 44
90 43
54 50
66 63
39 25
53 41
75 29
79 31
80 70
46 4
44 23
92 61
42 33
59 34
13 8
91 13
68 50
40 38
76 18
97 16
83 20
99 55
96 22
24 21
96 36
97 52
63 7
40 23
90 2
52 33
57 16
45 38
58 25
56 54
50 34
17 11
13 12
55 51
47 41
11 11
74 12
84 9
30 30
48 6
82 69
61 27
96 63
82 24
21 16
31 24
26 26
84 62
51 42
68 46
55 4
76 51
52 18
55 11
76 15
55 51
91 79
27 8
76 69
41 17
91 3
93 16
88 4
75 39
22 2
71 8
71 36
18 3
21 10
8 4
69 42
48 34
20 19
15 11
64 12
19 19
75 27
86 62
16 10
42 4
18 13
92 86
22 22
34 10
46 40
41 32
68 8
57 36
10 2
57 3
91 48
4 2
11 2
19 8
37 34
10 7
7 3
68 25
43 16
43 15
75 7
45 36
84 32
73 18
49 15
12 5
82 17
15 11
59 43
37 32
98 95
35 31
79 27
48 18
88 54
65 16
2 2
81 38
46 2
77 8
66 6
32 23
8 6
3 3
69 11
42 15
57 10
64 58
60 4
89 8
51 36
11 10
58 37
20 20
91 17
52 41
76 12
38 22
77 10
20 14
88 70
2 2
16 16
75 28
26 18
34 17
12 7
62 29
36 36
96 24
35 35
41 5
35 14
34 19
7 2
67 8
51 46
9 2
58 56
77 14
11 10
31 20
90 28
22 6
25 17
3 2
71 46
77 52
84 58
73 68
45 18
19 13
32 16
23 6
3 2
11 8
36 6
84 30
83 39
64 53
43 12
54 7
42 22
96 56
95 64
52 20
93 8
38 10
92 39
29 4
31 16
64 36
22 22
36 10
21 8
13 3
66 49
75 73
11 6
65 19
79 45
45 7
29 22
20 16
23 5
78 45
30 10
99 38
58 22
69 64
72 48
92 76
11 10
45 40
63 44
40 35
34 21
40 33
79 46
32 7
24 24
48 34
55 8
51 37
92 17
100 33
25 10
72 45
9 7
79 70
61 22
9 4
15 14
33 16
78 40
49 12
71 42
81 52
21 8
31 8
30 4
64 29
29 12
28 23
21 16
37 19
47 9
61 52
18 4
45 6
40 33
60 53
23 21
76 32
22 16
24 22
16 13
27 6
45 10
78 47
89 74
96 58
97 14
7 7
67 40
93 66
25 15
44 14
81 72
39 13
17 16
5 4
82 33
97 49
10 3
91 12
3 3
21 19
65 18
85 50
74 71
91 84
16 2
11 6
61 31
59 25
69 27
50 37
61 24
23 12
93 26
20 2
47 15
27 14
54 20
40 12
20 14
77 57
88 3
60 53
92 28
64 42
53 36
27 3
41 19
45 44
48 23
52 34
9 6
52 44
20 10
3 2
13 6
27 14
82 64
65 31
46 16
77 32
59 23
4 2
51 46
90 71
100 44
33 10
31 3
35 20
35 26
66 39
20 5
41 17
71 52
47 6
9 7
76 21
30 18
39 20
8 4
35 5
100 44
43 13
27 15
34 19
82 76
96 7
7 7
46 31
22 22
70 2
8 5
35 10
30 3
64 49
84 23
67 37
32 2
77 15
26 3
79 50
62 48
78 4
9 5
35 26
23 14
19 18
98 16
6 5
41 10
88 35
37 6
43 16
30 12
91 56
10 9
51 29
43 26
69 53
77 58
96 35
97 33
37 15
94 51
83 11
84 42
64 32
95 80
14 6
64 9
31 8
93 17
54 48
52 36
5 4
34 23
45 13
74 38
83 75
37 34
71 63
98 9
5 4
31 26
68 25
51 47
31 21
16 10
77 73
85 16
63 22
28 22
61 37
33 28
24 19
66 35
97 84
90 15
13 3
42 12
79 73
75 27
12 6
19 5
18 12
85 83
26 17
78 53
92 48
46 28
67 22
92 75
86 9
26 23
64 62
85 78
86 10
97 13
30 13
97 96
68 55
58 3
80 75
21 12
70 31
62 57
42 12
42 27
87 72
80 44
54 12
87 17
25 15
13 9
56 36
22 10
35 29
90 88
70 40
19 5
63 61
11 11
78 52
40 15
87 7
64 30
79 56
32 15
26 19
96 3
22 21
43 18
15 3
45 25
75 16
88 75
65 63
96 49
38 16
52 41
98 10
51 3
27 14
2 2
87 43
100 89
7 3
29 22
35 10
7 7
60 49
79 20
37 9
6 5
2 2
19 11
58 28
78 10
15 3
37 10
62 14
69 7
63 41
75 20
14 5
65 20
38 18
81 70
6 5
70 64
93 50
33 13
12 9
76 67
34 5
7 7
40 25
40 33
46 9
89 75
12 9
91 60
53 51
54 2
41 17
45 14
86 79
62 58
47 37
39 27
53 9
90 55
65 23
43 7
99 50
53 39
27 14
3 2
23 3
85 54
4 3
7 2
26 22
56 24
2 2
53 19
55 42
72 47
49 9
84 82
17 4
30 26
53 46
96 89
13 12
9 6
96 62
37 34
18 8
51 35
26 9
40 4
100 9
88 76
98 6
80 4
17 16
58 16
80 32
6 6
90 58
68 55
89 55
40 18
17 13
99 72
78 53
14 13
23 2
91 24
17 12
93 45
14 7
29 28
94 41
96 46
55 30
8 3
19 16
54 18
33 9
77 26
72 46
23 18
57 56
33 18
3 3
38 8
48 38
20 6
7 5
29 5
95 79
86 39
46 2
81 78
54 35
64 49
87 42
96 89
87 25
92 12
51 34
91 63
9 2
54 23
65 56
84 58
3 3
5 4
29 24
46 36
58 11
22 11
99 50
81 2
99 98
20 20
12 2
66 28
4 2
49 20
32 15
21 17
28 10
20 11
21 18
7 5
37 33
57 57
10 10
34 9
52 52
10 6
83 45
9 9
55 7
55 46
47 45
6 3
83 14
18 2
42 38
15 8
72 29
18 7
85 56
57 6
40 25
39 23
66 32
75 10
5 5
5 4
47 20
65 29
13 7
13 11
67 3
56 34
65 19
79 48
20 7
64 34
55 15
71 29
51 6
98 43
25 5
87 64
52 44
53 5
20 18
88 30
79 21
10 2
89 69
5 2
72 46
44 18
14 3
98 30
100 59
45 17
20 18
80 40
49 44
11 11
40 2
45 39
45 6
76 14
9 2
38 7
98 4
49 43
99 83
70 28
56 40
62 30
83 68
100 40
62 60
72 53
69 7
93 84
97 62
33 32
59 31
28 22
9 8
83 79
33 22
18 15
14 8
73 62
12 5
93 7
99 96
82 16
35 9
61 19
37 24
37 20
26 2
5 3
50 5
56 39
65 15
76 36
36 13
53 15
61 45
91 33
7 2
73 17
25 11
16 11
47 11
92 85
95 88
85 13
66 65
69 60
62 7
63 59
81 72
11 11
20 3
96 95
95 41
58 5
87 36
12 3
90 17
84 68
57 20
16 11
96 52
18 15
96 86
82 73
92 59
60 60
94 7
10 8
21 8
84 9
73 41
73 17
84 11
73 45
19 10
11 3
64 26
72 18
84 83
37 13
61 61
96 49
36 11
19 12
57 25
92 54
81 60
41 20
100 99
30 18
90 38
14 13
71 39
43 40
90 41
87 25
63 22
49 15
14 4
11 3
92 43
16 16
37 20
66 43
89 19
42 20
72 58
55 11
74 13
86 65
35 24
93 41
41 16
11 2
58 5
42 35
52 21
63 25
89 44
99 65
15 11
49 21
66 66
35 13
96 92
23 21
62 15
14 2
21 5
9 6
14 14
85 77
16 12
25 5
73 24
95 38
48 6
13 12
76 19
11 6
16 11
94 71
84 10
35 27
8 2
22 19
61 8
54 8
71 4
25 2
13 12
90 52
86 33
12 10
14 11
80 18
6 4
66 10
79 54
2 2
61 7
63 26
25 20
19 5
90 53
92 76
75 35
20 4
23 9
93 40
4 2
58 3
19 17
20 13
80 6
57 32
37 4
80 3
31 21
78 17
82 76
38 25
65 14
6 3
5 4
93 33
32 2
28 18
21 21
6 4
86 81
73 11
57 10
43 31
25 15
72 28
11 5
35 12
30 5
98 87
87 24
28 12
16 12
2 2
73 25
62 51
93 21
21 2
69 26
55 8
42 29
44 28
6 6
33 29
89 9
48 14
81 37
76 12
50 44
49 36
75 9
38 10
92 38
69 43
75 63
72 70
32 30
89 83
64 25
4 2
100 15
73 56
5 4
24 9
15 14
39 10
22 9
28 18
30 19
63 13
97 70
96 32
22 17
91 40
38 6
41 2
75 52
10 3
47 6
36 25
9 8
10 4
91 47
37 36
100 6
70 38
30 18
40 6
82 55
3 2
16 8
15 7
4 2
91 28
89 13
25 11
91 70
16 6
71 30
46 22
31 29
4 3
62 34
3 2
74 72
21 5
12 10
46 11
89 44
23 6
84 43
13 4
95 76
81 48
3 2
58 50
78 13
17 9
75 70
12 7
48 30
26 12
94 35
20 9
3 3
65 27
92 54
39 24
60 55
100 87
35 18
52 16
73 55
50 40
39 20
24 18
56 45
14 14
12 11
26 11
10 3
79 57
70 34
82 31
51 22
42 12
31 13
17 11
12 5
72 38
55 15
76 74
53 36
21 14
94 46
76 35
84 78
13 10
41 8
39 29
70 16
97 31
90 47
17 15
57 9
22 6
27 27
99 16
42 40
29 24
41 17
6 6
73 19
24 23
41 40
85 68
63 31
63 38
80 68
39 15
68 49
65 47
36 23
58 31
98 39
2 2
45 31
24 7
71 57
46 20
15 15
4 2
36 32
46 12
51 49
5 5
59 58
85 54
60 9
80 34
59 39
19 6
26 5
34 17
58 44
94 57
32 6
97 19
14 2
11 10
61 19
57 39
92 74
88 56
61 34
87 16
50 6
59 34
40 18
20 15
91 8
71 52
99 13
76 26
36 6
50 6
94 58
45 10
91 51
14 5
9 9
23 22
70 39
71 56
57 13
53 47
31 13
77 35
9 4
100 8
90 74
56 8
60 5
80 44
81 41
41 11
27 8
47 12
9 7
90 11
67 24
16 5
96 88
42 14
17 3
65 29
26 17
49 48
34 28
15 9
19 2
90 56
77 56
60 8
15 14
80 59
3 3
24 5
40 33
23 3
48 17
29 19
92 30
77 26
46 17
99 55
50 7
57 53
35 27
9 2
69 28
4 2
62 48
28 26
44 43
6 2
52 41
14 7
14 9
18 9
6 2
14 7
53 29
47 45
94 58
49 5
84 17
92 77
82 19
59 18
52 14
5 2
45 6
35 32
49 27
75 43
35 9
82 4
37 15
94 13
64 38
55 8
62 44
66 36
54 50
66 43
97 35
4 4
97 42
30 4
14 2
25 5
23 4
36 3
71 16
21 20
77 41
81 20
48 3
2 2
64 32
78 48
16 4
73 14
18 16
82 8
71 66
86 19
66 26
44 10
86 8
17 12
5 2
17 6
94 45
86 57
95 80
30 12
73 42
83 38
97 93
86 56
17 7
4 3
75 71
52 4
73 55
2 2
83 38
43 15
39 31
95 19
39 37
36 7
27 20
3 2
8 8
53 12
76 70
24 17
56 47
69 43
66 36
23 15
35 29
18 4
26 19
61 47
57 34
87 55
35 21
98 93
44 35
4 2
66 57
64 15
93 51
97 77
7 6
56 2
18 3
38 14
14 5
27 27
4 2
39 2
75 61
14 11
86 70
23 10
75 42
12 12
15 2
32 12
50 19
76 48
86 17
18 18
22 6
81 39
33 12
67 57
98 96
84 9
81 67
42 5
12 7
81 71
26 12
72 31
71 21
16 12
91 35
52 40
18 5
54 51
78 20
13 9
16 6
51 8
54 48
3 2
56 23
5 5
87 66
70 59
18 18
76 49
67 40
41 4
13 11
61 42
40 32
50 14
57 39
94 28
72 25
51 35
38 35
53 52
56 31
12 7
15 13
6 2
27 27
48 9
8 4
30 18
2 2
6 3
38 15
24 5
12 6
97 81
59 3
27 14
14 14
75 32
72 30
74 69
9 3
18 6
35 14
91 46
84 64
52 50
39 15
47 29
3 3
45 30
24 24
25 21
21 3
45 8
8 6
28 9
6 6
12 3
17 12
71 62
64 15
72 65
67 62
88 71
71 13
89 38
14 8
62 41
80 12
56 22
52 4
81 51
48 34
72 41
48 38
98 75
54 8
54 16
66 5
13 7
81 60
61 22
83 34
94 23
4 3
78 70
85 73
8 8
91 18
76 14
43 28
43 17
92 49
90 6
93 32
13 4
92 57
13 5
48 40
6 3
56 9
45 21
31 5
20 14
58 6
64 45
59 32
61 33
14 9
84 22
26 3
39 6
7 5
2 2
66 15
66 36
12 5
41 12
31 26
76 72
25 2
28 11
90 87
21 7
48 41
15 5
42 35
12 5
17 6
49 12
62 41
29 5
57 19
68 24
88 72
88 9
6 4
47 39
57 49
47 31
92 69
82 17
11 9
79 9
58 29
28 10
86 36
91 77
87 19
10 10
9 4
100 80
69 33
99 63
86 77
11 10
98 52
93 84
32 9
77 69
74 34
4 3
67 28
80 11
93 39
70 35
57 19
80 63
22 4
51 27
78 73
64 15
14 8
6 4
8 4
40 29
92 61
30 9
64 27
91 69
21 18
72 24
31 7
41 10
65 30
77 7
64 18
18 10
23 2
11 8
59 31
42 15
77 29
58 48
39 18
90 61
11 4
48 24
87 9
94 29
85 50
100 91
94 20
10 4
7 3
35 20
80 28
4 3
60 6
57 2
43 11
18 5
42 17
6 2
4 4
23 18
47 20
24 20
92 71
36 18
30 13
56 46
14 2
56 5
85 2
47 6
100 13
95 80
19 10
5 5
41 29
65 50
28 28
55 9
30 18
33 8
65 22
57 17
45 42
18 8
76 76
53 35
43 17
33 30
70 2
10 7
39 34
19 9
14 6
95 55
92 50
24 18
11 3
43 33
79 50
35 18
81 17
23 8
57 27
38 4
63 50
37 28
68 52
79 63
86 6
39 10
15 6
31 15
19 19
53 23
65 43
94 85
4 3
96 5
49 7
47 2
48 40
49 17
2 2
83 12
12 10
84 9
74 59
63 4
21 19
90 48
87 52
29 27
83 44
49 31
73 21
25 23
83 13
48 7
2 2
13 3
63 20
82 25
56 29
82 80
61 9
80 59
28 9
81 25
57 14
89 17
98 6
64 58
53 28
53 47
33 9
19 5
69 13
88 51
30 12
83 44
63 55
12 2
92 48
82 65
45 9
78 63
83 54
57 31
66 50
6 4
91 14
52 34
95 16
10 6
84 82
14 2
22 10
49 29
84 83
90 26
17 6
40 9
47 17
53 35
28 12
98 61
51 47
50 41
91 82
29 17
98 77
66 16
23 7
96 76
84 48
34 9
26 24
45 15
40 4
71 29
51 18
42 9
99 46
32 32
85 85
10 9
53 33
45 35
65 41
75 33
5 5
69 13
80 11
4 2
73 55
59 30
91 11
85 59
15 8
50 35
19 12
62 7
2 2
99 29
73 69
58 50
18 6
11 4
67 53
31 16
89 67
10 9
83 13
25 17
76 4
10 2
99 90
48 11
75 65
61 8
9 7
81 4
69 51
30 25
57 5
76 27
62 50
10 10
45 42
78 30
42 3
73 18
44 12
22 4
49 2
48 6
29 13
16 3
24 22
80 45
29 4
41 20
26 21
79 42
3 2
86 39
83 83
90 31
81 16
43 17
46 31
94 47
87 62
54 13
7 6
90 74
4 2
72 59
63 49
50 4
8 4
7 4
4 4
51 3
8 4
93 20
33 10
87 73
63 23
53 4
16 6
58 57
23 15
28 28
83 32
81 2
66 37
36 16
13 13
32 17
27 25
89 65
95 31
59 8
31 21
33 8
39 26
22 16
12 5
70 49
61 14
49 20
51 50
76 76
35 24
79 7
85 44
11 5
51 21
12 11
32 13
19 10
25 17
65 63
50 39
55 6
85 20
52 25
72 20
64 26
55 38
68 27
9 8
18 7
19 7
75 9
62 24
17 5
24 5
13 11
26 16
72 13
64 12
52 10
24 12
58 40
48 24
60 48
76 18
88 23
37 30
38 18
55 16
67 8
76 17
75 45
52 10
34 24
78 46
63 4
37 15
10 10
90 86
86 15
64 7
81 41
17 5
98 97
11 9
45 17
83 23
5 2
67 25
57 27
28 11
57 28
68 43
46 16
49 39
48 36
44 11
60 46
59 56
2 2
42 19
47 14
19 17
68 17
18 9
11 6
44 44
63 6
70 49
75 66
22 2
33 13
25 20
40 4
26 8
90 24
70 32
75 22
75 23
45 9
63 30
68 20
60 40
39 38
62 17
11 3
9 2
16 16
99 15
82 60
80 74
8 2
42 18
13 5
48 26
30 6
100 57
26 4
99 78
41 40
88 16
58 50
29 25
53 34
28 7
59 34
76 72
65 11
41 17
18 5
92 70
17 11
23 21
84 52
46 34
95 36
19 9
17 11
74 4
88 87
77 16
18 6
98 39
21 5
93 51
13 11
83 23
28 2
19 18
55 20
56 42
16 10
31 10
61 51
56 47
23 23
17 14
86 74
34 19
43 2
5 4
30 23
51 9
26 3
3 2
8 6
6 3
43 36
16 6
6 5
46 32
27 24
6 2
81 30
47 29
29 27
46 24
60 19
62 29
89 10
26 7
80 24
2 2
18 5
43 38
52 20
59 19
99 95
87 5
29 20
58 57
21 11
73 43
63 28
85 7
96 83
24 23
17 10
12 4
9 2
95 61
42 5
71 6
68 58
2 2
48 42
24 23
43 3
67 28
45 29
21 5
53 12
40 15
65 27
47 10
54 33
35 8
92 30
65 42
18 11
13 9
34 29
85 79
77 58
29 13
63 32
41 20
64 57
43 27
55 7
55 24
9 8
7 7
84 84
79 56
3 2
23 18
33 6
62 37
5 5
89 54
51 35
67 47
34 10
85 6
62 7
10 7
96 64
52 30
21 13
71 12
35 34
88 36
26 13
17 2
80 14
30 21
52 44
81 50
53 21
98 13
2 2
50 42
41 25
21 15
10 7
59 25
96 33
45 28
98 86
31 13
13 13
97 7
56 34
79 28
12 6
10 8
6 6
71 64
81 29
75 46
11 2
51 5
85 14
29 17
76 65
47 42
67 46
53 31
75 61
35 2
98 14
59 58
58 32
75 63
39 20
86 56
18 13
69 66
11 3
67 3
2 2
51 15
38 27
24 5
15 7
24 20
31 21
66 54
77 8
8 4
51 47
9 5
88 37
14 7
27 3
30 29
97 59
7 5
76 31
45 28
84 6
53 43
25 13
5 3
74 19
45 25
54 14
46 23
73 50
86 64
41 9
24 15
34 34
62 58
33 23
36 8
17 9
20 15
13 6
44 3
53 28
83 79
42 16
74 57
57 44
33 18
35 33
93 69
61 56
3 2
86 74
41 2
37 4
23 15
38 29
21 9
23 13
79 56
78 44
48 42
76 40
64 25
19 13
26 12
93 84
97 92
15 6
13 10
5 2
92 33
60 56
96 87
44 9
62 20
55 5
6 5
84 61
76 2
26 15
57 54
50 9
65 57
53 10
99 33
43 5
8 3
50 38
29 17
12 3
22 13
92 86
64 15
33 4
26 11
81 8
37 20
2 2
55 3
7 7
63 10
97 82
61 18
94 74
71 32
84 12
9 9
68 58
25 11
3 2
59 31
34 29
93 23
24 11
48 3
67 39
15 12
89 45
65 5
79 27
15 9
14 3
92 53
30 10
14 5
72 72
25 23
48 46
97 28
56 10
27 26
67 61
78 18
21 5
22 12
60 56
63 28
56 2
57 27
82 53
65 32
79 2
20 2
87 43
69 6
48 33
93 36
84 15
16 13
98 81
76 53
38 13
29 19
49 3
35 35
100 80
68 15
100 11
26 8
56 30
71 47
8 5
23 5
78 65
14 3
81 24
93 66
95 2
49 48
64 4
2 2
5 2
78 36
18 17
3 3
62 5
16 2
12 11
67 38
54 13
96 63
74 9
40 17
73 38
28 3
49 18
69 3
67 48
76 28
76 70
41 8
95 63
98 14
54 42
35 25
28 11
72 56
34 22
72 38
28 27
53 50
90 63
47 26
7 5
39 23
15 8
34 33
4 4
12 4
39 2
99 29
73 32
86 29
80 21
78 59
27 3
91 85
92 51
10 3
11 5
80 50
6 6
6 5
33 13
84 60
17 12
90 83
80 64
39 22
97 91
77 23
95 18
93 14
40 3
17 8
25 8
98 62
44 10
70 34
87 40
59 18
60 41
85 26
21 11
38 19
33 12
78 58
87 33
76 52
93 68
6 5
64 63
58 41
59 6
32 20
99 2
86 7
64 37
64 12
53 50
17 13
56 34
34 14
14 7
24 2
24 18
57 15
31 24
20 19
3 3
9 7
100 43
83 61
29 14
96 74
93 46
63 26
42 39
4 2
55 53
45 28
19 5
71 34
96 40
81 29
31 12
26 2
21 6
22 6
47 23
83 47
28 7
32 10
58 48
61 12
91 7
33 24
47 4
50 41
61 27
95 70
93 61
93 53
19 5
69 54
5 5
28 28
70 22
73 56
65 4
70 5
89 6
100 55
53 46
85 35
53 12
40 5
91 51
29 2
98 66
19 17
92 74
81 2
34 23
75 9
87 66
26 7
15 2
4 3
91 88
42 20
29 5
30 18
43 12
92 10
58 39
42 16
53 23
10 9
48 45
68 36
54 2
42 30
61 44
6 5
63 16
4 4
3 2
6 4
47 44
76 19
29 21
53 4
92 35
56 11
24 24
44 9
34 29
76 64
92 14
54 9
91 44
85 31
29 7
4 4
95 32
91 44
24 24
74 62
22 5
78 40
47 32
83 72
13 8
6 6
59 28
75 61
34 25
34 32
20 12
56 6
85 25
80 60
43 35
53 46
45 41
12 2
15 13
29 10
40 23
9 2
11 3
9 8
29 16
27 5
74 23
91 44
48 5
87 28
44 38
33 25
47 37
64 4
52 43
36 30
75 45
54 2
25 22
2 2
3 2
32 20
3 2
5 2
54 11
47 5
66 20
24 20
100 55
34 23
71 33
97 5
25 19
42 11
78 70
85 83
79 13
48 29
31 8
74 63
62 41
25 25
53 38
32 18
88 22
62 43
54 8
90 85
87 82
4 2
6 4
99 42
13 13
6 2
26 12
87 10
12 9
76 2
59 11
6 4
28 10
68 23
40 37
41 37
84 35
2 2
11 8
67 5
54 40
66 66
12 3
27 25
18 4
71 9
38 20
26 2
29 8
44 14
38 32
47 29
30 15
88 20
14 8
49 45
43 28
11 11
29 17
100 37
35 8
86 70
59 33
33 28
77 15
42 13
44 23
85 10
84 20
48 41
17 17
72 71
58 50
63 36
41 2
30 5
35 18
42 8
4 2
87 15
69 59
34 30
94 58
58 47
89 24
54 38
96 51
19 11
25 7
26 2
86 51
68 14
41 37
77 47
97 9
75 13
47 13
47 12
13 12
63 20
21 12
65 52
41 33
95 68
32 15
15 15
3 2
29 4
23 5
75 69
37 19
66 44
34 14
45 28
79 19
24 5
47 8
6 5
66 29
18 15
49 14
36 31
26 22
45 19
19 3
26 15
29 15
96 18
58 15
93 32
86 7
30 18
42 10
14 8
75 73
84 75
22 17
15 15
33 25
34 11
14 12
4 4
84 61
81 19
12 10
89 7
13 13
38 23
60 9
88 88
70 41
32 17
18 9
49 18
34 30
9 3
85 48
3 3
84 77
78 51
9 7
3 3
65 5
18 2
32 9
48 3
23 13
22 3
68 39
68 26
62 7
20 11
75 67
48 29
91 24
12 8
27 3
51 22
50 31
59 34
39 30
95 22
91 11
82 74
39 9
21 2
38 25
2 2
88 17
55 20
2 2
14 3
20 11
84 69
2 2
24 8
39 5
99 46
34 7
67 57
47 14
98 16
39 12
96 61
11 7
41 12
34 24
59 39
80 15
13 3
82 61
81 18
41 28
84 72
36 34
26 15
56 21
100 89
42 39
72 7
45 16
83 63
41 14
72 72
48 47
60 4
83 28
68 68
47 23
52 36
53 30
4 3
40 7
11 5
93 25
51 31
17 14
21 19
98 59
61 8
26 11
87 78
24 23
75 42
76 66
77 2
57 33
42 38
77 69
32 26
27 7
63 37
73 59
23 3
98 87
30 16
68 58
69 36
92 68
19 18
17 13
66 11
60 9
78 72
81 13
98 60
4 4
23 17
26 18
61 20
61 60
78 39
23 19
99 85
7 6
23 19
32 23
3 3
3 3
87 14
46 37
64 33
55 21
81 53
32 15
27 15
35 30
15 2
83 10
74 72
29 28
95 54
20 5
26 5
41 14
57 23
82 31
67 3
70 41
16 7
18 10
42 19
38 32
89 81
66 3
79 16
74 38
24 13
59 3
12 8
14 5
83 70
41 27
82 79
37 18
11 5
56 45
60 38
46 7
3 2
68 62
3 3
74 39
37 31
75 57
91 66
34 31
46 29
19 19
40 27
100 48
52 42
13 8
66 7
34 21
96 48
74 17
63 50
88 85
72 61
45 12
4 3
67 18
45 40
35 2
36 12
76 23
58 12
46 4
35 25
34 21
63 9
79 5
29 12
46 19
63 29
9 9
88 62
95 9
81 3
2 2
22 4
66 40
7 2
78 71
43 6
7 4
37 15
13 7
81 79
5 4
97 36
41 8
88 45
87 58
93 67
36 34
39 20
13 10
66 51
66 3
57 49
24 23
60 6
38 36
80 69
9 7
71 39
68 52
7 2
93 68
28 3
7 6
77 67
4 4
89 69
59 13
5 4
32 14
71 34
41 10
99 15
72 11
93 64
22 20
36 17
10 2
85 11
87 42
70 9
79 67
54 22
29 22
27 9
47 36
34 23
42 30
90 15
79 45
23 15
96 68
71 3
14 11
51 31
45 18
41 41
55 11
75 5
11 6
72 65
26 17
8 8
83 46
48 32
59 50
89 82
80 70
97 96
58 28
30 8
68 64
15 13
16 7
93 2
57 12
91 53
99 45
19 14
13 7
57 35
11 8
73 7
54 15
31 31
36 20
40 28
22 13
36 8
86 37
45 2
77 20
8 8
23 13
89 34
99 85
63 52
3 2
79 6
33 16
60 53
39 32
25 4
80 51
22 16
67 12
33 22
51 24
92 57
83 69
55 8
77 68
14 7
61 24
96 73
54 50
23 8
46 17
7 7
77 64
9 7
69 45
44 41
27 12
20 13
51 46
71 33
14 8
75 56
70 39
22 3
89 65
87 4
35 13
50 14
44 43
35 17
32 30
15 7
17 15
65 34
53 7
77 53
28 2
87 60
83 9
77 59
45 16
25 12
12 10
40 37
58 36
41 40
81 37
53 13
79 62
24 13
16 11
38 26
85 30
79 64
12 6
11 9
78 9
66 61
23 9
33 17
61 43
45 36
14 3
46 34
95 3
22 17
81 43
55 14
62 23
12 5
65 38
77 67
81 52
4 2
60 14
93 52
75 74
79 9
24 21
6 2
56 36
17 7
4 4
85 24
10 5
76 65
82 41
46 39
10 9
19 4
85 18
82 18
98 53
25 19
23 6
11 11
69 50
97 50
23 3
52 26
31 18
55 51
30 21
93 20
82 11
8 3
30 23
85 57
63 45
76 7
4 2
24 19
7 5
14 4
49 29
45 20
5 4
3 2
73 23
51 7
70 35
44 32
70 54
55 29
53 41
65 44
34 18
16 9
21 9
5 4
9 6
9 3
32 11
51 44
65 25
17 10
61 22
4 2
94 5
69 47
74 67
78 73
92 6
82 46
69 59
12 7
10 9
25 14
7 3
47 31
69 68
55 2
82 23
23 14
19 12
72 61
50 47
80 40
74 61
45 25
44 20
8 5
76 36
100 87
86 18
27 27
94 28
15 6
66 49
40 38
17 11
34 12
14 14
38 25
56 15
62 54
88 13
96 54
61 54
68 31
34 19
17 16
61 56
52 37
50 31
13 4
49 3
20 19
4 3
78 41
89 7
76 40
80 72
60 47
16 13
56 23
92 33
45 3
6 3
78 20
23 21
42 36
29 2
91 32
22 8
31 13
37 27
96 86
20 7
65 4
90 82
30 11
81 22
42 40
34 33
71 24
37 24
77 43
73 43
48 30
22 8
44 22
48 39
11 7
53 17
27 9
23 16
80 11
42 6
16 12
51 30
34 13
79 7
41 2
81 28
72 61
4 2
10 10
42 22
8 8
37 10
62 3
61 52
24 19
9 6
18 16
78 74
36 21
88 54
4 2
39 25
14 8
19 16
97 9
25 6
67 53
4 2
49 24
99 42
43 6
91 17
31 22
19 14
43 28
49 4
79 73
89 53
88 7
12 10
50 21
43 6
41 31
37 5
96 84
2 2
46 6
11 5
16 16
21 7
17 16
56 23
14 12
87 33
67 29
32 27
82 52
88 26
88 10
26 9
4 2
100 40
8 4
62 8
88 21
32 26
3 2
80 46
30 20
4 3
58 35
51 43
17 14
6 6
65 57
93 47
71 49
87 75
69 50
76 70
31 28
40 10
66 11
56 50
65 57
78 29
94 19
75 66
19 11
14 12
52 28
3 3
61 29
69 14
56 13
23 23
51 37
49 48
74 62
69 69
6 2
97 33
6 2
62 39
73 11
72 52
96 36
62 30
95 43
35 18
2 2
59 38
64 44
62 36
14 9
11 7
80 15
41 13
17 17
86 4
79 26
69 45
71 56
16 10
98 72
89 32
81 64
65 42
58 39
52 52
84 61
93 2
38 24
22 12
49 43
91 51
14 6
79 72
16 14
58 14
43 42
78 51
33 21
31 20
11 5
78 55
24 5
65 60
87 7
64 63
49 47
38 6
55 47
88 55
24 6
77 35
86 11
92 14
94 39
5 2
2 2
99 85
94 17
95 67
40 33
21 21
71 54
9 4
14 14
40 26
27 14
37 14
23 10
46 7
42 25
74 3
71 14
3 3
55 41
100 78
9 6
31 29
54 43
79 49
60 60
23 11
52 20
52 39
60 51
86 64
88 51
74 3
50 46
44 25
31 27
77 50
14 2
4 4
32 10
60 57
26 26
78 39
52 50
72 59
38 26
72 2
31 4
20 12
12 12
67 59
2 2
16 8
31 20
47 8
76 37
54 23
73 67
35 30
5 5
11 8
73 44
90 24
74 46
2 2
8 3
44 33
55 38
40 2
43 34
27 21
43 10
57 30
96 28
78 36
54 40
32 4
97 25
85 42
37 4
91 39
91 34
16 3
63 28
9 2
76 59
66 6
66 24
99 54
79 61
64 45
53 48
47 17
90 35
100 9
86 52
8 6
60 6
52 8
64 62
73 36
18 14
29 23
64 52
5 2
78 15
6 4
26 16
48 13
5 2
49 46
62 46
49 14
88 2
80 52
92 86
78 19
44 40
65 63
22 22
59 33
28 5
85 82
75 63
32 32
53 16
89 75
53 22
20 4
53 26
56 5
49 47
32 18
63 54
25 10
78 22
14 5
76 71
3 2
100 42
88 70
39 11
21 18
73 53
87 87
91 17
5 2
89 45
6 5
85 50
56 26
52 13
41 40
62 26
67 6
55 19
100 23
38 10
41 32
91 59
100 6
43 15
50 45
7 6
64 15
40 11
94 64
4 4
60 8
55 16
35 25
30 29
85 9
74 7
6 6
72 21
25 7
66 45
91 75
48 7
36 8
58 2
86 67
72 2
59 51
73 50
43 30
70 64
53 40
45 42
98 2
59 8
7 5
92 45
80 26
98 11
83 6
32 28
94 46
93 81
84 27
49 27
45 30
88 45
77 24
78 43
61 44
67 66
27 18
14 9
84 11
97 92
91 22
55 29
39 3
86 24
22 10
5 2
93 19
92 20
25 23
22 5
46 2
32 5
30 15
12 5
70 50
80 56
9 5
70 36
51 3
37 18
62 56
81 58
69 45
86 83
96 67
95 13
22 2
60 30
53 5
70 59
4 4
61 8
88 5
63 57
90 70
68 14
31 31
64 3
52 26
70 21
16 3
10 6
85 8
9 7
27 24
92 29
8 5
26 7
94 39
68 17
62 53
87 18
75 32
28 26
79 29
40 13
40 40
35 4
45 34
18 16
57 42
25 3
46 42
39 3
78 73
5 2
82 33
68 41
36 4
49 15
58 49
17 6
20 14
44 38
54 15
94 42
60 32
33 27
57 7
49 8
60 17
98 26
66 27
92 7
58 54
82 62
82 25
88 80
11 5
99 26
36 33
42 33
69 47
14 4
61 30
54 46
7 3
8 7
45 8
84 5
10 6
26 23
16 16
39 28
20 2
95 4
71 40
59 3
57 5
66 18
65 45
53 9
48 39
33 11
78 13
76 37
92 32
79 41
50 30
48 14
47 16
98 14
81 50
70 41
14 14
9 9
75 15
65 58
66 61
94 56
37 28
26 20
31 9
91 52
64 14
50 40
68 11
82 11
4 3
37 3
39 21
90 18
84 18
64 19
48 23
73 27
78 67
86 51
54 43
42 34
48 30
87 4
11 10
35 5
86 5
75 57
50 28
63 30
67 46
78 57
3 3
52 49
88 24
78 54
72 33
83 5
78 56
28 12
7 3
5 5
82 26
68 64
4 4
39 32
44 33
73 6
44 9
74 61
11 2
47 20
13 12
17 3
89 23
64 53
40 29
88 45
38 38
24 5
3 2
20 7
34 16
11 3
67 6
73 42
99 30
34 3
13 9
86 48
56 11
15 11
99 26
97 77
4 2
17 13
72 30
10 4
26 26
77 11
14 8
26 2
96 37
76 26
15 5
56 35
40 10
76 3
38 31
62 43
41 15
88 28
2 2
73 31
95 6
27 6
47 13
86 52
59 40
78 41
25 12
21 18
43 28
30 17
88 37
44 31
98 34
93 60
72 14
7 2
18 4
9 5
53 18
53 7
68 31
98 41
71 30
7 7
13 11
81 51
60 42
65 15
24 8
65 29
100 98
25 20
37 35
56 16
23 22
43 41
50 18
91 64
46 17
30 17
37 37
4 3
96 19
79 71
63 10
91 91
95 11
16 15
14 4
52 12
40 20
46 10
88 78
90 81
17 11
79 43
3 3
77 39
51 23
71 19
50 42
27 17
30 2
98 35
20 19
63 18
11 5
71 55
8 6
100 97
3 2
63 23
13 3
26 11
94 42
16 9
87 63
51 35
69 65
12 7
2 2
11 10
87 16
59 28
60 32
76 43
74 57
91 9
81 43
51 23
78 20
19 13
77 30
11 11
14 13
66 19
58 17
65 21
62 56
52 25
85 41
56 25
49 35
6 2
10 6
39 31
88 6
88 23
79 22
48 40
85 8
92 91
34 32
40 33
15 12
53 5
63 25
45 6
8 8
66 55
97 83
13 12
4 2
81 17
11 6
60 10
41 20
93 46
43 41
97 37
35 8
84 55
31 6
44 13
12 9
36 26
32 4
50 34
8 7
68 12
58 51
40 9
100 37
91 69
98 34
72 55
47 3
82 75
83 44
79 39
28 7
9 9
11 11
37 8
36 27
68 53
8 2
30 15
77 26
81 19
30 3
19 2
39 39
90 30
85 7
15 15
86 24
39 17
19 12
43 17
87 61
3 2
32 23
73 3
77 73
36 18
48 31
34 30
62 48
66 33
30 12
68 3
81 14
42 16
69 31
5 5
66 43
53 48
3 2
63 58
41 39
54 39
10 2
23 7
61 31
57 26
67 6
25 25
29 19
93 22
4 2
25 25
28 4
62 5
20 2
47 21
72 48
100 99
12 10
86 12
44 10
42 40
18 18
94 71
38 2
71 53
4 3
61 44
33 11
74 47
53 10
97 59
97 4
13 2
67 8
80 61
53 52
19 19
59 31
54 8
35 28
14 8
67 67
67 28
35 10
53 31
88 24
95 83
48 32
71 38
100 16
56 43
12 7
87 42
27 9
76 70
15 5
90 29
62 32
75 54
39 37
6 2
23 23
35 5
36 33
93 36
23 6
73 50
89 64
50 17
96 46
30 12
89 63
90 43
72 38
31 27
96 39
87 16
11 11
88 25
61 26
81 52
44 22
34 3
49 7
98 82
2 2
9 5
52 33
75 17
5 3
5 5
81 35
56 42
52 49
13 8
22 18
56 3
32 22
2 2
34 23
85 77
4 2
3 3
100 28
67 56
29 18
75 36
60 17
100 9
99 99
2 2
33 28
41 31
94 66
58 24
5 2
65 60
22 22
68 39
55 27
8 8
9 2
18 13
34 5
99 24
22 2
33 24
3 2
8 3
56 3
88 21
3 3
41 32
86 11
58 33
41 17
52 48
41 3
61 25
55 8
63 53
28 6
63 30
32 25
71 34
11 11
20 17
33 5
71 15
73 42
79 39
35 4
5 4
75 62
31 5
23 22
4 3
43 6
33 2
15 7
8 4
10 2
34 8
6 2
51 27
28 21
47 22
19 4
71 25
48 27
89 43
17 12
93 28
62 7
78 10
79 62
12 6
74 49
4 2
53 11
48 3
65 9
60 36
67 64
48 16
82 27
83 52
51 46
83 24
67 2
44 23
76 75
51 34
83 82
3 3
30 29
61 3
46 33
55 45
48 41
33 4
83 39
38 26
74 39
50 32
22 4
58 10
32 4
25 17
44 29
83 81
37 12
21 21
42 24
64 55
92 2
84 7
2 2
62 42
57 27
7 5
35 23
74 24
82 22
10 2
62 41
82 60
97 79
6 6
82 25
74 16
66 25
92 60
86 65
90 14
34 24
51 18
15 11
54 48
81 64
38 20
43 42
44 12
16 12
9 5
54 8
10 10
57 24
66 50
98 13
36 8
73 47
59 38
68 38
26 12
63 30
49 19
8 4
38 7
54 38
100 71
14 9
20 9
87 40
58 38
3 2
25 6
95 33
67 7
31 23
89 3
26 10
55 25
88 24
88 58
3 3
66 43
75 42
50 6
2 2
40 24
45 16
21 10
26 21
26 2
66 39
65 29
72 58
29 13
34 15
57 25
80 16
39 3
23 9
13 3
49 43
15 8
30 30
13 13
24 4
75 43
66 20
57 5
57 46
74 48
74 33
72 3
17 14
54 39
97 55
74 19
2 2
87 59
19 13
56 23
30 16
34 26
92 35
94 6
69 64
56 47
73 73
75 50
5 4
78 10
57 41
39 12
94 33
82 36
72 16
73 33
89 26
5 3
93 46
56 12
61 47
29 22
47 30
57 27
71 36
97 24
53 14
65 26
68 54
26 9
21 12
29 18
41 22
80 68
46 21
22 5
49 26
20 20
69 57
51 29
66 33
41 9
99 10
78 49
73 73
5 5
11 4
8 6
57 48
15 5
96 28
62 4
71 64
46 45
71 68
40 11
15 15
86 64
63 55
41 29
7 5
37 5
87 23
78 69
33 23
10 2
49 23
49 9
100 38
27 15
83 74
78 69
93 7
14 10
27 23
99 97
17 8
60 6
37 30
35 34
27 4
93 93
7 5
74 59
73 36
30 25
64 46
12 10
72 23
5 4
43 19
55 36
57 28
96 2
32 14
79 48
3 3
60 41
71 14
43 21
89 34
37 26
30 16
57 53
96 31
31 29
22 21
70 64
45 5
75 2
32 30
97 18
75 10
88 79
32 11
97 87
71 29
78 24
78 4
69 32
22 5
54 20
2 2
67 23
8 6
28 16
78 62
42 29
53 51
76 11
76 45
6 6
34 3
86 74
12 5
40 21
91 80
9 9
90 57
88 78
89 82
87 3
99 75
3 2
90 36
12 11
91 21
2 2
39 20
54 48
2 2
45 43
88 29
48 44
54 28
60 52
57 46
77 9
81 46
24 13
52 24
55 45
63 7
45 28
99 87
6 4
2 2
27 3
100 75
69 7
16 14
5 2
99 96
52 25
9 9
34 11
78 65
28 17
23 4
91 11
22 6
26 19
98 8
94 36
50 7
18 15
10 9
11 4
81 2
27 6
65 16
52 50
32 11
12 12
83 48
92 28
75 38
89 15
61 59
41 2
40 2
41 21
86 49
34 16
19 19
48 25
34 7
69 46
39 22
20 2
16 13
66 31
64 30
85 28
16 7
9 4
90 36
47 41
25 16
55 42
91 64
52 3
14 2
84 39
60 20
55 36
77 74
85 24
85 77
10 3
46 35
82 22
61 36
75 17
3 3
39 2
55 42
89 61
73 11
51 13
78 66
23 6
37 24
60 46
99 17
2 2
6 4
55 40
29 25
67 59
67 14
29 14
34 27
18 18
51 7
89 27
40 22
18 6
9 9
96 7
60 5
61 21
47 28
45 35
80 15
71 34
53 21
93 82
11 5
96 73
43 43
57 50
26 9
8 5
18 10
84 5
84 24
8 5
97 51
95 80
78 72
21 15
23 9
97 6
78 5
58 23
61 45
54 48
39 11
79 41
6 4
22 22
24 8
74 25
78 72
17 13
78 62
10 9
79 22
31 18
35 32
83 78
70 45
30 26
46 5
51 6
13 9
32 3
81 19
43 2
44 14
56 48
70 46
51 46
42 6
9 4
100 13
26 18
80 26
18 5
19 16
43 27
20 8
5 2
94 56
56 17
60 48
4 3
13 6
89 76
99 91
25 16
71 21
58 44
71 48
18 13
80 79
65 30
65 64
14 13
6 5
58 56
62 41
28 9
35 30
71 52
98 75
16 13
53 12
67 28
10 8
55 18
88 74
88 44
4 4
41 32
9 4
95 81
60 51
23 22
35 26
62 46
55 23
67 17
57 6
18 8
3 2
63 51
93 77
85 69
30 11
64 13
32 28
63 21
46 31
8 5
74 4
100 98
72 2
8 7
99 38
6 4
85 11
18 9
10 4
19 3
67 66
45 7
55 5
99 89
57 42
39 10
90 28
85 59
64 21
44 33
7 3
29 6
51 2
44 36
15 4
82 76
38 33
82 33
75 11
21 16
13 2
28 12
31 11
6 6
20 2
96 2
51 50
17 17
50 25
10 10
50 21
72 25
22 11
71 59
29 17
86 21
7 2
81 43
60 47
52 51
68 27
35 25
57 43
47 14
44 4
3 3
50 2
4 3
85 49
73 55
98 61
58 15
85 82
44 27
53 41
35 25
9 8
13 9
54 36
82 44
11 3
53 28
13 5
23 20
48 8
63 55
19 7
5 4
99 48
15 14
2 2
78 50
15 3
38 8
23 10
92 79
97 28
58 31
99 46
49 18
74 68
36 5
87 38
9 6
23 11
88 63
66 59
55 26
54 51
68 48
49 40
49 20
39 6
11 9
65 8
50 27
57 26
29 11
49 36
43 36
62 14
56 18
25 17
69 61
28 15
33 22
12 3
67 38
39 2
12 5
98 19
95 16
59 21
17 13
46 39
12 7
7 4
17 16
48 16
15 4
77 29
81 9
12 12
11 5
30 28
75 71
40 39
57 47
71 27
99 13
79 24
9 2
3 3
12 5
58 47
99 62
2 2
6 5
96 88
4 3
43 24
82 14
6 6
84 60
42 4
44 12
60 25
59 23
95 33
90 83
53 22
10 9
81 25
76 46
53 24
2 2
96 75
80 75
5 5
82 77
89 63
42 30
5 3
90 41
18 14
69 5
12 8
33 32
2 2
48 15
56 30
33 23
20 16
13 4
68 42
22 10
89 53
23 15
22 13
20 19
42 11
7 2
59 7
88 40
87 44
71 14
49 19
45 5
46 27
7 2
62 43
99 38
46 4
29 19
84 47
25 12
98 60
52 51
72 63
27 10
63 57
34 23
63 24
46 41
3 2
10 5
45 29
49 10
91 21
52 29
58 25
85 9
75 36
68 47
62 55
88 35
69 6
20 17
40 33
87 42
79 28
70 29
10 4
88 8
28 14
68 58
43 5
13 11
30 16
2 2
91 4
74 18
69 27
96 91
26 11
98 71
60 28
86 65
42 11
43 15
85 75
8 5
61 38
66 60
7 6
19 14
98 89
87 65
19 17
40 21
2 2
81 60
33 13
11 11
21 13
11 10
40 33
50 23
40 16
49 20
61 39
70 60
15 10
91 71
96 11
80 12
29 28
28 4
38 15
91 81
18 15
33 30
90 2
88 30
58 46
83 54
